ev,ts,n_sched,n_reqs,n_tokens_unpadded,n_tokens_padded,cudagraph_mode,start,end,duration_ms,role,dp,tp,pid,overlap_ms,overlap_ratio,max_active_recv
forward_start,1780281084.1297834,47,47,47,48,FULL,1780281084.1297834,1780281084.129973,0.1895427703857422,decode,1,0,452712,0.0553131103515625,0.2918238993710692,1
forward_start,1780281084.1326973,42,42,42,48,FULL,1780281084.1326973,1780281084.1329203,0.22292137145996094,decode,0,0,452715,0.22292137145996094,1.0,1
forward_start,1780281084.14185,47,47,47,48,FULL,1780281084.14185,1780281084.1420386,0.18858909606933594,decode,1,0,452712,0.18858909606933594,1.0,1
forward_start,1780281084.1418898,42,42,42,48,FULL,1780281084.1418898,1780281084.1420965,0.2067089080810547,decode,0,0,452715,0.2067089080810547,1.0,1
forward_start,1780281084.1539083,47,47,47,48,FULL,1780281084.1539083,1780281084.1540956,0.18739700317382812,decode,1,0,452712,0.0,0.0,0
forward_start,1780281084.1539145,42,42,42,48,FULL,1780281084.1539145,1780281084.1541214,0.20694732666015625,decode,0,0,452715,0.0,0.0,0
forward_start,1780281084.166219,43,43,43,48,FULL,1780281084.166219,1780281084.1664608,0.24175643920898438,decode,0,0,452715,0.0,0.0,0
forward_start,1780281084.1662407,47,47,47,48,FULL,1780281084.1662407,1780281084.1664448,0.2040863037109375,decode,1,0,452712,0.0,0.0,0
forward_start,1780281084.1780658,43,43,43,48,FULL,1780281084.1780658,1780281084.1782622,0.1964569091796875,decode,0,0,452715,0.0,0.0,0
forward_start,1780281084.1781566,47,47,47,48,FULL,1780281084.1781566,1780281084.1783648,0.20813941955566406,decode,1,0,452712,0.0,0.0,0
forward_start,1780281084.1902423,43,43,43,48,FULL,1780281084.1902423,1780281084.190473,0.2307891845703125,decode,0,0,452715,0.0,0.0,0
forward_start,1780281084.1902895,47,47,47,48,FULL,1780281084.1902895,1780281084.1904967,0.2071857452392578,decode,1,0,452712,0.0,0.0,0
forward_start,1780281084.2027793,42,42,42,48,FULL,1780281084.2027793,1780281084.2029738,0.194549560546875,decode,0,0,452715,0.0,0.0,0
forward_start,1780281084.2028496,47,47,47,48,FULL,1780281084.2028496,1780281084.2030373,0.1876354217529297,decode,1,0,452712,0.0,0.0,0
forward_start,1780281084.214865,42,42,42,48,FULL,1780281084.214865,1780281084.2150595,0.194549560546875,decode,0,0,452715,0.0,0.0,0
forward_start,1780281084.2149582,47,47,47,48,FULL,1780281084.2149582,1780281084.2151477,0.1895427703857422,decode,1,0,452712,0.0,0.0,0
forward_start,1780281084.2274556,42,42,42,48,FULL,1780281084.2274556,1780281084.2276862,0.23055076599121094,decode,0,0,452715,0.0,0.0,0
forward_start,1780281084.2274854,47,47,47,48,FULL,1780281084.2274854,1780281084.227673,0.1876354217529297,decode,1,0,452712,0.0,0.0,0
forward_start,1780281084.2394042,42,42,42,48,FULL,1780281084.2394042,1780281084.2396135,0.20933151245117188,decode,0,0,452715,0.0,0.0,0
forward_start,1780281084.2394276,47,47,47,48,FULL,1780281084.2394276,1780281084.239614,0.18644332885742188,decode,1,0,452712,0.0,0.0,0
forward_start,1780281084.2515736,42,42,42,48,FULL,1780281084.2515736,1780281084.2517614,0.18787384033203125,decode,0,0,452715,0.0,0.0,0
forward_start,1780281084.2516525,47,47,47,48,FULL,1780281084.2516525,1780281084.2518337,0.1811981201171875,decode,1,0,452712,0.0,0.0,0
forward_start,1780281084.2643282,42,42,42,48,FULL,1780281084.2643282,1780281084.264582,0.2536773681640625,decode,0,0,452715,0.0,0.0,0
forward_start,1780281084.2643936,47,47,47,48,FULL,1780281084.2643936,1780281084.2645838,0.19025802612304688,decode,1,0,452712,0.0,0.0,0
forward_start,1780281084.2758791,42,42,42,48,FULL,1780281084.2758791,1780281084.2760863,0.2071857452392578,decode,0,0,452715,0.0,0.0,0
forward_start,1780281084.2759173,47,47,47,48,FULL,1780281084.2759173,1780281084.2761083,0.19097328186035156,decode,1,0,452712,0.0,0.0,0
forward_start,1780281084.2883599,47,47,47,48,FULL,1780281084.2883599,1780281084.2885525,0.1926422119140625,decode,1,0,452712,0.0,0.0,0
forward_start,1780281084.3023071,42,42,42,48,FULL,1780281084.3023071,1780281084.3026185,0.3113746643066406,decode,0,0,452715,0.3113746643066406,1.0,1
forward_start,1780281084.3051662,42,42,42,48,FULL,1780281084.3051662,1780281084.3053937,0.22745132446289062,decode,0,0,452715,0.22745132446289062,1.0,1
forward_start,1780281084.3052688,47,47,47,48,FULL,1780281084.3052688,1780281084.3054724,0.20360946655273438,decode,1,0,452712,0.20360946655273438,1.0,1
forward_start,1780281084.3164392,42,42,42,48,FULL,1780281084.3164392,1780281084.316631,0.1919269561767578,decode,0,0,452715,0.1919269561767578,1.0,1
forward_start,1780281084.3164747,47,47,47,48,FULL,1780281084.3164747,1780281084.3166494,0.1747608184814453,decode,1,0,452712,0.1747608184814453,1.0,1
forward_start,1780281084.328864,42,42,42,48,FULL,1780281084.328864,1780281084.3290596,0.19550323486328125,decode,0,0,452715,0.0,0.0,0
forward_start,1780281084.3289554,47,47,47,48,FULL,1780281084.3289554,1780281084.3291442,0.1888275146484375,decode,1,0,452712,0.0,0.0,0
forward_start,1780281084.3412018,43,43,43,48,FULL,1780281084.3412018,1780281084.34142,0.2181529998779297,decode,0,0,452715,0.0,0.0,0
forward_start,1780281084.3412895,47,47,47,48,FULL,1780281084.3412895,1780281084.3414927,0.20313262939453125,decode,1,0,452712,0.0,0.0,0
forward_start,1780281084.3531919,43,43,43,48,FULL,1780281084.3531919,1780281084.3534298,0.23794174194335938,decode,0,0,452715,0.0,0.0,0
forward_start,1780281084.353225,47,47,47,48,FULL,1780281084.353225,1780281084.3534322,0.2071857452392578,decode,1,0,452712,0.0,0.0,0
forward_start,1780281084.365484,47,47,47,48,FULL,1780281084.365484,1780281084.3656712,0.18715858459472656,decode,1,0,452712,0.0,0.0,0
forward_start,1780281084.3768883,43,43,43,48,FULL,1780281084.3768883,1780281084.37718,0.2918243408203125,decode,0,0,452715,0.2918243408203125,1.0,1
forward_start,1780281084.3799343,43,43,43,48,FULL,1780281084.3799343,1780281084.3801823,0.247955322265625,decode,0,0,452715,0.247955322265625,1.0,1
forward_start,1780281084.3799987,47,47,47,48,FULL,1780281084.3799987,1780281084.3801877,0.18906593322753906,decode,1,0,452712,0.18906593322753906,1.0,1
forward_start,1780281084.391142,43,43,43,48,FULL,1780281084.391142,1780281084.391352,0.21004676818847656,decode,0,0,452715,0.21004676818847656,1.0,1
forward_start,1780281084.391219,47,47,47,48,FULL,1780281084.391219,1780281084.3914163,0.19741058349609375,decode,1,0,452712,0.16570091247558594,0.8393719806763285,1
forward_start,1780281084.403241,43,43,43,48,FULL,1780281084.403241,1780281084.4034746,0.23365020751953125,decode,0,0,452715,0.0,0.0,0
forward_start,1780281084.4033287,47,47,47,48,FULL,1780281084.4033287,1780281084.4035347,0.20599365234375,decode,1,0,452712,0.0,0.0,0
forward_start,1780281084.4157925,44,44,44,48,FULL,1780281084.4157925,1780281084.4159842,0.19168853759765625,decode,0,0,452715,0.0,0.0,0
forward_start,1780281084.4158225,47,47,47,48,FULL,1780281084.4158225,1780281084.4160094,0.186920166015625,decode,1,0,452712,0.0,0.0,0
forward_start,1780281084.4279838,44,44,44,48,FULL,1780281084.4279838,1780281084.4281979,0.21409988403320312,decode,0,0,452715,0.0,0.0,0
forward_start,1780281084.4280314,47,47,47,48,FULL,1780281084.4280314,1780281084.4282198,0.18835067749023438,decode,1,0,452712,0.0,0.0,0
forward_start,1780281084.4404328,47,47,47,48,FULL,1780281084.4404328,1780281084.440621,0.1881122589111328,decode,1,0,452712,0.0,0.0,0
forward_start,1780281084.450851,44,44,44,48,FULL,1780281084.450851,1780281084.4511344,0.2834796905517578,decode,0,0,452715,0.2834796905517578,1.0,1
forward_start,1780281084.4539738,44,44,44,48,FULL,1780281084.4539738,1780281084.4542253,0.25153160095214844,decode,0,0,452715,0.34809112548828125,1.3838862559241707,2
forward_start,1780281084.4565072,47,47,47,48,FULL,1780281084.4565072,1780281084.4567482,0.2410411834716797,decode,1,0,452712,0.4820823669433594,2.0,2
forward_start,1780281084.465651,47,47,47,48,FULL,1780281084.465651,1780281084.4658346,0.18358230590820312,decode,1,0,452712,0.4901885986328125,2.67012987012987,3
forward_start,1780281084.4699106,44,44,44,48,FULL,1780281084.4699106,1780281084.470129,0.21839141845703125,decode,0,0,452715,0.4367828369140625,2.0,2
forward_start,1780281084.4781296,44,44,44,48,FULL,1780281084.4781296,1780281084.4783244,0.19478797912597656,decode,0,0,452715,0.19478797912597656,1.0,1
forward_start,1780281084.4781902,47,47,47,48,FULL,1780281084.4781902,1780281084.4783957,0.20551681518554688,decode,1,0,452712,0.19240379333496094,0.9361948955916474,1
forward_start,1780281084.4898171,45,45,45,48,FULL,1780281084.4898171,1780281084.4900107,0.19359588623046875,decode,0,0,452715,0.0,0.0,0
forward_start,1780281084.4898498,48,48,48,48,FULL,1780281084.4898498,1780281084.4900386,0.1888275146484375,decode,1,0,452712,0.0,0.0,0
forward_start,1780281084.5019484,46,46,46,48,FULL,1780281084.5019484,1780281084.5021434,0.19502639770507812,decode,0,0,452715,0.0,0.0,0
forward_start,1780281084.5019631,48,48,48,48,FULL,1780281084.5019631,1780281084.5021515,0.18835067749023438,decode,1,0,452712,0.0,0.0,0
forward_start,1780281084.5141158,48,48,48,48,FULL,1780281084.5141158,1780281084.5143037,0.18787384033203125,decode,1,0,452712,0.0,0.0,0
forward_start,1780281084.5141165,46,46,46,48,FULL,1780281084.5141165,1780281084.5143223,0.20575523376464844,decode,0,0,452715,0.0,0.0,0
forward_start,1780281084.5265236,46,46,46,48,FULL,1780281084.5265236,1780281084.5267274,0.20384788513183594,decode,0,0,452715,0.0,0.0,0
forward_start,1780281084.532399,48,48,48,48,FULL,1780281084.532399,1780281084.5326219,0.22292137145996094,decode,1,0,452712,0.22292137145996094,1.0,1
forward_start,1780281084.538557,48,48,48,48,FULL,1780281084.538557,1780281084.538765,0.2079010009765625,decode,1,0,452712,0.2079010009765625,1.0,1
forward_start,1780281084.5385628,46,46,46,48,FULL,1780281084.5385628,1780281084.538766,0.20313262939453125,decode,0,0,452715,0.20313262939453125,1.0,1
forward_start,1780281084.550784,48,48,48,48,FULL,1780281084.550784,1780281084.550974,0.18978118896484375,decode,1,0,452712,0.18978118896484375,1.0,1
forward_start,1780281084.5603771,46,46,46,48,FULL,1780281084.5603771,1780281084.5606773,0.3001689910888672,decode,0,0,452715,0.3001689910888672,1.0,1
forward_start,1780281084.5639083,48,48,48,48,FULL,1780281084.5639083,1780281084.5640922,0.1838207244873047,decode,1,0,452712,0.1838207244873047,1.0,1
forward_start,1780281084.5639913,46,46,46,48,FULL,1780281084.5639913,1780281084.5642538,0.2624988555908203,decode,0,0,452715,0.2624988555908203,1.0,1
forward_start,1780281084.575151,46,46,46,56,FULL,1780281084.575151,1780281084.5753863,0.2353191375732422,decode,0,0,452715,0.2353191375732422,1.0,1
forward_start,1780281084.5752091,49,49,49,56,FULL,1780281084.5752091,1780281084.5754225,0.21338462829589844,decode,1,0,452712,0.21338462829589844,1.0,1
forward_start,1780281084.5872924,49,49,49,56,FULL,1780281084.5872924,1780281084.587511,0.2186298370361328,decode,1,0,452712,0.1285076141357422,0.5877862595419847,1
forward_start,1780281084.587982,46,46,46,56,FULL,1780281084.587982,1780281084.5882077,0.2257823944091797,decode,0,0,452715,0.2257823944091797,1.0,1
forward_start,1780281084.599784,49,49,49,56,FULL,1780281084.599784,1780281084.5999699,0.18596649169921875,decode,1,0,452712,0.18596649169921875,1.0,1
forward_start,1780281084.599794,47,47,47,56,FULL,1780281084.599794,1780281084.6000018,0.2079010009765625,decode,0,0,452715,0.2079010009765625,1.0,1
forward_start,1780281084.6115324,47,47,47,56,FULL,1780281084.6115324,1780281084.611733,0.20051002502441406,decode,0,0,452715,0.0,0.0,0
forward_start,1780281084.6115851,49,49,49,56,FULL,1780281084.6115851,1780281084.6117694,0.1842975616455078,decode,1,0,452712,0.0,0.0,0
forward_start,1780281084.624138,48,48,48,56,FULL,1780281084.624138,1780281084.6243606,0.2224445343017578,decode,0,0,452715,0.0,0.0,0
forward_start,1780281084.62417,49,49,49,56,FULL,1780281084.62417,1780281084.6243792,0.2090930938720703,decode,1,0,452712,0.0,0.0,0
forward_start,1780281084.6364202,49,49,49,56,FULL,1780281084.6364202,1780281084.636607,0.18668174743652344,decode,1,0,452712,0.0,0.0,0
forward_start,1780281084.645883,48,48,48,56,FULL,1780281084.645883,1780281084.646203,0.3199577331542969,decode,0,0,452715,0.3199577331542969,1.0,1
forward_start,1780281084.649051,48,48,48,56,FULL,1780281084.649051,1780281084.6493316,0.28061866760253906,decode,0,0,452715,0.28061866760253906,1.0,1
forward_start,1780281084.649062,49,49,49,56,FULL,1780281084.649062,1780281084.6492524,0.19049644470214844,decode,1,0,452712,0.19049644470214844,1.0,1
forward_start,1780281084.6608815,48,48,48,56,FULL,1780281084.6608815,1780281084.6610847,0.20313262939453125,decode,0,0,452715,0.20313262939453125,1.0,1
forward_start,1780281084.6609035,49,49,49,56,FULL,1780281084.6609035,1780281084.6611044,0.2009868621826172,decode,1,0,452712,0.2009868621826172,1.0,1
forward_start,1780281084.672848,48,48,48,56,FULL,1780281084.672848,1780281084.6730404,0.19240379333496094,decode,0,0,452715,0.0,0.0,0
forward_start,1780281084.6729143,49,49,49,56,FULL,1780281084.6729143,1780281084.673103,0.1888275146484375,decode,1,0,452712,0.0,0.0,0
forward_start,1780281084.6854959,49,49,49,56,FULL,1780281084.6854959,1780281084.6856997,0.20384788513183594,decode,0,0,452715,0.0,0.0,0
forward_start,1780281084.685535,49,49,49,56,FULL,1780281084.685535,1780281084.6857245,0.1895427703857422,decode,1,0,452712,0.0,0.0,0
forward_start,1780281084.6977682,49,49,49,56,FULL,1780281084.6977682,1780281084.6979556,0.18739700317382812,decode,1,0,452712,0.0,0.0,0
forward_start,1780281084.7146022,49,49,49,56,FULL,1780281084.7146022,1780281084.714798,0.1957416534423828,decode,0,0,452715,0.1957416534423828,1.0,1
forward_start,1780281084.7177136,49,49,49,56,FULL,1780281084.7177136,1780281084.7178946,0.18095970153808594,decode,1,0,452712,0.18095970153808594,1.0,1
forward_start,1780281084.717719,49,49,49,56,FULL,1780281084.717719,1780281084.717932,0.2129077911376953,decode,0,0,452715,0.2129077911376953,1.0,1
forward_start,1780281084.7292254,49,49,49,56,FULL,1780281084.7292254,1780281084.7294703,0.2448558807373047,decode,0,0,452715,0.2448558807373047,1.0,1
forward_start,1780281084.729258,49,49,49,56,FULL,1780281084.729258,1780281084.7294688,0.21076202392578125,decode,1,0,452712,0.21076202392578125,1.0,1
forward_start,1780281084.7416117,49,49,49,56,FULL,1780281084.7416117,1780281084.7418156,0.20384788513183594,decode,0,0,452715,0.03790855407714844,0.18596491228070175,1
forward_start,1780281084.7422504,49,49,49,56,FULL,1780281084.7422504,1780281084.7425022,0.25177001953125,decode,1,0,452712,0.25177001953125,1.0,1
forward_start,1780281084.7540193,49,49,49,56,FULL,1780281084.7540193,1780281084.754205,0.1857280731201172,decode,1,0,452712,0.3230571746826172,1.7394094993581515,2
forward_start,1780281084.7559242,50,50,50,56,FULL,1780281084.7559242,1780281084.7561464,0.22220611572265625,decode,0,0,452715,0.22220611572265625,1.0,1
forward_start,1780281084.7662265,49,49,49,56,FULL,1780281084.7662265,1780281084.766469,0.24247169494628906,decode,0,0,452715,0.24247169494628906,1.0,1
forward_start,1780281084.766256,49,49,49,56,FULL,1780281084.766256,1780281084.7664657,0.20956993103027344,decode,1,0,452712,0.20956993103027344,1.0,1
forward_start,1780281084.7787542,49,49,49,56,FULL,1780281084.7787542,1780281084.7789428,0.18858909606933594,decode,1,0,452712,0.0,0.0,0
forward_start,1780281084.7787783,49,49,49,56,FULL,1780281084.7787783,1780281084.7789826,0.20432472229003906,decode,0,0,452715,0.0,0.0,0
forward_start,1780281084.7911472,49,49,49,56,FULL,1780281084.7911472,1780281084.7913544,0.2071857452392578,decode,1,0,452712,0.0,0.0,0
forward_start,1780281084.7911918,50,50,50,56,FULL,1780281084.7911918,1780281084.7916362,0.4444122314453125,decode,0,0,452715,0.0,0.0,0
forward_start,1780281084.8034868,49,49,49,56,FULL,1780281084.8034868,1780281084.8036716,0.18477439880371094,decode,1,0,452712,0.0,0.0,0
forward_start,1780281084.8035364,49,49,49,56,FULL,1780281084.8035364,1780281084.8037488,0.2124309539794922,decode,0,0,452715,0.0,0.0,0
forward_start,1780281084.815649,49,49,49,56,FULL,1780281084.815649,1780281084.815836,0.186920166015625,decode,1,0,452712,0.017404556274414062,0.09311224489795919,1
forward_start,1780281084.821565,48,48,48,56,FULL,1780281084.821565,1780281084.82179,0.225067138671875,decode,0,0,452715,0.225067138671875,1.0,1
forward_start,1780281084.8280704,48,48,48,56,FULL,1780281084.8280704,1780281084.828287,0.21648406982421875,decode,0,0,452715,0.396728515625,1.8325991189427313,2
forward_start,1780281084.8286095,49,49,49,56,FULL,1780281084.8286095,1780281084.8288496,0.24008750915527344,decode,1,0,452712,0.24008750915527344,1.0,1
forward_start,1780281084.840185,49,49,49,56,FULL,1780281084.840185,1780281084.840394,0.2090930938720703,decode,1,0,452712,0.2090930938720703,1.0,1
forward_start,1780281084.8402245,48,48,48,56,FULL,1780281084.8402245,1780281084.8404646,0.24008750915527344,decode,0,0,452715,0.20623207092285156,0.858987090367428,1
forward_start,1780281084.8526173,49,49,49,56,FULL,1780281084.8526173,1780281084.8528094,0.19216537475585938,decode,1,0,452712,0.0,0.0,0
forward_start,1780281084.8526335,49,49,49,56,FULL,1780281084.8526335,1780281084.8528435,0.21004676818847656,decode,0,0,452715,0.0,0.0,0
forward_start,1780281084.8651733,49,49,49,56,FULL,1780281084.8651733,1780281084.865407,0.23365020751953125,decode,0,0,452715,0.0,0.0,0
forward_start,1780281084.8651855,50,50,50,56,FULL,1780281084.8651855,1780281084.8653946,0.2090930938720703,decode,1,0,452712,0.0,0.0,0
forward_start,1780281084.8779292,50,50,50,56,FULL,1780281084.8779292,1780281084.8781166,0.18739700317382812,decode,1,0,452712,0.0,0.0,0
forward_start,1780281084.8779547,48,48,48,56,FULL,1780281084.8779547,1780281084.8781607,0.20599365234375,decode,0,0,452715,0.0,0.0,0
forward_start,1780281084.8897223,50,50,50,56,FULL,1780281084.8897223,1780281084.88991,0.1876354217529297,decode,1,0,452712,0.0,0.0,0
forward_start,1780281084.889799,48,48,48,56,FULL,1780281084.889799,1780281084.890008,0.20885467529296875,decode,0,0,452715,0.0,0.0,0
forward_start,1780281084.901987,48,48,48,56,FULL,1780281084.901987,1780281084.902193,0.20599365234375,decode,0,0,452715,0.0,0.0,0
forward_start,1780281084.902027,50,50,50,56,FULL,1780281084.902027,1780281084.902212,0.1850128173828125,decode,1,0,452712,0.0,0.0,0
forward_start,1780281084.9163907,50,50,50,56,FULL,1780281084.9163907,1780281084.91663,0.23937225341796875,decode,1,0,452712,0.4787445068359375,2.0,2
forward_start,1780281084.9242826,48,48,48,56,FULL,1780281084.9242826,1780281084.9246104,0.32782554626464844,decode,0,0,452715,0.6556510925292969,2.0,2
forward_start,1780281084.9274032,48,48,48,56,FULL,1780281084.9274032,1780281084.9276643,0.26106834411621094,decode,0,0,452715,0.5221366882324219,2.0,2
forward_start,1780281084.927461,50,50,50,56,FULL,1780281084.927461,1780281084.9276488,0.18787384033203125,decode,1,0,452712,0.3757476806640625,2.0,2
forward_start,1780281084.9393144,48,48,48,56,FULL,1780281084.9393144,1780281084.9395769,0.2624988555908203,decode,0,0,452715,0.0,0.0,0
forward_start,1780281084.9393203,50,50,50,56,FULL,1780281084.9393203,1780281084.9395206,0.2002716064453125,decode,1,0,452712,0.0,0.0,0
forward_start,1780281084.951386,49,49,49,56,FULL,1780281084.951386,1780281084.9516287,0.24271011352539062,decode,0,0,452715,0.0,0.0,0
forward_start,1780281084.9513924,51,51,51,56,FULL,1780281084.9513924,1780281084.9515805,0.1881122589111328,decode,1,0,452712,0.0,0.0,0
forward_start,1780281084.9636312,49,49,49,56,FULL,1780281084.9636312,1780281084.9638324,0.20122528076171875,decode,0,0,452715,0.0,0.0,0
forward_start,1780281084.963633,51,51,51,56,FULL,1780281084.963633,1780281084.9638188,0.1857280731201172,decode,1,0,452712,0.0,0.0,0
forward_start,1780281084.9761605,49,49,49,56,FULL,1780281084.9761605,1780281084.976392,0.2315044403076172,decode,0,0,452715,0.0,0.0,0
forward_start,1780281084.976176,51,51,51,56,FULL,1780281084.976176,1780281084.976381,0.20503997802734375,decode,1,0,452712,0.0,0.0,0
forward_start,1780281084.9889529,51,51,51,56,FULL,1780281084.9889529,1780281084.98914,0.18715858459472656,decode,1,0,452712,0.0,0.0,0
forward_start,1780281084.989018,49,49,49,56,FULL,1780281084.989018,1780281084.9892342,0.2162456512451172,decode,0,0,452715,0.0,0.0,0
forward_start,1780281085.0008817,51,51,51,56,FULL,1780281085.0008817,1780281085.0010684,0.18668174743652344,decode,1,0,452712,0.0,0.0,0
forward_start,1780281085.000888,49,49,49,56,FULL,1780281085.000888,1780281085.0010862,0.19812583923339844,decode,0,0,452715,0.0,0.0,0
forward_start,1780281085.013174,49,49,49,56,FULL,1780281085.013174,1780281085.0136244,0.45037269592285156,decode,0,0,452715,0.0,0.0,0
forward_start,1780281085.0132725,51,51,51,56,FULL,1780281085.0132725,1780281085.0134997,0.22721290588378906,decode,1,0,452712,0.0,0.0,0
forward_start,1780281085.0254838,49,49,49,56,FULL,1780281085.0254838,1780281085.0256872,0.2033710479736328,decode,0,0,452715,0.0,0.0,0
forward_start,1780281085.0255837,51,51,51,56,FULL,1780281085.0255837,1780281085.0257661,0.1823902130126953,decode,1,0,452712,0.0,0.0,0
forward_start,1780281085.0379572,48,48,48,56,FULL,1780281085.0379572,1780281085.0381603,0.20313262939453125,decode,0,0,452715,0.0,0.0,0
forward_start,1780281085.0379646,51,51,51,56,FULL,1780281085.0379646,1780281085.0381525,0.18787384033203125,decode,1,0,452712,0.0,0.0,0
forward_start,1780281085.04993,51,51,51,56,FULL,1780281085.04993,1780281085.0501022,0.17213821411132812,decode,1,0,452712,0.0,0.0,0
forward_start,1780281085.0499997,48,48,48,56,FULL,1780281085.0499997,1780281085.050207,0.2071857452392578,decode,0,0,452715,0.0,0.0,0
forward_start,1780281085.0627291,50,50,50,56,FULL,1780281085.0627291,1780281085.062906,0.17690658569335938,decode,1,0,452712,0.0,0.0,0
forward_start,1780281085.0627453,48,48,48,56,FULL,1780281085.0627453,1780281085.062953,0.20766258239746094,decode,0,0,452715,0.0,0.0,0
forward_start,1780281085.074969,49,49,49,56,FULL,1780281085.074969,1780281085.075142,0.1728534698486328,decode,1,0,452712,0.0,0.0,0
forward_start,1780281085.0749917,48,48,48,56,FULL,1780281085.0749917,1780281085.0751932,0.2014636993408203,decode,0,0,452715,0.0,0.0,0
forward_start,1780281085.0876212,48,48,48,56,FULL,1780281085.0876212,1780281085.0878263,0.20503997802734375,decode,0,0,452715,0.0,0.0,0
forward_start,1780281085.087637,49,49,49,56,FULL,1780281085.087637,1780281085.0878243,0.18739700317382812,decode,1,0,452712,0.0,0.0,0
forward_start,1780281085.1050668,49,49,49,56,FULL,1780281085.1050668,1780281085.105316,0.2491474151611328,decode,1,0,452712,0.4982948303222656,2.0,2
forward_start,1780281085.1106992,48,48,48,56,FULL,1780281085.1106992,1780281085.1110015,0.30231475830078125,decode,0,0,452715,0.6046295166015625,2.0,2
forward_start,1780281085.114001,49,49,49,56,FULL,1780281085.114001,1780281085.1141846,0.18358230590820312,decode,1,0,452712,0.36716461181640625,2.0,2
forward_start,1780281085.120483,48,48,48,56,FULL,1780281085.120483,1780281085.1207159,0.23293495178222656,decode,0,0,452715,0.4658699035644531,2.0,2
forward_start,1780281085.125424,47,47,47,56,FULL,1780281085.125424,1780281085.1256394,0.2155303955078125,decode,0,0,452715,0.43487548828125,2.017699115044248,3
forward_start,1780281085.1280239,49,49,49,56,FULL,1780281085.1280239,1780281085.128265,0.2410411834716797,decode,1,0,452712,0.4820823669433594,2.0,2
forward_start,1780281085.1379871,46,46,46,56,FULL,1780281085.1379871,1780281085.1381855,0.1983642578125,decode,0,0,452715,0.396728515625,2.0,2
forward_start,1780281085.1380196,50,50,50,56,FULL,1780281085.1380196,1780281085.1382062,0.18668174743652344,decode,1,0,452712,0.3733634948730469,2.0,2
forward_start,1780281085.1503317,47,47,47,56,FULL,1780281085.1503317,1780281085.1505876,0.25582313537597656,decode,0,0,452715,0.0,0.0,0
forward_start,1780281085.150351,50,50,50,56,FULL,1780281085.150351,1780281085.1505377,0.18668174743652344,decode,1,0,452712,0.0,0.0,0
forward_start,1780281085.1625435,48,48,48,56,FULL,1780281085.1625435,1780281085.1627467,0.20313262939453125,decode,0,0,452715,0.0,0.0,0
forward_start,1780281085.1625617,51,51,51,56,FULL,1780281085.1625617,1780281085.1627502,0.18858909606933594,decode,1,0,452712,0.0,0.0,0
forward_start,1780281085.1748273,48,48,48,56,FULL,1780281085.1748273,1780281085.1750321,0.2048015594482422,decode,0,0,452715,0.0,0.0,0
forward_start,1780281085.1748335,51,51,51,56,FULL,1780281085.1748335,1780281085.1750214,0.18787384033203125,decode,1,0,452712,0.0,0.0,0
forward_start,1780281085.1869268,51,51,51,56,FULL,1780281085.1869268,1780281085.1871111,0.1842975616455078,decode,1,0,452712,0.0,0.0,0
forward_start,1780281085.1869323,48,48,48,56,FULL,1780281085.1869323,1780281085.1871266,0.19431114196777344,decode,0,0,452715,0.0,0.0,0
forward_start,1780281085.1989748,48,48,48,56,FULL,1780281085.1989748,1780281085.1991813,0.20647048950195312,decode,0,0,452715,0.0,0.0,0
forward_start,1780281085.1990204,51,51,51,56,FULL,1780281085.1990204,1780281085.1992066,0.1862049102783203,decode,1,0,452712,0.0,0.0,0
forward_start,1780281085.2116017,51,51,51,56,FULL,1780281085.2116017,1780281085.2117894,0.1876354217529297,decode,1,0,452712,0.09775161743164062,0.5209656925031766,1
forward_start,1780281085.21341,48,48,48,56,FULL,1780281085.21341,1780281085.2136476,0.2377033233642578,decode,0,0,452715,0.2377033233642578,1.0,1
forward_start,1780281085.223681,48,48,48,56,FULL,1780281085.223681,1780281085.223883,0.20194053649902344,decode,0,0,452715,0.20194053649902344,1.0,1
forward_start,1780281085.223702,51,51,51,56,FULL,1780281085.223702,1780281085.223888,0.18596649169921875,decode,1,0,452712,0.18596649169921875,1.0,1
forward_start,1780281085.236022,48,48,48,56,FULL,1780281085.236022,1780281085.236222,0.20003318786621094,decode,0,0,452715,0.1323223114013672,0.6615017878426699,1
forward_start,1780281085.2377753,51,51,51,56,FULL,1780281085.2377753,1780281085.2380102,0.23484230041503906,decode,1,0,452712,0.23484230041503906,1.0,1
forward_start,1780281085.2482738,49,49,49,56,FULL,1780281085.2482738,1780281085.2485185,0.24461746215820312,decode,0,0,452715,0.24461746215820312,1.0,1
forward_start,1780281085.2483168,51,51,51,56,FULL,1780281085.2483168,1780281085.2485206,0.20384788513183594,decode,1,0,452712,0.20384788513183594,1.0,1
forward_start,1780281085.2607105,48,48,48,56,FULL,1780281085.2607105,1780281085.2609322,0.22172927856445312,decode,0,0,452715,0.0,0.0,0
forward_start,1780281085.2607408,51,51,51,56,FULL,1780281085.2607408,1780281085.2609255,0.18477439880371094,decode,1,0,452712,0.0,0.0,0
forward_start,1780281085.2739265,48,48,48,56,FULL,1780281085.2739265,1780281085.274133,0.20647048950195312,decode,0,0,452715,0.0,0.0,0
forward_start,1780281085.2739604,52,52,52,56,FULL,1780281085.2739604,1780281085.2741451,0.18477439880371094,decode,1,0,452712,0.0,0.0,0
forward_start,1780281085.2850742,48,48,48,56,FULL,1780281085.2850742,1780281085.2852786,0.20432472229003906,decode,0,0,452715,0.0,0.0,0
forward_start,1780281085.2851055,52,52,52,56,FULL,1780281085.2851055,1780281085.2852924,0.186920166015625,decode,1,0,452712,0.0,0.0,0
forward_start,1780281085.2972267,48,48,48,56,FULL,1780281085.2972267,1780281085.2974682,0.2415180206298828,decode,0,0,452715,0.0,0.0,0
forward_start,1780281085.2972686,52,52,52,56,FULL,1780281085.2972686,1780281085.2974699,0.20122528076171875,decode,1,0,452712,0.0,0.0,0
forward_start,1780281085.3093305,48,48,48,56,FULL,1780281085.3093305,1780281085.3095722,0.24175643920898438,decode,0,0,452715,0.0,0.0,0
forward_start,1780281085.3093984,52,52,52,56,FULL,1780281085.3093984,1780281085.3095865,0.1881122589111328,decode,1,0,452712,0.0,0.0,0
forward_start,1780281085.321698,48,48,48,56,FULL,1780281085.321698,1780281085.3219037,0.20575523376464844,decode,0,0,452715,0.0,0.0,0
forward_start,1780281085.3217282,52,52,52,56,FULL,1780281085.3217282,1780281085.3219142,0.18596649169921875,decode,1,0,452712,0.0,0.0,0
forward_start,1780281085.3342068,48,48,48,56,FULL,1780281085.3342068,1780281085.3344471,0.240325927734375,decode,0,0,452715,0.0,0.0,0
forward_start,1780281085.3342383,51,51,51,56,FULL,1780281085.3342383,1780281085.3344464,0.20813941955566406,decode,1,0,452712,0.0,0.0,0
forward_start,1780281085.346665,51,51,51,56,FULL,1780281085.346665,1780281085.346849,0.18405914306640625,decode,1,0,452712,0.09322166442871094,0.5064766839378239,1
forward_start,1780281085.3486345,48,48,48,56,FULL,1780281085.3486345,1780281085.3488576,0.2231597900390625,decode,0,0,452715,0.2231597900390625,1.0,1
forward_start,1780281085.3587916,51,51,51,56,FULL,1780281085.3587916,1780281085.3589735,0.1819133758544922,decode,1,0,452712,0.1819133758544922,1.0,1
forward_start,1780281085.3588243,48,48,48,56,FULL,1780281085.3588243,1780281085.3590322,0.2079010009765625,decode,0,0,452715,0.2079010009765625,1.0,1
forward_start,1780281085.3711681,47,47,47,56,FULL,1780281085.3711681,1780281085.3714006,0.23245811462402344,decode,0,0,452715,0.0,0.0,0
forward_start,1780281085.3711877,51,51,51,56,FULL,1780281085.3711877,1780281085.3713925,0.2048015594482422,decode,1,0,452712,0.0,0.0,0
forward_start,1780281085.383608,51,51,51,56,FULL,1780281085.383608,1780281085.3837957,0.1876354217529297,decode,1,0,452712,0.03314018249511719,0.17662007623888182,1
forward_start,1780281085.3874836,48,48,48,56,FULL,1780281085.3874836,1780281085.3877146,0.23102760314941406,decode,0,0,452715,0.23102760314941406,1.0,1
forward_start,1780281085.3956487,48,48,48,56,FULL,1780281085.3956487,1780281085.3958535,0.2048015594482422,decode,0,0,452715,0.2627372741699219,1.2828870779976718,2
forward_start,1780281085.4003632,51,51,51,56,FULL,1780281085.4003632,1780281085.400607,0.24390220642089844,decode,1,0,452712,0.24390220642089844,1.0,1
forward_start,1780281085.4081237,51,51,51,56,FULL,1780281085.4081237,1780281085.4083078,0.18405914306640625,decode,1,0,452712,0.3001689910888672,1.6308290155440415,2
forward_start,1780281085.4099476,48,48,48,56,FULL,1780281085.4099476,1780281085.4101706,0.22292137145996094,decode,0,0,452715,0.22292137145996094,1.0,1
forward_start,1780281085.4207773,51,51,51,56,FULL,1780281085.4207773,1780281085.4209642,0.186920166015625,decode,1,0,452712,0.186920166015625,1.0,1
forward_start,1780281085.4208167,49,49,49,56,FULL,1780281085.4208167,1780281085.4210255,0.20885467529296875,decode,0,0,452715,0.20885467529296875,1.0,1
forward_start,1780281085.4328418,52,52,52,56,FULL,1780281085.4328418,1780281085.4330285,0.18668174743652344,decode,1,0,452712,0.0,0.0,0
forward_start,1780281085.432873,49,49,49,56,FULL,1780281085.432873,1780281085.4330857,0.21266937255859375,decode,0,0,452715,0.0,0.0,0
forward_start,1780281085.4454403,50,50,50,56,FULL,1780281085.4454403,1780281085.4456425,0.202178955078125,decode,0,0,452715,0.0,0.0,0
forward_start,1780281085.4454994,52,52,52,56,FULL,1780281085.4454994,1780281085.4456835,0.18405914306640625,decode,1,0,452712,0.0,0.0,0
forward_start,1780281085.4576511,51,51,51,56,FULL,1780281085.4576511,1780281085.457845,0.1938343048095703,decode,1,0,452712,0.0,0.0,0
forward_start,1780281085.4579184,50,50,50,56,FULL,1780281085.4579184,1780281085.4581456,0.22721290588378906,decode,0,0,452715,0.0,0.0,0
forward_start,1780281085.4698853,51,51,51,56,FULL,1780281085.4698853,1780281085.4700794,0.19407272338867188,decode,1,0,452712,0.0,0.0,0
forward_start,1780281085.4699295,50,50,50,56,FULL,1780281085.4699295,1780281085.4701474,0.21791458129882812,decode,0,0,452715,0.0,0.0,0
forward_start,1780281085.4823148,50,50,50,56,FULL,1780281085.4823148,1780281085.482521,0.20623207092285156,decode,1,0,452712,0.0,0.0,0
forward_start,1780281085.4823647,49,49,49,56,FULL,1780281085.4823647,1780281085.4826014,0.23674964904785156,decode,0,0,452715,0.0,0.0,0
forward_start,1780281085.494516,50,50,50,56,FULL,1780281085.494516,1780281085.4947033,0.18739700317382812,decode,1,0,452712,0.0,0.0,0
forward_start,1780281085.494574,49,49,49,56,FULL,1780281085.494574,1780281085.4947937,0.21958351135253906,decode,0,0,452715,0.0,0.0,0
forward_start,1780281085.5068738,49,49,49,56,FULL,1780281085.5068738,1780281085.5070755,0.20170211791992188,decode,0,0,452715,0.0,0.0,0
forward_start,1780281085.5068989,50,50,50,56,FULL,1780281085.5068989,1780281085.5070853,0.18644332885742188,decode,1,0,452712,0.0,0.0,0
forward_start,1780281085.5191348,49,49,49,56,FULL,1780281085.5191348,1780281085.5193586,0.2238750457763672,decode,0,0,452715,0.0,0.0,0
forward_start,1780281085.519185,50,50,50,56,FULL,1780281085.519185,1780281085.5193925,0.20742416381835938,decode,1,0,452712,0.0,0.0,0
forward_start,1780281085.531688,49,49,49,56,FULL,1780281085.531688,1780281085.5318947,0.2067089080810547,decode,0,0,452715,0.09107589721679688,0.4405997693194925,1
forward_start,1780281085.533228,50,50,50,56,FULL,1780281085.533228,1780281085.5334795,0.25153160095214844,decode,1,0,452712,0.25153160095214844,1.0,1
forward_start,1780281085.543871,49,49,49,56,FULL,1780281085.543871,1780281085.5440705,0.1995563507080078,decode,0,0,452715,0.1995563507080078,1.0,1
forward_start,1780281085.5439007,50,50,50,56,FULL,1780281085.5439007,1780281085.5440865,0.1857280731201172,decode,1,0,452712,0.1857280731201172,1.0,1
forward_start,1780281085.5560772,49,49,49,56,FULL,1780281085.5560772,1780281085.5562813,0.2040863037109375,decode,0,0,452715,0.0,0.0,0
forward_start,1780281085.5561283,50,50,50,56,FULL,1780281085.5561283,1780281085.5563135,0.18525123596191406,decode,1,0,452712,0.0,0.0,0
forward_start,1780281085.5686674,47,47,47,56,FULL,1780281085.5686674,1780281085.5688586,0.19121170043945312,decode,0,0,452715,0.0,0.0,0
forward_start,1780281085.5687103,49,49,49,56,FULL,1780281085.5687103,1780281085.5688949,0.18453598022460938,decode,1,0,452712,0.0,0.0,0
forward_start,1780281085.581131,47,47,47,48,FULL,1780281085.581131,1780281085.5813768,0.24580955505371094,decode,0,0,452715,0.0,0.0,0
forward_start,1780281085.5811489,47,47,47,48,FULL,1780281085.5811489,1780281085.5814006,0.25177001953125,decode,1,0,452712,0.0,0.0,0
forward_start,1780281085.5932522,47,47,47,48,FULL,1780281085.5932522,1780281085.5934918,0.2396106719970703,decode,0,0,452715,0.0,0.0,0
forward_start,1780281085.5932908,47,47,47,48,FULL,1780281085.5932908,1780281085.5935304,0.2396106719970703,decode,1,0,452712,0.0,0.0,0
forward_start,1780281085.6052098,47,47,47,48,FULL,1780281085.6052098,1780281085.6054423,0.23245811462402344,decode,0,0,452715,0.0,0.0,0
forward_start,1780281085.6052456,47,47,47,48,FULL,1780281085.6052456,1780281085.6054676,0.2219676971435547,decode,1,0,452712,0.0,0.0,0
forward_start,1780281085.6179202,46,46,46,48,FULL,1780281085.6179202,1780281085.6181278,0.20766258239746094,decode,0,0,452715,0.0,0.0,0
forward_start,1780281085.6179528,47,47,47,48,FULL,1780281085.6179528,1780281085.6181438,0.19097328186035156,decode,1,0,452712,0.0,0.0,0
forward_start,1780281085.6300762,47,47,47,48,FULL,1780281085.6300762,1780281085.630268,0.1919269561767578,decode,1,0,452712,0.14138221740722656,0.7366459627329193,1
forward_start,1780281085.634908,46,46,46,48,FULL,1780281085.634908,1780281085.635125,0.21696090698242188,decode,0,0,452715,0.21696090698242188,1.0,1
forward_start,1780281085.6420546,46,46,46,48,FULL,1780281085.6420546,1780281085.642259,0.20432472229003906,decode,0,0,452715,0.20432472229003906,1.0,1
forward_start,1780281085.6421106,47,47,47,48,FULL,1780281085.6421106,1780281085.642298,0.18739700317382812,decode,1,0,452712,0.1850128173828125,0.9872773536895675,1
forward_start,1780281085.6543155,46,46,46,48,FULL,1780281085.6543155,1780281085.6545851,0.2696514129638672,decode,0,0,452715,0.0,0.0,0
forward_start,1780281085.6544402,47,47,47,48,FULL,1780281085.6544402,1780281085.6546304,0.19025802612304688,decode,1,0,452712,0.0,0.0,0
forward_start,1780281085.667446,47,47,47,48,FULL,1780281085.667446,1780281085.6676512,0.2052783966064453,decode,0,0,452715,0.0,0.0,0
forward_start,1780281085.667485,47,47,47,48,FULL,1780281085.667485,1780281085.667677,0.1919269561767578,decode,1,0,452712,0.0,0.0,0
forward_start,1780281085.6790912,47,47,47,48,FULL,1780281085.6790912,1780281085.679291,0.19979476928710938,decode,0,0,452715,0.0,0.0,0
forward_start,1780281085.6791108,47,47,47,48,FULL,1780281085.6791108,1780281085.6793013,0.19049644470214844,decode,1,0,452712,0.0,0.0,0
forward_start,1780281085.6914027,47,47,47,48,FULL,1780281085.6914027,1780281085.691593,0.19025802612304688,decode,1,0,452712,0.0,0.0,0
forward_start,1780281085.697181,47,47,47,48,FULL,1780281085.697181,1780281085.697442,0.26106834411621094,decode,0,0,452715,0.26106834411621094,1.0,1
forward_start,1780281085.703697,47,47,47,48,FULL,1780281085.703697,1780281085.7038786,0.18167495727539062,decode,1,0,452712,0.18167495727539062,1.0,1
forward_start,1780281085.7037036,47,47,47,48,FULL,1780281085.7037036,1780281085.7039146,0.2110004425048828,decode,0,0,452715,0.2110004425048828,1.0,1
forward_start,1780281085.7160375,47,47,47,48,FULL,1780281085.7160375,1780281085.716241,0.2033710479736328,decode,0,0,452715,0.2033710479736328,1.0,1
forward_start,1780281085.7160726,46,46,46,48,FULL,1780281085.7160726,1780281085.7162619,0.18930435180664062,decode,1,0,452712,0.18930435180664062,1.0,1
forward_start,1780281085.7283583,47,47,47,48,FULL,1780281085.7283583,1780281085.7285883,0.2300739288330078,decode,0,0,452715,0.06079673767089844,0.26424870466321243,1
forward_start,1780281085.730102,45,45,45,48,FULL,1780281085.730102,1780281085.730356,0.25391578674316406,decode,1,0,452712,0.25391578674316406,1.0,1
forward_start,1780281085.740717,48,48,48,48,FULL,1780281085.740717,1780281085.7409275,0.2105236053466797,decode,0,0,452715,0.2105236053466797,1.0,1
forward_start,1780281085.740761,45,45,45,48,FULL,1780281085.740761,1780281085.7409472,0.1862049102783203,decode,1,0,452712,0.1862049102783203,1.0,1
forward_start,1780281085.7527518,48,48,48,48,FULL,1780281085.7527518,1780281085.7529874,0.23555755615234375,decode,0,0,452715,0.0,0.0,0
forward_start,1780281085.7528083,45,45,45,48,FULL,1780281085.7528083,1780281085.7529938,0.18548965454101562,decode,1,0,452712,0.0,0.0,0
forward_start,1780281085.7650533,48,48,48,48,FULL,1780281085.7650533,1780281085.7652535,0.2002716064453125,decode,0,0,452715,0.0,0.0,0
forward_start,1780281085.765121,46,46,46,48,FULL,1780281085.765121,1780281085.765311,0.1900196075439453,decode,1,0,452712,0.0,0.0,0
forward_start,1780281085.7773323,48,48,48,48,FULL,1780281085.7773323,1780281085.7775736,0.24127960205078125,decode,0,0,452715,0.0,0.0,0
forward_start,1780281085.7774093,46,46,46,48,FULL,1780281085.7774093,1780281085.7775981,0.1888275146484375,decode,1,0,452712,0.0,0.0,0
forward_start,1780281085.789551,48,48,48,48,FULL,1780281085.789551,1780281085.7897496,0.19860267639160156,decode,0,0,452715,0.0,0.0,0
forward_start,1780281085.789616,46,46,46,48,FULL,1780281085.789616,1780281085.789801,0.18477439880371094,decode,1,0,452712,0.0,0.0,0
forward_start,1780281085.8017225,47,47,47,48,FULL,1780281085.8017225,1780281085.8019118,0.18930435180664062,decode,0,0,452715,0.0,0.0,0
forward_start,1780281085.8018322,46,46,46,48,FULL,1780281085.8018322,1780281085.802021,0.1888275146484375,decode,1,0,452712,0.0,0.0,0
forward_start,1780281085.8147955,46,46,46,48,FULL,1780281085.8147955,1780281085.814984,0.18858909606933594,decode,1,0,452712,0.0,0.0,0
forward_start,1780281085.8148737,47,47,47,48,FULL,1780281085.8148737,1780281085.815088,0.2143383026123047,decode,0,0,452715,0.0,0.0,0
forward_start,1780281085.826625,46,46,46,48,FULL,1780281085.826625,1780281085.826829,0.20384788513183594,decode,0,0,452715,0.0,0.0,0
forward_start,1780281085.8266723,46,46,46,48,FULL,1780281085.8266723,1780281085.8268635,0.19121170043945312,decode,1,0,452712,0.0,0.0,0
forward_start,1780281085.8391547,46,46,46,48,FULL,1780281085.8391547,1780281085.839384,0.22935867309570312,decode,0,0,452715,0.0,0.0,0
forward_start,1780281085.839177,45,45,45,48,FULL,1780281085.839177,1780281085.8394349,0.2579689025878906,decode,1,0,452712,0.0,0.0,0
forward_start,1780281085.8511956,45,45,45,48,FULL,1780281085.8511956,1780281085.8514307,0.23508071899414062,decode,1,0,452712,0.0,0.0,0
forward_start,1780281085.8512032,46,46,46,48,FULL,1780281085.8512032,1780281085.851439,0.2357959747314453,decode,0,0,452715,0.0,0.0,0
forward_start,1780281085.8634057,45,45,45,48,FULL,1780281085.8634057,1780281085.863629,0.22339820861816406,decode,1,0,452712,0.0,0.0,0
forward_start,1780281085.8634117,46,46,46,48,FULL,1780281085.8634117,1780281085.8636334,0.22172927856445312,decode,0,0,452715,0.0,0.0,0
forward_start,1780281085.8755584,46,46,46,48,FULL,1780281085.8755584,1780281085.8757694,0.2110004425048828,decode,0,0,452715,0.0,0.0,0
forward_start,1780281085.8811908,45,45,45,48,FULL,1780281085.8811908,1780281085.8814304,0.2396106719970703,decode,1,0,452712,0.2396106719970703,1.0,1
forward_start,1780281085.8878508,46,46,46,48,FULL,1780281085.8878508,1780281085.8880532,0.20241737365722656,decode,0,0,452715,0.20241737365722656,1.0,1
forward_start,1780281085.8878706,45,45,45,48,FULL,1780281085.8878706,1780281085.888073,0.20241737365722656,decode,1,0,452712,0.20241737365722656,1.0,1
forward_start,1780281085.9004881,45,45,45,48,FULL,1780281085.9004881,1780281085.9006743,0.1862049102783203,decode,1,0,452712,0.1862049102783203,1.0,1
forward_start,1780281085.9005482,45,45,45,48,FULL,1780281085.9005482,1780281085.900763,0.2148151397705078,decode,0,0,452715,0.2148151397705078,1.0,1
forward_start,1780281085.9125957,45,45,45,48,FULL,1780281085.9125957,1780281085.9128184,0.22268295288085938,decode,1,0,452712,0.0,0.0,0
forward_start,1780281085.9126074,45,45,45,48,FULL,1780281085.9126074,1780281085.912807,0.1995563507080078,decode,0,0,452715,0.0,0.0,0
forward_start,1780281085.9251876,46,46,46,48,FULL,1780281085.9251876,1780281085.9253912,0.20360946655273438,decode,1,0,452712,0.0,0.0,0
forward_start,1780281085.9252434,44,44,44,48,FULL,1780281085.9252434,1780281085.9255066,0.263214111328125,decode,0,0,452715,0.0,0.0,0
forward_start,1780281085.9372215,46,46,46,48,FULL,1780281085.9372215,1780281085.9374487,0.22721290588378906,decode,1,0,452712,0.0,0.0,0
forward_start,1780281085.9372294,44,44,44,48,FULL,1780281085.9372294,1780281085.9374828,0.25343894958496094,decode,0,0,452715,0.0,0.0,0
forward_start,1780281085.9494116,44,44,44,48,FULL,1780281085.9494116,1780281085.9496315,0.21982192993164062,decode,0,0,452715,0.0,0.0,0
forward_start,1780281085.9494202,46,46,46,48,FULL,1780281085.9494202,1780281085.9496012,0.18095970153808594,decode,1,0,452712,0.0,0.0,0
forward_start,1780281085.9655776,46,46,46,48,FULL,1780281085.9655776,1780281085.965787,0.20933151245117188,decode,1,0,452712,0.41866302490234375,2.0,2
forward_start,1780281085.9724798,44,44,44,48,FULL,1780281085.9724798,1780281085.972796,0.3161430358886719,decode,0,0,452715,0.6322860717773438,2.0,2
forward_start,1780281085.9756057,43,43,43,48,FULL,1780281085.9756057,1780281085.9758043,0.19860267639160156,decode,0,0,452715,0.3972053527832031,2.0,2
forward_start,1780281085.9757078,46,46,46,48,FULL,1780281085.9757078,1780281085.9758928,0.1850128173828125,decode,1,0,452712,0.370025634765625,2.0,2
forward_start,1780281085.9871185,42,42,42,48,FULL,1780281085.9871185,1780281085.9873226,0.2040863037109375,decode,0,0,452715,0.2040863037109375,1.0,1
forward_start,1780281085.9871247,45,45,45,48,FULL,1780281085.9871247,1780281085.987309,0.1842975616455078,decode,1,0,452712,0.1842975616455078,1.0,1
forward_start,1780281085.999567,45,45,45,48,FULL,1780281085.999567,1780281085.9997876,0.2205371856689453,decode,1,0,452712,0.0,0.0,0
forward_start,1780281085.9995923,42,42,42,48,FULL,1780281085.9995923,1780281085.9998345,0.2422332763671875,decode,0,0,452715,0.0,0.0,0
forward_start,1780281086.012038,43,43,43,48,FULL,1780281086.012038,1780281086.0122385,0.20051002502441406,decode,0,0,452715,0.0,0.0,0
forward_start,1780281086.01204,45,45,45,48,FULL,1780281086.01204,1780281086.0122287,0.1888275146484375,decode,1,0,452712,0.0,0.0,0
forward_start,1780281086.0241876,44,44,44,48,FULL,1780281086.0241876,1780281086.0244184,0.2307891845703125,decode,1,0,452712,0.11968612670898438,0.518595041322314,1
forward_start,1780281086.0262427,43,43,43,48,FULL,1780281086.0262427,1780281086.0264814,0.23865699768066406,decode,0,0,452715,0.23865699768066406,1.0,1
forward_start,1780281086.0418186,44,44,44,48,FULL,1780281086.0418186,1780281086.0420384,0.21982192993164062,decode,1,0,452712,0.8792877197265625,4.0,4
forward_start,1780281086.0485332,43,43,43,48,FULL,1780281086.0485332,1780281086.048821,0.28777122497558594,decode,0,0,452715,1.1510848999023438,4.0,4
forward_start,1780281086.0520933,43,43,43,48,FULL,1780281086.0520933,1780281086.0523014,0.20813941955566406,decode,0,0,452715,0.4162788391113281,2.0,2
forward_start,1780281086.0521343,44,44,44,48,FULL,1780281086.0521343,1780281086.0523345,0.2002716064453125,decode,1,0,452712,0.400543212890625,2.0,2
forward_start,1780281086.063729,45,45,45,48,FULL,1780281086.063729,1780281086.0639317,0.20265579223632812,decode,0,0,452715,0.40531158447265625,2.0,2
forward_start,1780281086.063746,44,44,44,48,FULL,1780281086.063746,1780281086.063926,0.1800060272216797,decode,1,0,452712,0.3600120544433594,2.0,2
forward_start,1780281086.0751693,45,45,45,48,FULL,1780281086.0751693,1780281086.0753825,0.21314620971679688,decode,0,0,452715,0.0,0.0,0
forward_start,1780281086.0752685,44,44,44,48,FULL,1780281086.0752685,1780281086.0754797,0.21123886108398438,decode,1,0,452712,0.0,0.0,0
forward_start,1780281086.087835,46,46,46,48,FULL,1780281086.087835,1780281086.0880306,0.19550323486328125,decode,0,0,452715,0.0,0.0,0
forward_start,1780281086.0879347,45,45,45,48,FULL,1780281086.0879347,1780281086.0881155,0.18072128295898438,decode,1,0,452712,0.0,0.0,0
forward_start,1780281086.100049,46,46,46,48,FULL,1780281086.100049,1780281086.1002533,0.20432472229003906,decode,0,0,452715,0.0,0.0,0
forward_start,1780281086.1000664,45,45,45,48,FULL,1780281086.1000664,1780281086.100252,0.18548965454101562,decode,1,0,452712,0.0,0.0,0
forward_start,1780281086.112417,45,45,45,48,FULL,1780281086.112417,1780281086.1126254,0.20837783813476562,decode,0,0,452715,0.0,0.0,0
forward_start,1780281086.1124778,45,45,45,48,FULL,1780281086.1124778,1780281086.1126676,0.18978118896484375,decode,1,0,452712,0.0,0.0,0
forward_start,1780281086.1247625,45,45,45,48,FULL,1780281086.1247625,1780281086.1249652,0.20265579223632812,decode,0,0,452715,0.0,0.0,0
forward_start,1780281086.1248152,45,45,45,48,FULL,1780281086.1248152,1780281086.1250038,0.18858909606933594,decode,1,0,452712,0.0,0.0,0
forward_start,1780281086.1371548,45,45,45,48,FULL,1780281086.1371548,1780281086.137371,0.2162456512451172,decode,0,0,452715,0.0,0.0,0
forward_start,1780281086.1427064,45,45,45,48,FULL,1780281086.1427064,1780281086.142924,0.21767616271972656,decode,1,0,452712,0.21767616271972656,1.0,1
forward_start,1780281086.149483,45,45,45,48,FULL,1780281086.149483,1780281086.1497,0.21696090698242188,decode,0,0,452715,0.21696090698242188,1.0,1
forward_start,1780281086.1495218,45,45,45,48,FULL,1780281086.1495218,1780281086.1497326,0.21076202392578125,decode,1,0,452712,0.21076202392578125,1.0,1
forward_start,1780281086.1617615,45,45,45,48,FULL,1780281086.1617615,1780281086.161948,0.18644332885742188,decode,0,0,452715,0.18644332885742188,1.0,1
forward_start,1780281086.1617782,45,45,45,48,FULL,1780281086.1617782,1780281086.161995,0.2167224884033203,decode,1,0,452712,0.2167224884033203,1.0,1
forward_start,1780281086.1741123,45,45,45,48,FULL,1780281086.1741123,1780281086.1743107,0.1983642578125,decode,0,0,452715,0.0,0.0,0
forward_start,1780281086.1741464,45,45,45,48,FULL,1780281086.1741464,1780281086.174334,0.1876354217529297,decode,1,0,452712,0.0,0.0,0
forward_start,1780281086.186507,46,46,46,48,FULL,1780281086.186507,1780281086.1867251,0.2181529998779297,decode,1,0,452712,0.0,0.0,0
forward_start,1780281086.1962223,44,44,44,48,FULL,1780281086.1962223,1780281086.1965318,0.3094673156738281,decode,0,0,452715,0.3094673156738281,1.0,1
forward_start,1780281086.199422,44,44,44,48,FULL,1780281086.199422,1780281086.1996794,0.2574920654296875,decode,0,0,452715,0.2574920654296875,1.0,1
forward_start,1780281086.199464,46,46,46,48,FULL,1780281086.199464,1780281086.1996548,0.19073486328125,decode,1,0,452712,0.19073486328125,1.0,1
forward_start,1780281086.2106605,44,44,44,48,FULL,1780281086.2106605,1780281086.2108657,0.2052783966064453,decode,0,0,452715,0.3082752227783203,1.5017421602787457,2
forward_start,1780281086.2113307,46,46,46,48,FULL,1780281086.2113307,1780281086.211536,0.2052783966064453,decode,1,0,452712,0.0,0.0,0
forward_start,1780281086.2230597,46,46,46,48,FULL,1780281086.2230597,1780281086.223272,0.2124309539794922,decode,1,0,452712,0.0,0.0,0
forward_start,1780281086.2325077,44,44,44,48,FULL,1780281086.2325077,1780281086.2328022,0.2944469451904297,decode,0,0,452715,0.2944469451904297,1.0,1
forward_start,1780281086.2358725,45,45,45,48,FULL,1780281086.2358725,1780281086.2360868,0.2143383026123047,decode,0,0,452715,0.2143383026123047,1.0,1
forward_start,1780281086.2359133,47,47,47,48,FULL,1780281086.2359133,1780281086.2360988,0.18548965454101562,decode,1,0,452712,0.18548965454101562,1.0,1
forward_start,1780281086.2474103,45,45,45,48,FULL,1780281086.2474103,1780281086.2476168,0.20647048950195312,decode,0,0,452715,0.20647048950195312,1.0,1
forward_start,1780281086.2506816,47,47,47,48,FULL,1780281086.2506816,1780281086.2509177,0.23603439331054688,decode,1,0,452712,0.23603439331054688,1.0,1
forward_start,1780281086.259674,45,45,45,48,FULL,1780281086.259674,1780281086.2598777,0.20360946655273438,decode,0,0,452715,0.20360946655273438,1.0,1
forward_start,1780281086.259704,47,47,47,48,FULL,1780281086.259704,1780281086.2598958,0.19168853759765625,decode,1,0,452712,0.19168853759765625,1.0,1
forward_start,1780281086.2722654,46,46,46,48,FULL,1780281086.2722654,1780281086.2725017,0.23627281188964844,decode,0,0,452715,0.0,0.0,0
forward_start,1780281086.2723122,47,47,47,48,FULL,1780281086.2723122,1780281086.27253,0.21791458129882812,decode,1,0,452712,0.0,0.0,0
forward_start,1780281086.2841558,48,48,48,48,FULL,1780281086.2841558,1780281086.2843657,0.209808349609375,decode,1,0,452712,0.0,0.0,0
forward_start,1780281086.2841575,46,46,46,48,FULL,1780281086.2841575,1780281086.2843854,0.22792816162109375,decode,0,0,452715,0.0,0.0,0
forward_start,1780281086.29657,46,46,46,48,FULL,1780281086.29657,1780281086.296775,0.20503997802734375,decode,0,0,452715,0.11444091796875,0.5581395348837209,1
forward_start,1780281086.2982454,48,48,48,48,FULL,1780281086.2982454,1780281086.2984858,0.240325927734375,decode,1,0,452712,0.240325927734375,1.0,1
forward_start,1780281086.30835,46,46,46,48,FULL,1780281086.30835,1780281086.3085594,0.20933151245117188,decode,0,0,452715,0.20933151245117188,1.0,1
forward_start,1780281086.3084176,47,47,47,48,FULL,1780281086.3084176,1780281086.3086007,0.18310546875,decode,1,0,452712,0.18310546875,1.0,1
forward_start,1780281086.3207023,46,46,46,48,FULL,1780281086.3207023,1780281086.3208926,0.19025802612304688,decode,0,0,452715,0.0,0.0,0
forward_start,1780281086.3207583,46,46,46,48,FULL,1780281086.3207583,1780281086.3209774,0.21910667419433594,decode,1,0,452712,0.0,0.0,0
forward_start,1780281086.3329675,46,46,46,48,FULL,1780281086.3329675,1780281086.3331711,0.20360946655273438,decode,0,0,452715,0.0,0.0,0
forward_start,1780281086.3329742,47,47,47,48,FULL,1780281086.3329742,1780281086.3331792,0.20503997802734375,decode,1,0,452712,0.0,0.0,0
forward_start,1780281086.3453543,46,46,46,48,FULL,1780281086.3453543,1780281086.3455625,0.20813941955566406,decode,0,0,452715,0.0,0.0,0
forward_start,1780281086.3453987,47,47,47,48,FULL,1780281086.3453987,1780281086.3455842,0.18548965454101562,decode,1,0,452712,0.0,0.0,0
forward_start,1780281086.3578398,47,47,47,48,FULL,1780281086.3578398,1780281086.3580241,0.1842975616455078,decode,1,0,452712,0.0,0.0,0
forward_start,1780281086.3578467,46,46,46,48,FULL,1780281086.3578467,1780281086.358055,0.20837783813476562,decode,0,0,452715,0.0,0.0,0
forward_start,1780281086.3695405,46,46,46,48,FULL,1780281086.3695405,1780281086.3697412,0.20074844360351562,decode,0,0,452715,0.0,0.0,0
forward_start,1780281086.369638,47,47,47,48,FULL,1780281086.369638,1780281086.3698637,0.2257823944091797,decode,1,0,452712,0.0,0.0,0
forward_start,1780281086.382083,46,46,46,48,FULL,1780281086.382083,1780281086.382278,0.19502639770507812,decode,0,0,452715,0.0,0.0,0
forward_start,1780281086.3821375,47,47,47,48,FULL,1780281086.3821375,1780281086.382325,0.18739700317382812,decode,1,0,452712,0.0,0.0,0
forward_start,1780281086.3940833,47,47,47,48,FULL,1780281086.3940833,1780281086.3943045,0.22125244140625,decode,1,0,452712,0.15497207641601562,0.7004310344827587,1
forward_start,1780281086.3988996,46,46,46,48,FULL,1780281086.3988996,1780281086.399122,0.2224445343017578,decode,0,0,452715,0.2224445343017578,1.0,1
forward_start,1780281086.406258,46,46,46,48,FULL,1780281086.406258,1780281086.406514,0.25582313537597656,decode,0,0,452715,0.25582313537597656,1.0,1
forward_start,1780281086.406295,47,47,47,48,FULL,1780281086.406295,1780281086.4065013,0.20623207092285156,decode,1,0,452712,0.20623207092285156,1.0,1
forward_start,1780281086.418392,46,46,46,48,FULL,1780281086.418392,1780281086.418605,0.21314620971679688,decode,0,0,452715,0.0,0.0,0
forward_start,1780281086.4184287,47,47,47,48,FULL,1780281086.4184287,1780281086.4186487,0.2200603485107422,decode,1,0,452712,0.0,0.0,0
forward_start,1780281086.4308777,47,47,47,48,FULL,1780281086.4308777,1780281086.4310844,0.2067089080810547,decode,0,0,452715,0.0,0.0,0
forward_start,1780281086.430888,47,47,47,48,FULL,1780281086.430888,1780281086.4311047,0.2167224884033203,decode,1,0,452712,0.0,0.0,0
forward_start,1780281086.4428985,47,47,47,48,FULL,1780281086.4428985,1780281086.4430869,0.18835067749023438,decode,1,0,452712,0.0,0.0,0
forward_start,1780281086.4429061,47,47,47,48,FULL,1780281086.4429061,1780281086.4431067,0.20051002502441406,decode,0,0,452715,0.0,0.0,0
forward_start,1780281086.4554505,47,47,47,48,FULL,1780281086.4554505,1780281086.455657,0.20647048950195312,decode,0,0,452715,0.0,0.0,0
forward_start,1780281086.4554708,47,47,47,48,FULL,1780281086.4554708,1780281086.4556632,0.19240379333496094,decode,1,0,452712,0.0,0.0,0
forward_start,1780281086.4674878,47,47,47,48,FULL,1780281086.4674878,1780281086.4676952,0.20742416381835938,decode,0,0,452715,0.0,0.0,0
forward_start,1780281086.4675214,47,47,47,48,FULL,1780281086.4675214,1780281086.4677103,0.1888275146484375,decode,1,0,452712,0.0,0.0,0
forward_start,1780281086.4797745,47,47,47,48,FULL,1780281086.4797745,1780281086.4799664,0.1919269561767578,decode,1,0,452712,0.0,0.0,0
forward_start,1780281086.4798257,47,47,47,48,FULL,1780281086.4798257,1780281086.4800408,0.21505355834960938,decode,0,0,452715,0.0,0.0,0
forward_start,1780281086.4919538,47,47,47,48,FULL,1780281086.4919538,1780281086.4921575,0.20360946655273438,decode,0,0,452715,0.0,0.0,0
forward_start,1780281086.4920087,47,47,47,48,FULL,1780281086.4920087,1780281086.4922395,0.2307891845703125,decode,1,0,452712,0.0,0.0,0
forward_start,1780281086.5041447,47,47,47,48,FULL,1780281086.5041447,1780281086.5043557,0.2110004425048828,decode,0,0,452715,0.0,0.0,0
forward_start,1780281086.5042243,46,46,46,48,FULL,1780281086.5042243,1780281086.5044498,0.22554397583007812,decode,1,0,452712,0.0,0.0,0
forward_start,1780281086.516552,47,47,47,48,FULL,1780281086.516552,1780281086.5167499,0.19788742065429688,decode,0,0,452715,0.0,0.0,0
forward_start,1780281086.5166023,46,46,46,48,FULL,1780281086.5166023,1780281086.5167854,0.18310546875,decode,1,0,452712,0.0,0.0,0
forward_start,1780281086.528952,46,46,46,48,FULL,1780281086.528952,1780281086.5291505,0.19860267639160156,decode,0,0,452715,0.0,0.0,0
forward_start,1780281086.528989,45,45,45,48,FULL,1780281086.528989,1780281086.529176,0.186920166015625,decode,1,0,452712,0.0,0.0,0
forward_start,1780281086.5409992,46,46,46,48,FULL,1780281086.5409992,1780281086.541195,0.1957416534423828,decode,0,0,452715,0.0,0.0,0
forward_start,1780281086.5410995,45,45,45,48,FULL,1780281086.5410995,1780281086.541314,0.2143383026123047,decode,1,0,452712,0.0,0.0,0
forward_start,1780281086.553219,46,46,46,48,FULL,1780281086.553219,1780281086.5534642,0.24509429931640625,decode,0,0,452715,0.0,0.0,0
forward_start,1780281086.5532532,45,45,45,48,FULL,1780281086.5532532,1780281086.5534606,0.20742416381835938,decode,1,0,452712,0.0,0.0,0
forward_start,1780281086.5657725,46,46,46,48,FULL,1780281086.5657725,1780281086.5659695,0.19693374633789062,decode,0,0,452715,0.0,0.0,0
forward_start,1780281086.5658028,45,45,45,48,FULL,1780281086.5658028,1780281086.5659876,0.18477439880371094,decode,1,0,452712,0.0,0.0,0
forward_start,1780281086.5779269,46,46,46,48,FULL,1780281086.5779269,1780281086.5781317,0.2048015594482422,decode,0,0,452715,0.0,0.0,0
forward_start,1780281086.5834064,45,45,45,48,FULL,1780281086.5834064,1780281086.583629,0.2224445343017578,decode,1,0,452712,0.2224445343017578,1.0,1
forward_start,1780281086.590383,46,46,46,48,FULL,1780281086.590383,1780281086.5905879,0.2048015594482422,decode,0,0,452715,0.2048015594482422,1.0,1
forward_start,1780281086.6052353,44,44,44,48,FULL,1780281086.6052353,1780281086.6054268,0.1914501190185547,decode,1,0,452712,0.3829002380371094,2.0,2
forward_start,1780281086.6080759,44,44,44,48,FULL,1780281086.6080759,1780281086.6082828,0.20694732666015625,decode,1,0,452712,0.4138946533203125,2.0,2
forward_start,1780281086.6081092,46,46,46,48,FULL,1780281086.6081092,1780281086.6083179,0.2086162567138672,decode,0,0,452715,0.4150867462158203,1.9897142857142858,2
forward_start,1780281086.6197505,44,44,44,48,FULL,1780281086.6197505,1780281086.619939,0.18858909606933594,decode,1,0,452712,0.18858909606933594,1.0,1
forward_start,1780281086.6198316,46,46,46,48,FULL,1780281086.6198316,1780281086.6200464,0.2148151397705078,decode,0,0,452715,0.14209747314453125,0.6614872364039955,1
forward_start,1780281086.631997,46,46,46,48,FULL,1780281086.631997,1780281086.6321833,0.1862049102783203,decode,0,0,452715,0.0,0.0,0
forward_start,1780281086.6321118,45,45,45,48,FULL,1780281086.6321118,1780281086.6323032,0.1914501190185547,decode,1,0,452712,0.0,0.0,0
forward_start,1780281086.6444616,46,46,46,48,FULL,1780281086.6444616,1780281086.6446493,0.1876354217529297,decode,0,0,452715,0.0,0.0,0
forward_start,1780281086.6445491,46,46,46,48,FULL,1780281086.6445491,1780281086.6447673,0.2181529998779297,decode,1,0,452712,0.0,0.0,0
forward_start,1780281086.6565526,46,46,46,48,FULL,1780281086.6565526,1780281086.6567466,0.19407272338867188,decode,0,0,452715,0.0,0.0,0
forward_start,1780281086.656621,46,46,46,48,FULL,1780281086.656621,1780281086.656806,0.1850128173828125,decode,1,0,452712,0.0,0.0,0
forward_start,1780281086.6689382,46,46,46,48,FULL,1780281086.6689382,1780281086.669129,0.19073486328125,decode,0,0,452715,0.0,0.0,0
forward_start,1780281086.6690304,46,46,46,48,FULL,1780281086.6690304,1780281086.669244,0.213623046875,decode,1,0,452712,0.0,0.0,0
forward_start,1780281086.6810079,46,46,46,48,FULL,1780281086.6810079,1780281086.6812031,0.1952648162841797,decode,0,0,452715,0.0,0.0,0
forward_start,1780281086.6811008,46,46,46,48,FULL,1780281086.6811008,1780281086.681287,0.1862049102783203,decode,1,0,452712,0.0,0.0,0
forward_start,1780281086.6932948,46,46,46,48,FULL,1780281086.6932948,1780281086.6935227,0.22792816162109375,decode,0,0,452715,0.0,0.0,0
forward_start,1780281086.6934023,46,46,46,48,FULL,1780281086.6934023,1780281086.6935904,0.1881122589111328,decode,1,0,452712,0.0,0.0,0
forward_start,1780281086.7056198,46,46,46,48,FULL,1780281086.7056198,1780281086.705813,0.19311904907226562,decode,0,0,452715,0.0,0.0,0
forward_start,1780281086.7056994,46,46,46,48,FULL,1780281086.7056994,1780281086.705912,0.21266937255859375,decode,1,0,452712,0.0,0.0,0
forward_start,1780281086.7179296,46,46,46,48,FULL,1780281086.7179296,1780281086.7181232,0.19359588623046875,decode,0,0,452715,0.0,0.0,0
forward_start,1780281086.7180262,46,46,46,48,FULL,1780281086.7180262,1780281086.7182221,0.19598007202148438,decode,1,0,452712,0.0,0.0,0
forward_start,1780281086.7300828,46,46,46,48,FULL,1780281086.7300828,1780281086.7302718,0.18906593322753906,decode,0,0,452715,0.0,0.0,0
forward_start,1780281086.7301724,46,46,46,48,FULL,1780281086.7301724,1780281086.7303746,0.202178955078125,decode,1,0,452712,0.0,0.0,0
forward_start,1780281086.742219,46,46,46,48,FULL,1780281086.742219,1780281086.7424462,0.22721290588378906,decode,0,0,452715,0.0,0.0,0
forward_start,1780281086.7423108,46,46,46,48,FULL,1780281086.7423108,1780281086.742516,0.2052783966064453,decode,1,0,452712,0.0,0.0,0
forward_start,1780281086.7543616,46,46,46,48,FULL,1780281086.7543616,1780281086.7545564,0.19478797912597656,decode,0,0,452715,0.0,0.0,0
forward_start,1780281086.7545013,46,46,46,48,FULL,1780281086.7545013,1780281086.7547302,0.2288818359375,decode,1,0,452712,0.0,0.0,0
forward_start,1780281086.7669952,46,46,46,48,FULL,1780281086.7669952,1780281086.7671952,0.20003318786621094,decode,0,0,452715,0.0,0.0,0
forward_start,1780281086.76704,46,46,46,48,FULL,1780281086.76704,1780281086.767227,0.186920166015625,decode,1,0,452712,0.0,0.0,0
forward_start,1780281086.779079,46,46,46,48,FULL,1780281086.779079,1780281086.779278,0.1990795135498047,decode,0,0,452715,0.0,0.0,0
forward_start,1780281086.7791164,46,46,46,48,FULL,1780281086.7791164,1780281086.779305,0.18858909606933594,decode,1,0,452712,0.0,0.0,0
forward_start,1780281086.7915714,46,46,46,48,FULL,1780281086.7915714,1780281086.7917747,0.2033710479736328,decode,1,0,452712,0.1220703125,0.6002344665885111,1
forward_start,1780281086.7935193,46,46,46,48,FULL,1780281086.7935193,1780281086.7937417,0.2224445343017578,decode,0,0,452715,0.2224445343017578,1.0,1
forward_start,1780281086.8037639,46,46,46,48,FULL,1780281086.8037639,1780281086.8039682,0.20432472229003906,decode,0,0,452715,0.2288818359375,1.1201866977829638,2
forward_start,1780281086.8104098,46,46,46,48,FULL,1780281086.8104098,1780281086.8106568,0.24700164794921875,decode,1,0,452712,0.24700164794921875,1.0,1
forward_start,1780281086.8164701,45,45,45,48,FULL,1780281086.8164701,1780281086.8166728,0.20265579223632812,decode,0,0,452715,0.20265579223632812,1.0,1
forward_start,1780281086.8165934,46,46,46,48,FULL,1780281086.8165934,1780281086.8167832,0.18978118896484375,decode,1,0,452712,0.18978118896484375,1.0,1
forward_start,1780281086.8286846,46,46,46,48,FULL,1780281086.8286846,1780281086.828888,0.2033710479736328,decode,0,0,452715,0.0,0.0,0
forward_start,1780281086.8287086,46,46,46,48,FULL,1780281086.8287086,1780281086.8288925,0.1838207244873047,decode,1,0,452712,0.0,0.0,0
forward_start,1780281086.8411496,46,46,46,48,FULL,1780281086.8411496,1780281086.8413758,0.2262592315673828,decode,0,0,452715,0.0,0.0,0
forward_start,1780281086.841201,47,47,47,48,FULL,1780281086.841201,1780281086.8414085,0.20742416381835938,decode,1,0,452712,0.0,0.0,0
forward_start,1780281086.8535833,46,46,46,48,FULL,1780281086.8535833,1780281086.8537848,0.2014636993408203,decode,0,0,452715,0.0,0.0,0
forward_start,1780281086.8535845,47,47,47,48,FULL,1780281086.8535845,1780281086.8537931,0.2086162567138672,decode,1,0,452712,0.0,0.0,0
forward_start,1780281086.8658304,47,47,47,48,FULL,1780281086.8658304,1780281086.8660536,0.2231597900390625,decode,1,0,452712,0.0,0.0,0
forward_start,1780281086.8658357,46,46,46,48,FULL,1780281086.8658357,1780281086.8660386,0.2028942108154297,decode,0,0,452715,0.0,0.0,0
forward_start,1780281086.8778136,47,47,47,48,FULL,1780281086.8778136,1780281086.8780017,0.1881122589111328,decode,1,0,452712,0.0,0.0,0
forward_start,1780281086.8778205,46,46,46,48,FULL,1780281086.8778205,1780281086.8780222,0.20170211791992188,decode,0,0,452715,0.0,0.0,0
forward_start,1780281086.8904936,46,46,46,48,FULL,1780281086.8904936,1780281086.8906972,0.20360946655273438,decode,0,0,452715,0.0,0.0,0
forward_start,1780281086.8905265,47,47,47,48,FULL,1780281086.8905265,1780281086.8907151,0.18858909606933594,decode,1,0,452712,0.0,0.0,0
forward_start,1780281086.9028666,45,45,45,48,FULL,1780281086.9028666,1780281086.9030676,0.2009868621826172,decode,0,0,452715,0.0,0.0,0
forward_start,1780281086.9028945,47,47,47,48,FULL,1780281086.9028945,1780281086.903083,0.18858909606933594,decode,1,0,452712,0.0,0.0,0
forward_start,1780281086.9154656,45,45,45,48,FULL,1780281086.9154656,1780281086.9156697,0.2040863037109375,decode,0,0,452715,0.0,0.0,0
forward_start,1780281086.9154947,47,47,47,48,FULL,1780281086.9154947,1780281086.9156833,0.18858909606933594,decode,1,0,452712,0.0,0.0,0
forward_start,1780281086.927481,45,45,45,48,FULL,1780281086.927481,1780281086.9276829,0.20194053649902344,decode,0,0,452715,0.0,0.0,0
forward_start,1780281086.927514,47,47,47,48,FULL,1780281086.927514,1780281086.9277012,0.18715858459472656,decode,1,0,452712,0.0,0.0,0
forward_start,1780281086.9397728,45,45,45,48,FULL,1780281086.9397728,1780281086.9399753,0.20241737365722656,decode,0,0,452715,0.0,0.0,0
forward_start,1780281086.9398224,47,47,47,48,FULL,1780281086.9398224,1780281086.9400356,0.21314620971679688,decode,1,0,452712,0.0,0.0,0
forward_start,1780281086.9521267,47,47,47,48,FULL,1780281086.9521267,1780281086.9523082,0.18143653869628906,decode,1,0,452712,0.03147125244140625,0.17345597897503284,1
forward_start,1780281086.9583638,45,45,45,48,FULL,1780281086.9583638,1780281086.958682,0.31828880310058594,decode,0,0,452715,0.31828880310058594,1.0,1
forward_start,1780281086.9644897,45,45,45,48,FULL,1780281086.9644897,1780281086.9646828,0.19311904907226562,decode,0,0,452715,0.19311904907226562,1.0,1
forward_start,1780281086.9645598,47,47,47,48,FULL,1780281086.9645598,1780281086.9647841,0.2243518829345703,decode,1,0,452712,0.1590251922607422,0.7088204038257173,1
forward_start,1780281086.9768887,45,45,45,48,FULL,1780281086.9768887,1780281086.9770906,0.20194053649902344,decode,0,0,452715,0.0,0.0,0
forward_start,1780281086.9769185,46,46,46,48,FULL,1780281086.9769185,1780281086.9771452,0.22673606872558594,decode,1,0,452712,0.0,0.0,0
forward_start,1780281086.9892259,46,46,46,48,FULL,1780281086.9892259,1780281086.9894576,0.23174285888671875,decode,0,0,452715,0.0,0.0,0
forward_start,1780281086.9893558,46,46,46,48,FULL,1780281086.9893558,1780281086.9895387,0.18286705017089844,decode,1,0,452712,0.0,0.0,0
forward_start,1780281087.00175,46,46,46,48,FULL,1780281087.00175,1780281087.0019827,0.232696533203125,decode,1,0,452712,0.0,0.0,0
forward_start,1780281087.001783,46,46,46,48,FULL,1780281087.001783,1780281087.0019858,0.2028942108154297,decode,0,0,452715,0.0,0.0,0
forward_start,1780281087.0141423,46,46,46,48,FULL,1780281087.0141423,1780281087.0143697,0.22745132446289062,decode,0,0,452715,0.0,0.0,0
forward_start,1780281087.0141895,46,46,46,48,FULL,1780281087.0141895,1780281087.0144262,0.23674964904785156,decode,1,0,452712,0.0,0.0,0
forward_start,1780281087.0267086,46,46,46,48,FULL,1780281087.0267086,1780281087.026942,0.2334117889404297,decode,1,0,452712,0.0,0.0,0
forward_start,1780281087.039399,46,46,46,48,FULL,1780281087.039399,1780281087.0396829,0.28395652770996094,decode,0,0,452715,0.28395652770996094,1.0,1
forward_start,1780281087.0444927,46,46,46,48,FULL,1780281087.0444927,1780281087.0447366,0.24390220642089844,decode,1,0,452712,0.7317066192626953,3.0,3
forward_start,1780281087.0658886,45,45,45,48,FULL,1780281087.0658886,1780281087.0660682,0.17952919006347656,decode,0,0,452715,0.5385875701904297,3.0,3
forward_start,1780281087.0690668,45,45,45,48,FULL,1780281087.0690668,1780281087.069278,0.21123886108398438,decode,0,0,452715,0.42247772216796875,2.0,2
forward_start,1780281087.0792353,46,46,46,48,FULL,1780281087.0792353,1780281087.0794668,0.2315044403076172,decode,1,0,452712,0.6945133209228516,3.0,3
forward_start,1780281087.083458,46,46,46,48,FULL,1780281087.083458,1780281087.0836856,0.2276897430419922,decode,1,0,452712,0.6604194641113281,2.900523560209424,3
forward_start,1780281087.0922403,46,46,46,48,FULL,1780281087.0922403,1780281087.0925782,0.33783912658691406,decode,0,0,452715,1.0135173797607422,3.0,3
forward_start,1780281087.0953832,46,46,46,48,FULL,1780281087.0953832,1780281087.095658,0.27489662170410156,decode,0,0,452715,0.6871223449707031,2.499566348655681,3
forward_start,1780281087.0978425,47,47,47,48,FULL,1780281087.0978425,1780281087.0980856,0.24318695068359375,decode,1,0,452712,0.7295608520507812,3.0,3
forward_start,1780281087.1070352,47,47,47,48,FULL,1780281087.1070352,1780281087.1072407,0.20551681518554688,decode,0,0,452715,0.41103363037109375,2.0,2
forward_start,1780281087.107078,47,47,47,48,FULL,1780281087.107078,1780281087.1072638,0.1857280731201172,decode,1,0,452712,0.3714561462402344,2.0,2
forward_start,1780281087.1192768,48,48,48,48,FULL,1780281087.1192768,1780281087.1194842,0.20742416381835938,decode,1,0,452712,0.0,0.0,0
forward_start,1780281087.119297,47,47,47,48,FULL,1780281087.119297,1780281087.1195428,0.24580955505371094,decode,0,0,452715,0.0,0.0,0
forward_start,1780281087.132274,47,47,47,48,FULL,1780281087.132274,1780281087.1325462,0.2722740173339844,decode,0,0,452715,0.0,0.0,0
forward_start,1780281087.1322873,48,48,48,48,FULL,1780281087.1322873,1780281087.1325018,0.21457672119140625,decode,1,0,452712,0.0,0.0,0
forward_start,1780281087.1441348,48,48,48,48,FULL,1780281087.1441348,1780281087.1443698,0.23508071899414062,decode,1,0,452712,0.0,0.0,0
forward_start,1780281087.144146,47,47,47,48,FULL,1780281087.144146,1780281087.1443746,0.22864341735839844,decode,0,0,452715,0.0,0.0,0
forward_start,1780281087.156283,47,47,47,48,FULL,1780281087.156283,1780281087.1565475,0.2646446228027344,decode,0,0,452715,0.0,0.0,0
forward_start,1780281087.1563065,48,48,48,48,FULL,1780281087.1563065,1780281087.1565185,0.21195411682128906,decode,1,0,452712,0.0,0.0,0
forward_start,1780281087.1688325,48,48,48,48,FULL,1780281087.1688325,1780281087.1690204,0.18787384033203125,decode,1,0,452712,0.10085105895996094,0.5368020304568528,1
forward_start,1780281087.1695569,47,47,47,48,FULL,1780281087.1695569,1780281087.1697776,0.22077560424804688,decode,0,0,452715,0.22077560424804688,1.0,1
forward_start,1780281087.1810272,47,47,47,48,FULL,1780281087.1810272,1780281087.1812232,0.19598007202148438,decode,0,0,452715,0.0,0.0,0
forward_start,1780281087.181121,47,47,47,48,FULL,1780281087.181121,1780281087.1813107,0.1895427703857422,decode,1,0,452712,0.0,0.0,0
forward_start,1780281087.1935084,48,48,48,48,FULL,1780281087.1935084,1780281087.193721,0.21266937255859375,decode,0,0,452715,0.0,0.0,0
forward_start,1780281087.1935658,47,47,47,48,FULL,1780281087.1935658,1780281087.193755,0.18906593322753906,decode,1,0,452712,0.0,0.0,0
forward_start,1780281087.2056525,48,48,48,48,FULL,1780281087.2056525,1780281087.205846,0.19359588623046875,decode,0,0,452715,0.0,0.0,0
forward_start,1780281087.2057498,47,47,47,48,FULL,1780281087.2057498,1780281087.20598,0.23031234741210938,decode,1,0,452712,0.0,0.0,0
forward_start,1780281087.2178054,48,48,48,48,FULL,1780281087.2178054,1780281087.2179985,0.19311904907226562,decode,0,0,452715,0.0,0.0,0
forward_start,1780281087.2178814,47,47,47,48,FULL,1780281087.2178814,1780281087.2180703,0.1888275146484375,decode,1,0,452712,0.0,0.0,0
forward_start,1780281087.2302737,48,48,48,48,FULL,1780281087.2302737,1780281087.2305036,0.22983551025390625,decode,0,0,452715,0.0,0.0,0
forward_start,1780281087.2303631,47,47,47,48,FULL,1780281087.2303631,1780281087.2305753,0.21219253540039062,decode,1,0,452712,0.0,0.0,0
forward_start,1780281087.2426236,48,48,48,48,FULL,1780281087.2426236,1780281087.2428298,0.20623207092285156,decode,0,0,452715,0.0,0.0,0
forward_start,1780281087.2426739,47,47,47,48,FULL,1780281087.2426739,1780281087.2429016,0.2276897430419922,decode,1,0,452712,0.0,0.0,0
forward_start,1780281087.25505,47,47,47,48,FULL,1780281087.25505,1780281087.2552726,0.22268295288085938,decode,1,0,452712,0.0,0.0,0
forward_start,1780281087.2680428,48,48,48,48,FULL,1780281087.2680428,1780281087.2683268,0.28395652770996094,decode,0,0,452715,0.28395652770996094,1.0,1
forward_start,1780281087.271192,48,48,48,48,FULL,1780281087.271192,1780281087.2714794,0.2872943878173828,decode,0,0,452715,0.2872943878173828,1.0,1
forward_start,1780281087.2712505,47,47,47,48,FULL,1780281087.2712505,1780281087.2714574,0.20694732666015625,decode,1,0,452712,0.20694732666015625,1.0,1
forward_start,1780281087.2828195,48,48,48,48,FULL,1780281087.2828195,1780281087.2830243,0.2048015594482422,decode,0,0,452715,0.2675056457519531,1.3061699650756693,2
forward_start,1780281087.2845278,47,47,47,48,FULL,1780281087.2845278,1780281087.284765,0.2372264862060547,decode,1,0,452712,0.2372264862060547,1.0,1
forward_start,1780281087.2949984,48,48,48,48,FULL,1780281087.2949984,1780281087.2952068,0.20837783813476562,decode,0,0,452715,0.20837783813476562,1.0,1
forward_start,1780281087.3006153,47,47,47,48,FULL,1780281087.3006153,1780281087.3008518,0.23651123046875,decode,1,0,452712,0.4730224609375,2.0,2
forward_start,1780281087.3076873,49,49,49,56,FULL,1780281087.3076873,1780281087.307978,0.2906322479248047,decode,0,0,452715,0.2906322479248047,1.0,1
forward_start,1780281087.307858,47,47,47,56,FULL,1780281087.307858,1780281087.3081152,0.25725364685058594,decode,1,0,452712,0.25725364685058594,1.0,1
forward_start,1780281087.3195543,48,48,48,48,FULL,1780281087.3195543,1780281087.3197472,0.19288063049316406,decode,0,0,452715,0.0,0.0,0
forward_start,1780281087.319629,48,48,48,48,FULL,1780281087.319629,1780281087.3198433,0.2143383026123047,decode,1,0,452712,0.0,0.0,0
forward_start,1780281087.3322217,48,48,48,56,FULL,1780281087.3322217,1780281087.3325098,0.2880096435546875,decode,0,0,452715,0.0,0.0,0
forward_start,1780281087.3323202,49,49,49,56,FULL,1780281087.3323202,1780281087.3325727,0.2524852752685547,decode,1,0,452712,0.0,0.0,0
forward_start,1780281087.3444793,48,48,48,56,FULL,1780281087.3444793,1780281087.3447137,0.23436546325683594,decode,0,0,452715,0.0,0.0,0
forward_start,1780281087.344496,49,49,49,56,FULL,1780281087.344496,1780281087.3447096,0.213623046875,decode,1,0,452712,0.0,0.0,0
forward_start,1780281087.356439,48,48,48,56,FULL,1780281087.356439,1780281087.3566666,0.22745132446289062,decode,0,0,452715,0.0,0.0,0
forward_start,1780281087.3564706,49,49,49,56,FULL,1780281087.3564706,1780281087.3566554,0.18477439880371094,decode,1,0,452712,0.0,0.0,0
forward_start,1780281087.3688178,48,48,48,56,FULL,1780281087.3688178,1780281087.3690279,0.21004676818847656,decode,0,0,452715,0.0,0.0,0
forward_start,1780281087.3688648,49,49,49,56,FULL,1780281087.3688648,1780281087.3690493,0.18453598022460938,decode,1,0,452712,0.0,0.0,0
forward_start,1780281087.3812451,47,47,47,56,FULL,1780281087.3812451,1780281087.3814874,0.2422332763671875,decode,0,0,452715,0.0,0.0,0
forward_start,1780281087.3813286,49,49,49,56,FULL,1780281087.3813286,1780281087.381531,0.20241737365722656,decode,1,0,452712,0.0,0.0,0
forward_start,1780281087.3936052,47,47,47,48,FULL,1780281087.3936052,1780281087.3938038,0.19860267639160156,decode,0,0,452715,0.0,0.0,0
forward_start,1780281087.3936353,48,48,48,48,FULL,1780281087.3936353,1780281087.393822,0.18668174743652344,decode,1,0,452712,0.0,0.0,0
forward_start,1780281087.4058657,48,48,48,48,FULL,1780281087.4058657,1780281087.4060504,0.18477439880371094,decode,1,0,452712,0.0,0.0,0
forward_start,1780281087.4058895,47,47,47,48,FULL,1780281087.4058895,1780281087.406089,0.1995563507080078,decode,0,0,452715,0.0,0.0,0
forward_start,1780281087.4184098,48,48,48,48,FULL,1780281087.4184098,1780281087.418601,0.19121170043945312,decode,1,0,452712,0.0,0.0,0
forward_start,1780281087.4185076,47,47,47,48,FULL,1780281087.4185076,1780281087.4187353,0.2276897430419922,decode,0,0,452715,0.0,0.0,0
forward_start,1780281087.430485,47,47,47,48,FULL,1780281087.430485,1780281087.4306924,0.20742416381835938,decode,0,0,452715,0.0,0.0,0
forward_start,1780281087.4304998,48,48,48,48,FULL,1780281087.4304998,1780281087.4306886,0.1888275146484375,decode,1,0,452712,0.0,0.0,0
forward_start,1780281087.4426181,47,47,47,48,FULL,1780281087.4426181,1780281087.4428148,0.19669532775878906,decode,0,0,452715,0.0,0.0,0
forward_start,1780281087.442668,48,48,48,48,FULL,1780281087.442668,1780281087.4428551,0.18715858459472656,decode,1,0,452712,0.0,0.0,0
forward_start,1780281087.4550095,48,48,48,48,FULL,1780281087.4550095,1780281087.4551995,0.1900196075439453,decode,1,0,452712,0.0,0.0,0
forward_start,1780281087.4550276,46,46,46,48,FULL,1780281087.4550276,1780281087.455238,0.2105236053466797,decode,0,0,452715,0.0,0.0,0
forward_start,1780281087.4676023,48,48,48,48,FULL,1780281087.4676023,1780281087.4677896,0.18739700317382812,decode,1,0,452712,0.0,0.0,0
forward_start,1780281087.4726267,45,45,45,48,FULL,1780281087.4726267,1780281087.4728515,0.22482872009277344,decode,0,0,452715,0.22482872009277344,1.0,1
forward_start,1780281087.479734,48,48,48,48,FULL,1780281087.479734,1780281087.4799237,0.18978118896484375,decode,1,0,452712,0.18978118896484375,1.0,1
forward_start,1780281087.4798234,45,45,45,48,FULL,1780281087.4798234,1780281087.4800472,0.2238750457763672,decode,0,0,452715,0.2238750457763672,1.0,1
forward_start,1780281087.4920793,48,48,48,48,FULL,1780281087.4920793,1780281087.492268,0.1888275146484375,decode,1,0,452712,0.1888275146484375,1.0,1
forward_start,1780281087.4921315,43,43,43,48,FULL,1780281087.4921315,1780281087.492361,0.2295970916748047,decode,0,0,452715,0.2295970916748047,1.0,1
forward_start,1780281087.5041537,48,48,48,48,FULL,1780281087.5041537,1780281087.504355,0.20122528076171875,decode,1,0,452712,0.0,0.0,0
forward_start,1780281087.5041628,43,43,43,48,FULL,1780281087.5041628,1780281087.5043905,0.2276897430419922,decode,0,0,452715,0.0,0.0,0
forward_start,1780281087.5167556,48,48,48,48,FULL,1780281087.5167556,1780281087.5169435,0.18787384033203125,decode,1,0,452712,0.0,0.0,0
forward_start,1780281087.51677,44,44,44,48,FULL,1780281087.51677,1780281087.5169718,0.20194053649902344,decode,0,0,452715,0.0,0.0,0
forward_start,1780281087.5289664,48,48,48,48,FULL,1780281087.5289664,1780281087.5291574,0.19097328186035156,decode,1,0,452712,0.003814697265625,0.019975031210986267,1
forward_start,1780281087.5361953,44,44,44,48,FULL,1780281087.5361953,1780281087.5365043,0.308990478515625,decode,0,0,452715,0.308990478515625,1.0,1
forward_start,1780281087.541275,44,44,44,48,FULL,1780281087.541275,1780281087.5415194,0.24437904357910156,decode,0,0,452715,0.24437904357910156,1.0,1
forward_start,1780281087.541289,48,48,48,48,FULL,1780281087.541289,1780281087.541497,0.2079010009765625,decode,1,0,452712,0.2079010009765625,1.0,1
forward_start,1780281087.5535955,48,48,48,48,FULL,1780281087.5535955,1780281087.553784,0.18835067749023438,decode,1,0,452712,0.0,0.0,0
forward_start,1780281087.5536075,44,44,44,48,FULL,1780281087.5536075,1780281087.553811,0.20360946655273438,decode,0,0,452715,0.0,0.0,0
forward_start,1780281087.566094,45,45,45,48,FULL,1780281087.566094,1780281087.5662932,0.19931793212890625,decode,0,0,452715,0.0,0.0,0
forward_start,1780281087.566098,48,48,48,48,FULL,1780281087.566098,1780281087.5662892,0.19121170043945312,decode,1,0,452712,0.0,0.0,0
forward_start,1780281087.578048,48,48,48,48,FULL,1780281087.578048,1780281087.5782335,0.18548965454101562,decode,1,0,452712,0.0,0.0,0
forward_start,1780281087.578052,44,44,44,48,FULL,1780281087.578052,1780281087.5782566,0.20456314086914062,decode,0,0,452715,0.0,0.0,0
forward_start,1780281087.590419,48,48,48,48,FULL,1780281087.590419,1780281087.590608,0.1888275146484375,decode,1,0,452712,0.0,0.0,0
forward_start,1780281087.590425,44,44,44,48,FULL,1780281087.590425,1780281087.5906298,0.2048015594482422,decode,0,0,452715,0.0,0.0,0
forward_start,1780281087.60267,48,48,48,48,FULL,1780281087.60267,1780281087.6028588,0.1888275146484375,decode,1,0,452712,0.09107589721679688,0.4823232323232323,1
forward_start,1780281087.6129096,44,44,44,48,FULL,1780281087.6129096,1780281087.6131136,0.2040863037109375,decode,0,0,452715,0.408172607421875,2.0,2
forward_start,1780281087.6161768,44,44,44,48,FULL,1780281087.6161768,1780281087.6164167,0.23984909057617188,decode,0,0,452715,0.5476474761962891,2.283300198807157,3
forward_start,1780281087.6214957,48,48,48,48,FULL,1780281087.6214957,1780281087.6217375,0.24175643920898438,decode,1,0,452712,0.24175643920898438,1.0,1
forward_start,1780281087.6276908,48,48,48,48,FULL,1780281087.6276908,1780281087.6278827,0.1919269561767578,decode,1,0,452712,0.2429485321044922,1.26583850931677,2
forward_start,1780281087.6327162,44,44,44,48,FULL,1780281087.6327162,1780281087.6329446,0.22840499877929688,decode,0,0,452715,0.22840499877929688,1.0,1
forward_start,1780281087.6400216,46,46,46,48,FULL,1780281087.6400216,1780281087.640234,0.2124309539794922,decode,0,0,452715,0.2124309539794922,1.0,1
forward_start,1780281087.6400607,47,47,47,48,FULL,1780281087.6400607,1780281087.6402504,0.18978118896484375,decode,1,0,452712,0.18978118896484375,1.0,1
forward_start,1780281087.6523583,46,46,46,48,FULL,1780281087.6523583,1780281087.652579,0.22077560424804688,decode,0,0,452715,0.03933906555175781,0.17818574514038876,1
forward_start,1780281087.656972,48,48,48,48,FULL,1780281087.656972,1780281087.6572175,0.24557113647460938,decode,1,0,452712,0.24557113647460938,1.0,1
forward_start,1780281087.6651862,48,48,48,48,FULL,1780281087.6651862,1780281087.665392,0.20575523376464844,decode,1,0,452712,0.20575523376464844,1.0,1
forward_start,1780281087.6651938,46,46,46,48,FULL,1780281087.6651938,1780281087.6654274,0.23365020751953125,decode,0,0,452715,0.2319812774658203,0.9928571428571429,1
forward_start,1780281087.6768372,46,46,46,48,FULL,1780281087.6768372,1780281087.6770406,0.2033710479736328,decode,0,0,452715,0.0,0.0,0
forward_start,1780281087.6768422,48,48,48,48,FULL,1780281087.6768422,1780281087.677033,0.19073486328125,decode,1,0,452712,0.0,0.0,0
forward_start,1780281087.6891325,46,46,46,56,FULL,1780281087.6891325,1780281087.6893635,0.23102760314941406,decode,0,0,452715,0.0,0.0,0
forward_start,1780281087.6891594,49,49,49,56,FULL,1780281087.6891594,1780281087.6893733,0.21386146545410156,decode,1,0,452712,0.0,0.0,0
forward_start,1780281087.7016006,48,48,48,48,FULL,1780281087.7016006,1780281087.7017856,0.1850128173828125,decode,1,0,452712,0.0,0.0,0
forward_start,1780281087.7016292,46,46,46,48,FULL,1780281087.7016292,1780281087.701833,0.20384788513183594,decode,0,0,452715,0.0,0.0,0
forward_start,1780281087.7133646,46,46,46,48,FULL,1780281087.7133646,1780281087.7135987,0.23412704467773438,decode,0,0,452715,0.0,0.0,0
forward_start,1780281087.7134135,48,48,48,48,FULL,1780281087.7134135,1780281087.7135985,0.1850128173828125,decode,1,0,452712,0.0,0.0,0
forward_start,1780281087.7261353,46,46,46,48,FULL,1780281087.7261353,1780281087.7263587,0.22339820861816406,decode,0,0,452715,0.0,0.0,0
forward_start,1780281087.726137,48,48,48,48,FULL,1780281087.726137,1780281087.726325,0.1881122589111328,decode,1,0,452712,0.0,0.0,0
forward_start,1780281087.7378328,48,48,48,48,FULL,1780281087.7378328,1780281087.7380157,0.18286705017089844,decode,1,0,452712,0.0,0.0,0
forward_start,1780281087.7378895,46,46,46,48,FULL,1780281087.7378895,1780281087.7380924,0.2028942108154297,decode,0,0,452715,0.0,0.0,0
forward_start,1780281087.749966,48,48,48,48,FULL,1780281087.749966,1780281087.7501535,0.1876354217529297,decode,1,0,452712,0.0,0.0,0
forward_start,1780281087.7500517,46,46,46,48,FULL,1780281087.7500517,1780281087.7502623,0.2105236053466797,decode,0,0,452715,0.0,0.0,0
forward_start,1780281087.762414,48,48,48,48,FULL,1780281087.762414,1780281087.762603,0.18906593322753906,decode,1,0,452712,0.0,0.0,0
forward_start,1780281087.7624283,46,46,46,48,FULL,1780281087.7624283,1780281087.7626364,0.20813941955566406,decode,0,0,452715,0.0,0.0,0
forward_start,1780281087.774765,48,48,48,48,FULL,1780281087.774765,1780281087.7749546,0.1895427703857422,decode,1,0,452712,0.0,0.0,0
forward_start,1780281087.785221,46,46,46,48,FULL,1780281087.785221,1780281087.7855568,0.335693359375,decode,0,0,452715,0.335693359375,1.0,1
forward_start,1780281087.7882407,46,46,46,48,FULL,1780281087.7882407,1780281087.7885315,0.29087066650390625,decode,0,0,452715,0.4298686981201172,1.4778688524590164,2
forward_start,1780281087.7888813,48,48,48,48,FULL,1780281087.7888813,1780281087.789117,0.2357959747314453,decode,1,0,452712,0.4715919494628906,2.0,2
forward_start,1780281087.7996678,48,48,48,48,FULL,1780281087.7996678,1780281087.799858,0.19025802612304688,decode,1,0,452712,0.38051605224609375,2.0,2
forward_start,1780281087.799668,46,46,46,48,FULL,1780281087.799668,1780281087.7998714,0.2033710479736328,decode,0,0,452715,0.4067420959472656,2.0,2
forward_start,1780281087.8118093,46,46,46,48,FULL,1780281087.8118093,1780281087.8119955,0.1862049102783203,decode,0,0,452715,0.0,0.0,0
forward_start,1780281087.8118603,48,48,48,48,FULL,1780281087.8118603,1780281087.8120496,0.18930435180664062,decode,1,0,452712,0.0,0.0,0
forward_start,1780281087.8245704,49,49,49,56,FULL,1780281087.8245704,1780281087.8247564,0.18596649169921875,decode,1,0,452712,0.038623809814453125,0.2076923076923077,1
forward_start,1780281087.8310778,47,47,47,56,FULL,1780281087.8310778,1780281087.8313177,0.23984909057617188,decode,0,0,452715,0.23984909057617188,1.0,1
forward_start,1780281087.8363109,47,47,47,56,FULL,1780281087.8363109,1780281087.8365521,0.24127960205078125,decode,0,0,452715,0.24127960205078125,1.0,1
forward_start,1780281087.8363776,49,49,49,56,FULL,1780281087.8363776,1780281087.836564,0.18644332885742188,decode,1,0,452712,0.18644332885742188,1.0,1
forward_start,1780281087.848902,46,46,46,48,FULL,1780281087.848902,1780281087.8491046,0.20265579223632812,decode,0,0,452715,0.20265579223632812,1.0,1
forward_start,1780281087.8489153,48,48,48,48,FULL,1780281087.8489153,1780281087.849108,0.1926422119140625,decode,1,0,452712,0.1926422119140625,1.0,1
forward_start,1780281087.8607838,48,48,48,48,FULL,1780281087.8607838,1780281087.860976,0.19216537475585938,decode,1,0,452712,0.0,0.0,0
forward_start,1780281087.8607903,46,46,46,48,FULL,1780281087.8607903,1780281087.8609955,0.2052783966064453,decode,0,0,452715,0.0,0.0,0
forward_start,1780281087.8732138,47,47,47,48,FULL,1780281087.8732138,1780281087.873453,0.2391338348388672,decode,0,0,452715,0.0,0.0,0
forward_start,1780281087.8732445,48,48,48,48,FULL,1780281087.8732445,1780281087.8734534,0.20885467529296875,decode,1,0,452712,0.0,0.0,0
forward_start,1780281087.885104,47,47,47,48,FULL,1780281087.885104,1780281087.885297,0.19311904907226562,decode,0,0,452715,0.0,0.0,0
forward_start,1780281087.8851616,48,48,48,48,FULL,1780281087.8851616,1780281087.8853714,0.209808349609375,decode,1,0,452712,0.0,0.0,0
forward_start,1780281087.8976243,47,47,47,48,FULL,1780281087.8976243,1780281087.8978271,0.2028942108154297,decode,0,0,452715,0.0,0.0,0
forward_start,1780281087.8976345,47,47,47,48,FULL,1780281087.8976345,1780281087.8978243,0.18978118896484375,decode,1,0,452712,0.0,0.0,0
forward_start,1780281087.9096937,47,47,47,48,FULL,1780281087.9096937,1780281087.9098978,0.2040863037109375,decode,0,0,452715,0.0,0.0,0
forward_start,1780281087.9097059,47,47,47,48,FULL,1780281087.9097059,1780281087.909896,0.1900196075439453,decode,1,0,452712,0.0,0.0,0
forward_start,1780281087.9218647,47,47,47,48,FULL,1780281087.9218647,1780281087.922066,0.20122528076171875,decode,0,0,452715,0.0,0.0,0
forward_start,1780281087.9218967,47,47,47,48,FULL,1780281087.9218967,1780281087.922087,0.19025802612304688,decode,1,0,452712,0.0,0.0,0
forward_start,1780281087.9341931,47,47,47,48,FULL,1780281087.9341931,1780281087.9344296,0.23651123046875,decode,0,0,452715,0.0,0.0,0
forward_start,1780281087.9528875,46,46,46,48,FULL,1780281087.9528875,1780281087.9530773,0.18978118896484375,decode,1,0,452712,0.18978118896484375,1.0,1
forward_start,1780281087.9585981,47,47,47,48,FULL,1780281087.9585981,1780281087.9588187,0.2205371856689453,decode,0,0,452715,0.6616115570068359,3.0,3
forward_start,1780281087.9593227,46,46,46,48,FULL,1780281087.9593227,1780281087.9595447,0.2219676971435547,decode,1,0,452712,0.6659030914306641,3.0,3
forward_start,1780281087.9688795,46,46,46,48,FULL,1780281087.9688795,1780281087.9691143,0.23484230041503906,decode,1,0,452712,1.1742115020751953,5.0,5
forward_start,1780281087.9696133,47,47,47,48,FULL,1780281087.9696133,1780281087.9698272,0.21386146545410156,decode,0,0,452715,0.6415843963623047,3.0,3
forward_start,1780281087.979876,46,46,46,48,FULL,1780281087.979876,1780281087.9800801,0.2040863037109375,decode,0,0,452715,0.2040863037109375,1.0,1
forward_start,1780281087.979893,45,45,45,48,FULL,1780281087.979893,1780281087.980086,0.19311904907226562,decode,1,0,452712,0.19311904907226562,1.0,1
forward_start,1780281087.9920716,48,48,48,48,FULL,1780281087.9920716,1780281087.992277,0.2052783966064453,decode,0,0,452715,0.0,0.0,0
forward_start,1780281087.9921277,47,47,47,48,FULL,1780281087.9921277,1780281087.9923172,0.1895427703857422,decode,1,0,452712,0.0,0.0,0
forward_start,1780281088.0044916,48,48,48,48,FULL,1780281088.0044916,1780281088.00468,0.18835067749023438,decode,1,0,452712,0.0,0.0,0
forward_start,1780281088.004503,47,47,47,48,FULL,1780281088.004503,1780281088.0047054,0.20241737365722656,decode,0,0,452715,0.0,0.0,0
forward_start,1780281088.0164857,48,48,48,48,FULL,1780281088.0164857,1780281088.0166721,0.18644332885742188,decode,1,0,452712,0.0,0.0,0
forward_start,1780281088.0165017,47,47,47,48,FULL,1780281088.0165017,1780281088.0167096,0.2079010009765625,decode,0,0,452715,0.0,0.0,0
forward_start,1780281088.0287452,48,48,48,48,FULL,1780281088.0287452,1780281088.0289342,0.18906593322753906,decode,1,0,452712,0.0,0.0,0
forward_start,1780281088.0287673,47,47,47,48,FULL,1780281088.0287673,1780281088.0289693,0.20194053649902344,decode,0,0,452715,0.0,0.0,0
forward_start,1780281088.0408087,47,47,47,48,FULL,1780281088.0408087,1780281088.0409973,0.18858909606933594,decode,0,0,452715,0.0,0.0,0
forward_start,1780281088.0408835,48,48,48,48,FULL,1780281088.0408835,1780281088.0410717,0.1881122589111328,decode,1,0,452712,0.0,0.0,0
forward_start,1780281088.0530002,47,47,47,48,FULL,1780281088.0530002,1780281088.0532033,0.20313262939453125,decode,0,0,452715,0.0,0.0,0
forward_start,1780281088.0530121,48,48,48,48,FULL,1780281088.0530121,1780281088.0531979,0.1857280731201172,decode,1,0,452712,0.0,0.0,0
forward_start,1780281088.06596,47,47,47,48,FULL,1780281088.06596,1780281088.0661592,0.19931793212890625,decode,0,0,452715,0.0,0.0,0
forward_start,1780281088.0659678,48,48,48,48,FULL,1780281088.0659678,1780281088.0661583,0.19049644470214844,decode,1,0,452712,0.0,0.0,0
forward_start,1780281088.0778635,48,48,48,48,FULL,1780281088.0778635,1780281088.07805,0.18644332885742188,decode,1,0,452712,0.0,0.0,0
forward_start,1780281088.0778685,47,47,47,48,FULL,1780281088.0778685,1780281088.078068,0.1995563507080078,decode,0,0,452715,0.0,0.0,0
forward_start,1780281088.089555,47,47,47,48,FULL,1780281088.089555,1780281088.0897455,0.19049644470214844,decode,0,0,452715,0.0,0.0,0
forward_start,1780281088.0896208,48,48,48,48,FULL,1780281088.0896208,1780281088.0898104,0.1895427703857422,decode,1,0,452712,0.0,0.0,0
forward_start,1780281088.102007,47,47,47,48,FULL,1780281088.102007,1780281088.1022089,0.20194053649902344,decode,0,0,452715,0.0,0.0,0
forward_start,1780281088.102012,48,48,48,48,FULL,1780281088.102012,1780281088.102201,0.18906593322753906,decode,1,0,452712,0.0,0.0,0
forward_start,1780281088.1141539,48,48,48,48,FULL,1780281088.1141539,1780281088.1143587,0.2048015594482422,decode,1,0,452712,0.0,0.0,0
forward_start,1780281088.1258042,47,47,47,48,FULL,1780281088.1258042,1780281088.126094,0.2899169921875,decode,0,0,452715,0.2899169921875,1.0,1
forward_start,1780281088.1287944,47,47,47,48,FULL,1780281088.1287944,1780281088.1290495,0.2551078796386719,decode,0,0,452715,0.2551078796386719,1.0,1
forward_start,1780281088.128805,48,48,48,48,FULL,1780281088.128805,1780281088.1289783,0.17333030700683594,decode,1,0,452712,0.17333030700683594,1.0,1
forward_start,1780281088.1403117,47,47,47,48,FULL,1780281088.1403117,1780281088.1405337,0.2219676971435547,decode,0,0,452715,0.2219676971435547,1.0,1
forward_start,1780281088.140401,47,47,47,48,FULL,1780281088.140401,1780281088.140586,0.1850128173828125,decode,1,0,452712,0.1678466796875,0.9072164948453608,1
forward_start,1780281088.1526654,47,47,47,48,FULL,1780281088.1526654,1780281088.1528678,0.20241737365722656,decode,0,0,452715,0.0,0.0,0
forward_start,1780281088.1526935,47,47,47,48,FULL,1780281088.1526935,1780281088.1528769,0.18334388732910156,decode,1,0,452712,0.0,0.0,0
forward_start,1780281088.165224,48,48,48,48,FULL,1780281088.165224,1780281088.16546,0.23603439331054688,decode,0,0,452715,0.0,0.0,0
forward_start,1780281088.1652763,47,47,47,48,FULL,1780281088.1652763,1780281088.165485,0.2086162567138672,decode,1,0,452712,0.0,0.0,0
forward_start,1780281088.177153,48,48,48,48,FULL,1780281088.177153,1780281088.1773834,0.23031234741210938,decode,0,0,452715,0.0,0.0,0
forward_start,1780281088.1772306,47,47,47,48,FULL,1780281088.1772306,1780281088.1774433,0.21266937255859375,decode,1,0,452712,0.0,0.0,0
forward_start,1780281088.1989048,47,47,47,48,FULL,1780281088.1989048,1780281088.199137,0.23221969604492188,decode,1,0,452712,0.46443939208984375,2.0,2
forward_start,1780281088.2021646,48,48,48,48,FULL,1780281088.2021646,1780281088.202471,0.3063678741455078,decode,0,0,452715,0.6127357482910156,2.0,2
forward_start,1780281088.2052395,48,48,48,48,FULL,1780281088.2052395,1780281088.2054932,0.2536773681640625,decode,0,0,452715,0.507354736328125,2.0,2
forward_start,1780281088.2055206,46,46,46,48,FULL,1780281088.2055206,1780281088.2057402,0.21958351135253906,decode,1,0,452712,0.4391670227050781,2.0,2
forward_start,1780281088.2168834,46,46,46,48,FULL,1780281088.2168834,1780281088.217071,0.1876354217529297,decode,1,0,452712,0.1876354217529297,1.0,1
forward_start,1780281088.2169025,48,48,48,48,FULL,1780281088.2169025,1780281088.2171159,0.21338462829589844,decode,0,0,452715,0.21338462829589844,1.0,1
forward_start,1780281088.2290134,48,48,48,48,FULL,1780281088.2290134,1780281088.2292166,0.20313262939453125,decode,0,0,452715,0.0,0.0,0
forward_start,1780281088.22908,47,47,47,48,FULL,1780281088.22908,1780281088.229267,0.186920166015625,decode,1,0,452712,0.0,0.0,0
forward_start,1780281088.2415652,49,49,49,56,FULL,1780281088.2415652,1780281088.241774,0.20885467529296875,decode,0,0,452715,0.0,0.0,0
forward_start,1780281088.2416003,47,47,47,56,FULL,1780281088.2416003,1780281088.241789,0.1888275146484375,decode,1,0,452712,0.0,0.0,0
forward_start,1780281088.253735,49,49,49,56,FULL,1780281088.253735,1780281088.2539365,0.2014636993408203,decode,0,0,452715,0.0,0.0,0
forward_start,1780281088.253749,47,47,47,56,FULL,1780281088.253749,1780281088.2539344,0.18548965454101562,decode,1,0,452712,0.0,0.0,0
forward_start,1780281088.2660062,49,49,49,56,FULL,1780281088.2660062,1780281088.2662108,0.20456314086914062,decode,0,0,452715,0.0,0.0,0
forward_start,1780281088.2865553,47,47,47,56,FULL,1780281088.2865553,1780281088.286746,0.19073486328125,decode,1,0,452712,0.19073486328125,1.0,1
forward_start,1780281088.2918937,49,49,49,56,FULL,1780281088.2918937,1780281088.2921138,0.2200603485107422,decode,0,0,452715,0.6601810455322266,3.0,3
forward_start,1780281088.2923017,46,46,46,56,FULL,1780281088.2923017,1780281088.2925587,0.2570152282714844,decode,1,0,452712,0.7710456848144531,3.0,3
forward_start,1780281088.300984,49,49,49,56,FULL,1780281088.300984,1780281088.301185,0.2009868621826172,decode,0,0,452715,0.4019737243652344,2.0,2
forward_start,1780281088.304546,46,46,46,56,FULL,1780281088.304546,1780281088.304757,0.2110004425048828,decode,1,0,452712,0.4220008850097656,2.0,2
forward_start,1780281088.3136966,49,49,49,56,FULL,1780281088.3136966,1780281088.3139048,0.20813941955566406,decode,0,0,452715,0.20813941955566406,1.0,1
forward_start,1780281088.313749,47,47,47,56,FULL,1780281088.313749,1780281088.3139334,0.1842975616455078,decode,1,0,452712,0.1842975616455078,1.0,1
forward_start,1780281088.325973,50,50,50,56,FULL,1780281088.325973,1780281088.3261786,0.20551681518554688,decode,0,0,452715,0.0,0.0,0
forward_start,1780281088.3260086,48,48,48,56,FULL,1780281088.3260086,1780281088.3261967,0.1881122589111328,decode,1,0,452712,0.0,0.0,0
forward_start,1780281088.338418,50,50,50,56,FULL,1780281088.338418,1780281088.3386438,0.2257823944091797,decode,0,0,452715,0.0,0.0,0
forward_start,1780281088.3384488,49,49,49,56,FULL,1780281088.3384488,1780281088.338641,0.19216537475585938,decode,1,0,452712,0.0,0.0,0
forward_start,1780281088.3505595,50,50,50,56,FULL,1780281088.3505595,1780281088.3507652,0.20575523376464844,decode,0,0,452715,0.0,0.0,0
forward_start,1780281088.3505626,49,49,49,56,FULL,1780281088.3505626,1780281088.3507493,0.18668174743652344,decode,1,0,452712,0.0,0.0,0
forward_start,1780281088.363022,50,50,50,56,FULL,1780281088.363022,1780281088.3632264,0.20432472229003906,decode,0,0,452715,0.0,0.0,0
forward_start,1780281088.3630638,49,49,49,56,FULL,1780281088.3630638,1780281088.363252,0.1881122589111328,decode,1,0,452712,0.0,0.0,0
forward_start,1780281088.3754685,49,49,49,56,FULL,1780281088.3754685,1780281088.375671,0.20241737365722656,decode,0,0,452715,0.0,0.0,0
forward_start,1780281088.375499,48,48,48,56,FULL,1780281088.375499,1780281088.3756862,0.18715858459472656,decode,1,0,452712,0.0,0.0,0
forward_start,1780281088.3880117,48,48,48,56,FULL,1780281088.3880117,1780281088.3881962,0.18453598022460938,decode,1,0,452712,0.0,0.0,0
forward_start,1780281088.395692,49,49,49,56,FULL,1780281088.395692,1780281088.3959827,0.2906322479248047,decode,0,0,452715,0.2906322479248047,1.0,1
forward_start,1780281088.400181,49,49,49,56,FULL,1780281088.400181,1780281088.4004102,0.22912025451660156,decode,0,0,452715,0.22912025451660156,1.0,1
forward_start,1780281088.400229,48,48,48,56,FULL,1780281088.400229,1780281088.400437,0.20813941955566406,decode,1,0,452712,0.20813941955566406,1.0,1
forward_start,1780281088.4126616,49,49,49,56,FULL,1780281088.4126616,1780281088.4128685,0.20694732666015625,decode,0,0,452715,0.0,0.0,0
forward_start,1780281088.4126782,48,48,48,56,FULL,1780281088.4126782,1780281088.4128654,0.18715858459472656,decode,1,0,452712,0.0,0.0,0
forward_start,1780281088.425352,50,50,50,56,FULL,1780281088.425352,1780281088.425571,0.21886825561523438,decode,0,0,452715,0.0,0.0,0
forward_start,1780281088.4253995,48,48,48,56,FULL,1780281088.4253995,1780281088.425586,0.18644332885742188,decode,1,0,452712,0.0,0.0,0
forward_start,1780281088.4373775,50,50,50,56,FULL,1780281088.4373775,1780281088.4375815,0.2040863037109375,decode,0,0,452715,0.0,0.0,0
forward_start,1780281088.4374633,48,48,48,56,FULL,1780281088.4374633,1780281088.437649,0.1857280731201172,decode,1,0,452712,0.0,0.0,0
forward_start,1780281088.4499676,50,50,50,56,FULL,1780281088.4499676,1780281088.450158,0.19049644470214844,decode,0,0,452715,0.0,0.0,0
forward_start,1780281088.449981,48,48,48,56,FULL,1780281088.449981,1780281088.450166,0.1850128173828125,decode,1,0,452712,0.0,0.0,0
forward_start,1780281088.462093,50,50,50,56,FULL,1780281088.462093,1780281088.4622867,0.19359588623046875,decode,0,0,452715,0.0,0.0,0
forward_start,1780281088.4621825,48,48,48,56,FULL,1780281088.4621825,1780281088.4623806,0.19812583923339844,decode,1,0,452712,0.0,0.0,0
forward_start,1780281088.4749632,50,50,50,56,FULL,1780281088.4749632,1780281088.4751585,0.1952648162841797,decode,0,0,452715,0.0,0.0,0
forward_start,1780281088.4750364,48,48,48,56,FULL,1780281088.4750364,1780281088.475222,0.1857280731201172,decode,1,0,452712,0.0,0.0,0
forward_start,1780281088.4870746,48,48,48,56,FULL,1780281088.4870746,1780281088.4872599,0.18525123596191406,decode,1,0,452712,0.0,0.0,0
forward_start,1780281088.4871163,50,50,50,56,FULL,1780281088.4871163,1780281088.4873328,0.21648406982421875,decode,0,0,452715,0.0,0.0,0
forward_start,1780281088.4994116,50,50,50,56,FULL,1780281088.4994116,1780281088.4996185,0.20694732666015625,decode,0,0,452715,0.0,0.0,0
forward_start,1780281088.4994583,48,48,48,56,FULL,1780281088.4994583,1780281088.4996467,0.18835067749023438,decode,1,0,452712,0.0,0.0,0
forward_start,1780281088.5117235,50,50,50,56,FULL,1780281088.5117235,1780281088.511916,0.19240379333496094,decode,0,0,452715,0.0,0.0,0
forward_start,1780281088.5118234,48,48,48,56,FULL,1780281088.5118234,1780281088.512009,0.18548965454101562,decode,1,0,452712,0.0,0.0,0
forward_start,1780281088.5242097,49,49,49,56,FULL,1780281088.5242097,1780281088.524434,0.2243518829345703,decode,0,0,452715,0.0,0.0,0
forward_start,1780281088.524246,48,48,48,56,FULL,1780281088.524246,1780281088.5244565,0.2105236053466797,decode,1,0,452712,0.0,0.0,0
forward_start,1780281088.5365002,49,49,49,56,FULL,1780281088.5365002,1780281088.5367022,0.20194053649902344,decode,0,0,452715,0.0,0.0,0
forward_start,1780281088.5365813,47,47,47,56,FULL,1780281088.5365813,1780281088.5367682,0.186920166015625,decode,1,0,452712,0.0,0.0,0
forward_start,1780281088.5490677,49,49,49,56,FULL,1780281088.5490677,1780281088.5492673,0.1995563507080078,decode,0,0,452715,0.0,0.0,0
forward_start,1780281088.5490844,47,47,47,56,FULL,1780281088.5490844,1780281088.549276,0.19168853759765625,decode,1,0,452712,0.0,0.0,0
forward_start,1780281088.5617144,47,47,47,56,FULL,1780281088.5617144,1780281088.5619023,0.18787384033203125,decode,1,0,452712,0.0,0.0,0
forward_start,1780281088.5617187,49,49,49,56,FULL,1780281088.5617187,1780281088.5619307,0.21195411682128906,decode,0,0,452715,0.0,0.0,0
forward_start,1780281088.5739882,49,49,49,56,FULL,1780281088.5739882,1780281088.5741937,0.20551681518554688,decode,0,0,452715,0.0,0.0,0
forward_start,1780281088.5866468,47,47,47,56,FULL,1780281088.5866468,1780281088.5868638,0.21696090698242188,decode,1,0,452712,0.21696090698242188,1.0,1
forward_start,1780281088.589852,47,47,47,56,FULL,1780281088.589852,1780281088.5900552,0.20313262939453125,decode,1,0,452712,0.20313262939453125,1.0,1
forward_start,1780281088.5898795,49,49,49,56,FULL,1780281088.5898795,1780281088.5900807,0.20122528076171875,decode,0,0,452715,0.20122528076171875,1.0,1
forward_start,1780281088.6010904,49,49,49,56,FULL,1780281088.6010904,1780281088.6012838,0.1933574676513672,decode,0,0,452715,0.1933574676513672,1.0,1
forward_start,1780281088.601184,47,47,47,56,FULL,1780281088.601184,1780281088.6013916,0.20766258239746094,decode,1,0,452712,0.20766258239746094,1.0,1
forward_start,1780281088.613474,49,49,49,56,FULL,1780281088.613474,1780281088.6136687,0.19478797912597656,decode,0,0,452715,0.0,0.0,0
forward_start,1780281088.613578,47,47,47,56,FULL,1780281088.613578,1780281088.6137657,0.1876354217529297,decode,1,0,452712,0.0,0.0,0
forward_start,1780281088.6260026,49,49,49,56,FULL,1780281088.6260026,1780281088.6261945,0.1919269561767578,decode,0,0,452715,0.0,0.0,0
forward_start,1780281088.6260903,48,48,48,56,FULL,1780281088.6260903,1780281088.626279,0.1888275146484375,decode,1,0,452712,0.0,0.0,0
forward_start,1780281088.6387122,49,49,49,56,FULL,1780281088.6387122,1780281088.6389112,0.1990795135498047,decode,0,0,452715,0.0,0.0,0
forward_start,1780281088.6387234,48,48,48,56,FULL,1780281088.6387234,1780281088.6389127,0.18930435180664062,decode,1,0,452712,0.0,0.0,0
forward_start,1780281088.6508808,49,49,49,56,FULL,1780281088.6508808,1780281088.6510859,0.20503997802734375,decode,0,0,452715,0.0,0.0,0
forward_start,1780281088.665121,48,48,48,56,FULL,1780281088.665121,1780281088.6653478,0.22673606872558594,decode,1,0,452712,0.22673606872558594,1.0,1
forward_start,1780281088.6682923,48,48,48,56,FULL,1780281088.6682923,1780281088.668506,0.213623046875,decode,1,0,452712,0.24890899658203125,1.1651785714285714,2
forward_start,1780281088.6709926,49,49,49,56,FULL,1780281088.6709926,1780281088.671207,0.2143383026123047,decode,0,0,452715,0.4286766052246094,2.0,2
forward_start,1780281088.680287,49,49,49,56,FULL,1780281088.680287,1780281088.6805375,0.2505779266357422,decode,0,0,452715,0.7517337799072266,3.0,3
forward_start,1780281088.6841125,48,48,48,56,FULL,1780281088.6841125,1780281088.6843297,0.21719932556152344,decode,1,0,452712,0.4343986511230469,2.0,2
forward_start,1780281088.6922312,48,48,48,56,FULL,1780281088.6922312,1780281088.6924403,0.2090930938720703,decode,1,0,452712,0.21076202392578125,1.007981755986317,2
forward_start,1780281088.694671,49,49,49,56,FULL,1780281088.694671,1780281088.6948833,0.2124309539794922,decode,0,0,452715,0.0,0.0,0
forward_start,1780281088.704585,50,50,50,56,FULL,1780281088.704585,1780281088.7047834,0.1983642578125,decode,0,0,452715,0.0,0.0,0
forward_start,1780281088.7046115,49,49,49,56,FULL,1780281088.7046115,1780281088.7047994,0.18787384033203125,decode,1,0,452712,0.0,0.0,0
forward_start,1780281088.7170205,51,51,51,56,FULL,1780281088.7170205,1780281088.7172089,0.18835067749023438,decode,0,0,452715,0.0030994415283203125,0.016455696202531647,1
forward_start,1780281088.718893,49,49,49,56,FULL,1780281088.718893,1780281088.7191303,0.2372264862060547,decode,1,0,452712,0.2372264862060547,1.0,1
forward_start,1780281088.7292054,50,50,50,56,FULL,1780281088.7292054,1780281088.7294471,0.24175643920898438,decode,0,0,452715,0.24175643920898438,1.0,1
forward_start,1780281088.7292538,49,49,49,56,FULL,1780281088.7292538,1780281088.729462,0.20813941955566406,decode,1,0,452712,0.20813941955566406,1.0,1
forward_start,1780281088.7416399,50,50,50,56,FULL,1780281088.7416399,1780281088.7418413,0.2014636993408203,decode,0,0,452715,0.0,0.0,0
forward_start,1780281088.7416778,49,49,49,56,FULL,1780281088.7416778,1780281088.7418666,0.1888275146484375,decode,1,0,452712,0.0,0.0,0
forward_start,1780281088.7539055,50,50,50,56,FULL,1780281088.7539055,1780281088.7541072,0.20170211791992188,decode,0,0,452715,0.0,0.0,0
forward_start,1780281088.7539418,49,49,49,56,FULL,1780281088.7539418,1780281088.7541294,0.1876354217529297,decode,1,0,452712,0.0,0.0,0
forward_start,1780281088.7661536,50,50,50,56,FULL,1780281088.7661536,1780281088.7663794,0.2257823944091797,decode,0,0,452715,0.0,0.0,0
forward_start,1780281088.7661648,49,49,49,56,FULL,1780281088.7661648,1780281088.7663784,0.213623046875,decode,1,0,452712,0.0,0.0,0
forward_start,1780281088.7785265,49,49,49,56,FULL,1780281088.7785265,1780281088.7787137,0.18715858459472656,decode,1,0,452712,0.0,0.0,0
forward_start,1780281088.7785585,50,50,50,56,FULL,1780281088.7785585,1780281088.7787704,0.21195411682128906,decode,0,0,452715,0.0,0.0,0
forward_start,1780281088.7908952,49,49,49,56,FULL,1780281088.7908952,1780281088.791095,0.19979476928710938,decode,1,0,452712,0.0,0.0,0
forward_start,1780281088.8069344,50,50,50,56,FULL,1780281088.8069344,1780281088.8072402,0.3058910369873047,decode,0,0,452715,0.3058910369873047,1.0,1
forward_start,1780281088.8103056,50,50,50,56,FULL,1780281088.8103056,1780281088.8106537,0.34809112548828125,decode,0,0,452715,0.34809112548828125,1.0,1
forward_start,1780281088.810359,49,49,49,56,FULL,1780281088.810359,1780281088.8105464,0.18739700317382812,decode,1,0,452712,0.18739700317382812,1.0,1
forward_start,1780281088.8215456,49,49,49,56,FULL,1780281088.8215456,1780281088.8217175,0.17189979553222656,decode,1,0,452712,0.17189979553222656,1.0,1
forward_start,1780281088.821587,50,50,50,56,FULL,1780281088.821587,1780281088.8217912,0.2040863037109375,decode,0,0,452715,0.2040863037109375,1.0,1
forward_start,1780281088.8339927,50,50,50,56,FULL,1780281088.8339927,1780281088.8341978,0.20503997802734375,decode,0,0,452715,0.0,0.0,0
forward_start,1780281088.8340132,49,49,49,56,FULL,1780281088.8340132,1780281088.8342001,0.186920166015625,decode,1,0,452712,0.0,0.0,0
forward_start,1780281088.8465726,51,51,51,56,FULL,1780281088.8465726,1780281088.846774,0.2014636993408203,decode,0,0,452715,0.0,0.0,0
forward_start,1780281088.846591,49,49,49,56,FULL,1780281088.846591,1780281088.8467784,0.18739700317382812,decode,1,0,452712,0.0,0.0,0
forward_start,1780281088.858542,51,51,51,56,FULL,1780281088.858542,1780281088.858746,0.2040863037109375,decode,0,0,452715,0.0,0.0,0
forward_start,1780281088.858576,49,49,49,56,FULL,1780281088.858576,1780281088.8587632,0.18715858459472656,decode,1,0,452712,0.0,0.0,0
forward_start,1780281088.876857,49,49,49,56,FULL,1780281088.876857,1780281088.877077,0.2200603485107422,decode,1,0,452712,0.4401206970214844,2.0,2
forward_start,1780281088.8789155,51,51,51,56,FULL,1780281088.8789155,1780281088.8792183,0.3027915954589844,decode,0,0,452715,0.6055831909179688,2.0,2
forward_start,1780281088.8845546,50,50,50,56,FULL,1780281088.8845546,1780281088.8847682,0.213623046875,decode,0,0,452715,0.5578994750976562,2.611607142857143,3
forward_start,1780281088.885842,49,49,49,56,FULL,1780281088.885842,1780281088.886057,0.2148151397705078,decode,1,0,452712,0.4296302795410156,2.0,2
forward_start,1780281088.8960152,50,50,50,56,FULL,1780281088.8960152,1780281088.8962188,0.20360946655273438,decode,0,0,452715,0.40721893310546875,2.0,2
forward_start,1780281088.8985624,49,49,49,56,FULL,1780281088.8985624,1780281088.8987687,0.20623207092285156,decode,1,0,452712,0.4124641418457031,2.0,2
forward_start,1780281088.9085484,51,51,51,56,FULL,1780281088.9085484,1780281088.9087553,0.20694732666015625,decode,0,0,452715,0.0,0.0,0
forward_start,1780281088.9085674,49,49,49,56,FULL,1780281088.9085674,1780281088.9087534,0.18596649169921875,decode,1,0,452712,0.0,0.0,0
forward_start,1780281088.92077,51,51,51,56,FULL,1780281088.92077,1780281088.9209747,0.2048015594482422,decode,0,0,452715,0.0,0.0,0
forward_start,1780281088.9207761,52,52,52,56,FULL,1780281088.9207761,1780281088.9209616,0.18548965454101562,decode,1,0,452712,0.0,0.0,0
forward_start,1780281088.932862,51,51,51,56,FULL,1780281088.932862,1780281088.9330645,0.20241737365722656,decode,0,0,452715,0.0,0.0,0
forward_start,1780281088.9328709,52,52,52,56,FULL,1780281088.9328709,1780281088.9330568,0.18596649169921875,decode,1,0,452712,0.0,0.0,0
forward_start,1780281088.9450908,52,52,52,56,FULL,1780281088.9450908,1780281088.94527,0.179290771484375,decode,1,0,452712,0.0,0.0,0
forward_start,1780281088.9498096,51,51,51,56,FULL,1780281088.9498096,1780281088.9500363,0.22673606872558594,decode,0,0,452715,0.22673606872558594,1.0,1
forward_start,1780281088.9575143,51,51,51,56,FULL,1780281088.9575143,1780281088.9577231,0.20885467529296875,decode,0,0,452715,0.20885467529296875,1.0,1
forward_start,1780281088.957564,52,52,52,56,FULL,1780281088.957564,1780281088.9577518,0.1876354217529297,decode,1,0,452712,0.1876354217529297,1.0,1
forward_start,1780281088.9699566,51,51,51,56,FULL,1780281088.9699566,1780281088.9701583,0.20170211791992188,decode,0,0,452715,0.0,0.0,0
forward_start,1780281088.9699848,52,52,52,56,FULL,1780281088.9699848,1780281088.970175,0.19025802612304688,decode,1,0,452712,0.0,0.0,0
forward_start,1780281088.9824913,52,52,52,56,FULL,1780281088.9824913,1780281088.982708,0.2167224884033203,decode,0,0,452715,0.0,0.0,0
forward_start,1780281088.9825044,50,50,50,56,FULL,1780281088.9825044,1780281088.9826915,0.18715858459472656,decode,1,0,452712,0.0,0.0,0
forward_start,1780281088.9945753,52,52,52,56,FULL,1780281088.9945753,1780281088.994779,0.20384788513183594,decode,0,0,452715,0.0,0.0,0
forward_start,1780281088.9946008,50,50,50,56,FULL,1780281088.9946008,1780281088.9947877,0.186920166015625,decode,1,0,452712,0.0,0.0,0
forward_start,1780281089.0071025,51,51,51,56,FULL,1780281089.0071025,1780281089.0073066,0.2040863037109375,decode,0,0,452715,0.0,0.0,0
forward_start,1780281089.007122,50,50,50,56,FULL,1780281089.007122,1780281089.0073092,0.18715858459472656,decode,1,0,452712,0.0,0.0,0
forward_start,1780281089.0196588,50,50,50,56,FULL,1780281089.0196588,1780281089.0198479,0.18906593322753906,decode,1,0,452712,0.0,0.0,0
forward_start,1780281089.0279253,51,51,51,56,FULL,1780281089.0279253,1780281089.0282328,0.3075599670410156,decode,0,0,452715,0.3075599670410156,1.0,1
forward_start,1780281089.0316606,51,51,51,56,FULL,1780281089.0316606,1780281089.0318666,0.20599365234375,decode,0,0,452715,0.20599365234375,1.0,1
forward_start,1780281089.031667,50,50,50,56,FULL,1780281089.031667,1780281089.0318513,0.1842975616455078,decode,1,0,452712,0.1842975616455078,1.0,1
forward_start,1780281089.044212,51,51,51,56,FULL,1780281089.044212,1780281089.044461,0.24890899658203125,decode,0,0,452715,0.07843971252441406,0.31513409961685823,1
forward_start,1780281089.0461345,50,50,50,56,FULL,1780281089.0461345,1780281089.0463567,0.22220611572265625,decode,1,0,452712,0.22220611572265625,1.0,1
forward_start,1780281089.0564957,52,52,52,56,FULL,1780281089.0564957,1780281089.0566988,0.20313262939453125,decode,0,0,452715,0.0,0.0,0
forward_start,1780281089.0565262,50,50,50,56,FULL,1780281089.0565262,1780281089.0567112,0.1850128173828125,decode,1,0,452712,0.0,0.0,0
forward_start,1780281089.0688093,52,52,52,56,FULL,1780281089.0688093,1780281089.069013,0.20384788513183594,decode,0,0,452715,0.0,0.0,0
forward_start,1780281089.0688162,51,51,51,56,FULL,1780281089.0688162,1780281089.0690024,0.1862049102783203,decode,1,0,452712,0.0,0.0,0
forward_start,1780281089.0811744,50,50,50,56,FULL,1780281089.0811744,1780281089.0814128,0.2384185791015625,decode,0,0,452715,0.0,0.0,0
forward_start,1780281089.0811808,51,51,51,56,FULL,1780281089.0811808,1780281089.0813823,0.2014636993408203,decode,1,0,452712,0.0,0.0,0
forward_start,1780281089.0934591,50,50,50,56,FULL,1780281089.0934591,1780281089.0936673,0.20813941955566406,decode,0,0,452715,0.0,0.0,0
forward_start,1780281089.0934942,51,51,51,56,FULL,1780281089.0934942,1780281089.0936804,0.1862049102783203,decode,1,0,452712,0.0,0.0,0
forward_start,1780281089.1056197,50,50,50,56,FULL,1780281089.1056197,1780281089.1058273,0.20766258239746094,decode,0,0,452715,0.0,0.0,0
forward_start,1780281089.1056347,51,51,51,56,FULL,1780281089.1056347,1780281089.1058233,0.18858909606933594,decode,1,0,452712,0.0,0.0,0
forward_start,1780281089.1182456,50,50,50,56,FULL,1780281089.1182456,1780281089.118498,0.2524852752685547,decode,0,0,452715,0.0,0.0,0
forward_start,1780281089.1182952,51,51,51,56,FULL,1780281089.1182952,1780281089.1185048,0.20956993103027344,decode,1,0,452712,0.0,0.0,0
forward_start,1780281089.130612,50,50,50,56,FULL,1780281089.130612,1780281089.130819,0.2071857452392578,decode,0,0,452715,0.0,0.0,0
forward_start,1780281089.1306129,51,51,51,56,FULL,1780281089.1306129,1780281089.1307983,0.18548965454101562,decode,1,0,452712,0.0,0.0,0
forward_start,1780281089.1429899,50,50,50,56,FULL,1780281089.1429899,1780281089.1431928,0.2028942108154297,decode,0,0,452715,0.0,0.0,0
forward_start,1780281089.1430087,51,51,51,56,FULL,1780281089.1430087,1780281089.1431954,0.18668174743652344,decode,1,0,452712,0.0,0.0,0
forward_start,1780281089.155426,50,50,50,56,FULL,1780281089.155426,1780281089.1556356,0.20956993103027344,decode,0,0,452715,0.0,0.0,0
forward_start,1780281089.1554565,51,51,51,56,FULL,1780281089.1554565,1780281089.155646,0.1895427703857422,decode,1,0,452712,0.0,0.0,0
forward_start,1780281089.1679204,50,50,50,56,FULL,1780281089.1679204,1780281089.1681275,0.2071857452392578,decode,0,0,452715,0.0,0.0,0
forward_start,1780281089.167946,51,51,51,56,FULL,1780281089.167946,1780281089.1681333,0.18715858459472656,decode,1,0,452712,0.0,0.0,0
forward_start,1780281089.1801414,50,50,50,56,FULL,1780281089.1801414,1780281089.1803668,0.22530555725097656,decode,0,0,452715,0.0,0.0,0
forward_start,1780281089.180167,51,51,51,56,FULL,1780281089.180167,1780281089.1803725,0.20551681518554688,decode,1,0,452712,0.0,0.0,0
forward_start,1780281089.1926227,50,50,50,56,FULL,1780281089.1926227,1780281089.1928222,0.1995563507080078,decode,0,0,452715,0.0,0.0,0
forward_start,1780281089.1926491,51,51,51,56,FULL,1780281089.1926491,1780281089.1928332,0.18405914306640625,decode,1,0,452712,0.0,0.0,0
forward_start,1780281089.2051492,51,51,51,56,FULL,1780281089.2051492,1780281089.2053323,0.18310546875,decode,1,0,452712,0.0,0.0,0
forward_start,1780281089.2051966,50,50,50,56,FULL,1780281089.2051966,1780281089.2054498,0.2532005310058594,decode,0,0,452715,0.0,0.0,0
forward_start,1780281089.2172816,50,50,50,56,FULL,1780281089.2172816,1780281089.217507,0.22530555725097656,decode,0,0,452715,0.0,0.0,0
forward_start,1780281089.2173948,50,50,50,56,FULL,1780281089.2173948,1780281089.21758,0.18525123596191406,decode,1,0,452712,0.0,0.0,0
forward_start,1780281089.2294405,50,50,50,56,FULL,1780281089.2294405,1780281089.2296333,0.19288063049316406,decode,0,0,452715,0.0,0.0,0
forward_start,1780281089.2295234,50,50,50,56,FULL,1780281089.2295234,1780281089.229708,0.18453598022460938,decode,1,0,452712,0.0,0.0,0
forward_start,1780281089.2419791,50,50,50,56,FULL,1780281089.2419791,1780281089.2421753,0.19621849060058594,decode,0,0,452715,0.0,0.0,0
forward_start,1780281089.2420487,50,50,50,56,FULL,1780281089.2420487,1780281089.2422345,0.1857280731201172,decode,1,0,452712,0.0,0.0,0
forward_start,1780281089.2546449,49,49,49,56,FULL,1780281089.2546449,1780281089.2548425,0.1976490020751953,decode,1,0,452712,0.0,0.0,0
forward_start,1780281089.2546625,50,50,50,56,FULL,1780281089.2546625,1780281089.2548676,0.20503997802734375,decode,0,0,452715,0.0,0.0,0
forward_start,1780281089.2667515,49,49,49,56,FULL,1780281089.2667515,1780281089.2669334,0.1819133758544922,decode,1,0,452712,0.0,0.0,0
forward_start,1780281089.266761,50,50,50,56,FULL,1780281089.266761,1780281089.266965,0.20384788513183594,decode,0,0,452715,0.0,0.0,0
forward_start,1780281089.2798147,50,50,50,56,FULL,1780281089.2798147,1780281089.280009,0.19431114196777344,decode,0,0,452715,0.0,0.0,0
forward_start,1780281089.2798915,48,48,48,56,FULL,1780281089.2798915,1780281089.280073,0.18143653869628906,decode,1,0,452712,0.0,0.0,0
forward_start,1780281089.291545,50,50,50,56,FULL,1780281089.291545,1780281089.2917345,0.1895427703857422,decode,0,0,452715,0.0,0.0,0
forward_start,1780281089.2916343,48,48,48,56,FULL,1780281089.2916343,1780281089.2918189,0.18453598022460938,decode,1,0,452712,0.0,0.0,0
forward_start,1780281089.304,50,50,50,56,FULL,1780281089.304,1780281089.3042047,0.2048015594482422,decode,0,0,452715,0.0,0.0,0
forward_start,1780281089.304013,48,48,48,56,FULL,1780281089.304013,1780281089.3041968,0.1838207244873047,decode,1,0,452712,0.0,0.0,0
forward_start,1780281089.3162267,50,50,50,56,FULL,1780281089.3162267,1780281089.3164508,0.22411346435546875,decode,0,0,452715,0.0,0.0,0
forward_start,1780281089.31637,48,48,48,56,FULL,1780281089.31637,1780281089.3165586,0.18858909606933594,decode,1,0,452712,0.0,0.0,0
forward_start,1780281089.3284106,50,50,50,56,FULL,1780281089.3284106,1780281089.3286028,0.19216537475585938,decode,0,0,452715,0.0,0.0,0
forward_start,1780281089.3285017,48,48,48,56,FULL,1780281089.3285017,1780281089.3286831,0.18143653869628906,decode,1,0,452712,0.0,0.0,0
forward_start,1780281089.3408844,50,50,50,56,FULL,1780281089.3408844,1780281089.3410766,0.19216537475585938,decode,0,0,452715,0.0,0.0,0
forward_start,1780281089.3409746,48,48,48,56,FULL,1780281089.3409746,1780281089.341159,0.18453598022460938,decode,1,0,452712,0.0,0.0,0
forward_start,1780281089.3531704,50,50,50,56,FULL,1780281089.3531704,1780281089.3533983,0.22792816162109375,decode,0,0,452715,0.0,0.0,0
forward_start,1780281089.3531878,48,48,48,56,FULL,1780281089.3531878,1780281089.353392,0.2040863037109375,decode,1,0,452712,0.0,0.0,0
forward_start,1780281089.3658748,50,50,50,56,FULL,1780281089.3658748,1780281089.366074,0.19931793212890625,decode,0,0,452715,0.0,0.0,0
forward_start,1780281089.365928,48,48,48,56,FULL,1780281089.365928,1780281089.366115,0.18715858459472656,decode,1,0,452712,0.0,0.0,0
forward_start,1780281089.3781447,50,50,50,56,FULL,1780281089.3781447,1780281089.378373,0.2281665802001953,decode,0,0,452715,0.1163482666015625,0.509926854754441,1
forward_start,1780281089.3810256,48,48,48,56,FULL,1780281089.3810256,1780281089.3812206,0.19502639770507812,decode,1,0,452712,0.0,0.0,0
forward_start,1780281089.3905265,50,50,50,56,FULL,1780281089.3905265,1780281089.3907385,0.21195411682128906,decode,0,0,452715,0.0,0.0,0
forward_start,1780281089.3905592,48,48,48,56,FULL,1780281089.3905592,1780281089.3907487,0.1895427703857422,decode,1,0,452712,0.0,0.0,0
forward_start,1780281089.4029095,50,50,50,56,FULL,1780281089.4029095,1780281089.4031096,0.20003318786621094,decode,0,0,452715,0.0,0.0,0
forward_start,1780281089.4029431,49,49,49,56,FULL,1780281089.4029431,1780281089.4031277,0.18453598022460938,decode,1,0,452712,0.0,0.0,0
forward_start,1780281089.4184582,49,49,49,56,FULL,1780281089.4184582,1780281089.4186516,0.1933574676513672,decode,1,0,452712,0.1933574676513672,1.0,1
forward_start,1780281089.4196134,50,50,50,56,FULL,1780281089.4196134,1780281089.4198487,0.2353191375732422,decode,0,0,452715,0.2353191375732422,1.0,1
forward_start,1780281089.42784,49,49,49,56,FULL,1780281089.42784,1780281089.4280276,0.1876354217529297,decode,1,0,452712,0.1876354217529297,1.0,1
forward_start,1780281089.427844,50,50,50,56,FULL,1780281089.427844,1780281089.4280453,0.20122528076171875,decode,0,0,452715,0.20122528076171875,1.0,1
forward_start,1780281089.4402134,50,50,50,56,FULL,1780281089.4402134,1780281089.4404523,0.23889541625976562,decode,0,0,452715,0.0,0.0,0
forward_start,1780281089.440231,50,50,50,56,FULL,1780281089.440231,1780281089.4404397,0.2086162567138672,decode,1,0,452712,0.0,0.0,0
forward_start,1780281089.4527698,51,51,51,56,FULL,1780281089.4527698,1780281089.4529743,0.20456314086914062,decode,0,0,452715,0.0,0.0,0
forward_start,1780281089.4527845,50,50,50,56,FULL,1780281089.4527845,1780281089.4529724,0.18787384033203125,decode,1,0,452712,0.0,0.0,0
forward_start,1780281089.465093,51,51,51,56,FULL,1780281089.465093,1780281089.4652948,0.20194053649902344,decode,0,0,452715,0.0,0.0,0
forward_start,1780281089.465127,50,50,50,56,FULL,1780281089.465127,1780281089.4653149,0.18787384033203125,decode,1,0,452712,0.0,0.0,0
forward_start,1780281089.477629,51,51,51,56,FULL,1780281089.477629,1780281089.477828,0.1990795135498047,decode,0,0,452715,0.0,0.0,0
forward_start,1780281089.4776442,50,50,50,56,FULL,1780281089.4776442,1780281089.47783,0.1857280731201172,decode,1,0,452712,0.0,0.0,0
forward_start,1780281089.4899745,49,49,49,56,FULL,1780281089.4899745,1780281089.490159,0.18453598022460938,decode,1,0,452712,0.0,0.0,0
forward_start,1780281089.4900413,51,51,51,56,FULL,1780281089.4900413,1780281089.4902582,0.21696090698242188,decode,0,0,452715,0.0,0.0,0
forward_start,1780281089.5022123,51,51,51,56,FULL,1780281089.5022123,1780281089.5024507,0.2384185791015625,decode,0,0,452715,0.0,0.0,0
forward_start,1780281089.5022426,49,49,49,56,FULL,1780281089.5022426,1780281089.5024505,0.2079010009765625,decode,1,0,452712,0.0,0.0,0
forward_start,1780281089.5147295,51,51,51,56,FULL,1780281089.5147295,1780281089.514932,0.20241737365722656,decode,0,0,452715,0.0,0.0,0
forward_start,1780281089.5147548,48,48,48,56,FULL,1780281089.5147548,1780281089.514942,0.18715858459472656,decode,1,0,452712,0.0,0.0,0
forward_start,1780281089.5271006,51,51,51,56,FULL,1780281089.5271006,1780281089.5273142,0.213623046875,decode,0,0,452715,0.0,0.0,0
forward_start,1780281089.5271025,48,48,48,56,FULL,1780281089.5271025,1780281089.5272892,0.18668174743652344,decode,1,0,452712,0.0,0.0,0
forward_start,1780281089.5395586,51,51,51,56,FULL,1780281089.5395586,1780281089.5397618,0.20313262939453125,decode,0,0,452715,0.0,0.0,0
forward_start,1780281089.5395923,48,48,48,56,FULL,1780281089.5395923,1780281089.5397758,0.18358230590820312,decode,1,0,452712,0.0,0.0,0
forward_start,1780281089.5519269,51,51,51,56,FULL,1780281089.5519269,1780281089.5521321,0.2052783966064453,decode,0,0,452715,0.08749961853027344,0.4262485481997677,1
forward_start,1780281089.5538223,47,47,47,56,FULL,1780281089.5538223,1780281089.5540154,0.19311904907226562,decode,1,0,452712,0.0,0.0,0
forward_start,1780281089.5643735,51,51,51,56,FULL,1780281089.5643735,1780281089.56458,0.20647048950195312,decode,0,0,452715,0.0,0.0,0
forward_start,1780281089.5644279,47,47,47,56,FULL,1780281089.5644279,1780281089.5646152,0.18739700317382812,decode,1,0,452712,0.0,0.0,0
forward_start,1780281089.576822,51,51,51,56,FULL,1780281089.576822,1780281089.577024,0.20194053649902344,decode,0,0,452715,0.0,0.0,0
forward_start,1780281089.5768495,48,48,48,56,FULL,1780281089.5768495,1780281089.5770352,0.1857280731201172,decode,1,0,452712,0.0,0.0,0
forward_start,1780281089.5892532,51,51,51,56,FULL,1780281089.5892532,1780281089.5895143,0.26106834411621094,decode,0,0,452715,0.1087188720703125,0.41643835616438357,1
forward_start,1780281089.5899608,48,48,48,56,FULL,1780281089.5899608,1780281089.5901577,0.19693374633789062,decode,1,0,452712,0.0,0.0,0
forward_start,1780281089.601921,48,48,48,56,FULL,1780281089.601921,1780281089.6021082,0.18715858459472656,decode,1,0,452712,0.10967254638671875,0.5859872611464968,1
forward_start,1780281089.6025357,50,50,50,56,FULL,1780281089.6025357,1780281089.6027641,0.22840499877929688,decode,0,0,452715,0.22840499877929688,1.0,1
forward_start,1780281089.6139905,49,49,49,56,FULL,1780281089.6139905,1780281089.6141758,0.18525123596191406,decode,1,0,452712,0.18525123596191406,1.0,1
forward_start,1780281089.6139934,50,50,50,56,FULL,1780281089.6139934,1780281089.6141987,0.2052783966064453,decode,0,0,452715,0.2052783966064453,1.0,1
forward_start,1780281089.6262069,50,50,50,56,FULL,1780281089.6262069,1780281089.6264377,0.2307891845703125,decode,0,0,452715,0.0,0.0,0
forward_start,1780281089.62624,49,49,49,56,FULL,1780281089.62624,1780281089.6264465,0.20647048950195312,decode,1,0,452712,0.0,0.0,0
forward_start,1780281089.6387773,51,51,51,56,FULL,1780281089.6387773,1780281089.638971,0.1938343048095703,decode,0,0,452715,0.0,0.0,0
forward_start,1780281089.6388433,49,49,49,56,FULL,1780281089.6388433,1780281089.6390297,0.18644332885742188,decode,1,0,452712,0.0,0.0,0
forward_start,1780281089.6509998,51,51,51,56,FULL,1780281089.6509998,1780281089.651202,0.202178955078125,decode,0,0,452715,0.0,0.0,0
forward_start,1780281089.6510034,49,49,49,56,FULL,1780281089.6510034,1780281089.6511877,0.1842975616455078,decode,1,0,452712,0.0,0.0,0
forward_start,1780281089.6634846,51,51,51,56,FULL,1780281089.6634846,1780281089.6636794,0.19478797912597656,decode,0,0,452715,0.0,0.0,0
forward_start,1780281089.663591,49,49,49,56,FULL,1780281089.663591,1780281089.6637764,0.18548965454101562,decode,1,0,452712,0.0,0.0,0
forward_start,1780281089.6763186,51,51,51,56,FULL,1780281089.6763186,1780281089.6765554,0.23674964904785156,decode,0,0,452715,0.0,0.0,0
forward_start,1780281089.6764426,49,49,49,56,FULL,1780281089.6764426,1780281089.6766317,0.18906593322753906,decode,1,0,452712,0.0,0.0,0
forward_start,1780281089.6885738,50,50,50,56,FULL,1780281089.6885738,1780281089.688778,0.2040863037109375,decode,0,0,452715,0.0,0.0,0
forward_start,1780281089.6886332,49,49,49,56,FULL,1780281089.6886332,1780281089.6888192,0.18596649169921875,decode,1,0,452712,0.0,0.0,0
forward_start,1780281089.7009823,50,50,50,56,FULL,1780281089.7009823,1780281089.7011862,0.20384788513183594,decode,0,0,452715,0.0,0.0,0
forward_start,1780281089.7062812,49,49,49,56,FULL,1780281089.7062812,1780281089.7065065,0.22530555725097656,decode,1,0,452712,0.22530555725097656,1.0,1
forward_start,1780281089.7132547,50,50,50,56,FULL,1780281089.7132547,1780281089.7134929,0.23818016052246094,decode,0,0,452715,0.23818016052246094,1.0,1
forward_start,1780281089.7132995,49,49,49,56,FULL,1780281089.7132995,1780281089.713525,0.22554397583007812,decode,1,0,452712,0.22554397583007812,1.0,1
forward_start,1780281089.7257762,50,50,50,56,FULL,1780281089.7257762,1780281089.7259805,0.20432472229003906,decode,0,0,452715,0.20432472229003906,1.0,1
forward_start,1780281089.7257907,49,49,49,56,FULL,1780281089.7257907,1780281089.7259805,0.18978118896484375,decode,1,0,452712,0.18978118896484375,1.0,1
forward_start,1780281089.7380638,50,50,50,56,FULL,1780281089.7380638,1780281089.7382705,0.2067089080810547,decode,0,0,452715,0.0,0.0,0
forward_start,1780281089.7381046,49,49,49,56,FULL,1780281089.7381046,1780281089.7382946,0.1900196075439453,decode,1,0,452712,0.0,0.0,0
forward_start,1780281089.7504501,50,50,50,56,FULL,1780281089.7504501,1780281089.750657,0.20694732666015625,decode,0,0,452715,0.0,0.0,0
forward_start,1780281089.7504706,50,50,50,56,FULL,1780281089.7504706,1780281089.7506578,0.18715858459472656,decode,1,0,452712,0.0,0.0,0
forward_start,1780281089.7628777,50,50,50,56,FULL,1780281089.7628777,1780281089.7630756,0.19788742065429688,decode,0,0,452715,0.0,0.0,0
forward_start,1780281089.762893,50,50,50,56,FULL,1780281089.762893,1780281089.7630773,0.1842975616455078,decode,1,0,452712,0.0,0.0,0
forward_start,1780281089.775141,50,50,50,56,FULL,1780281089.775141,1780281089.7753625,0.22149085998535156,decode,0,0,452715,0.0,0.0,0
forward_start,1780281089.775192,50,50,50,56,FULL,1780281089.775192,1780281089.7754035,0.21147727966308594,decode,1,0,452712,0.0,0.0,0
forward_start,1780281089.7875845,50,50,50,56,FULL,1780281089.7875845,1780281089.787781,0.1964569091796875,decode,0,0,452715,0.0,0.0,0
forward_start,1780281089.787624,49,49,49,56,FULL,1780281089.787624,1780281089.78781,0.1862049102783203,decode,1,0,452712,0.0,0.0,0
forward_start,1780281089.8002367,48,48,48,56,FULL,1780281089.8002367,1780281089.8004441,0.20742416381835938,decode,1,0,452712,0.06556510925292969,0.3160919540229885,1
forward_start,1780281089.800912,49,49,49,56,FULL,1780281089.800912,1780281089.8011336,0.22172927856445312,decode,0,0,452715,0.22172927856445312,1.0,1
forward_start,1780281089.8123171,49,49,49,56,FULL,1780281089.8123171,1780281089.8125584,0.24127960205078125,decode,0,0,452715,0.24127960205078125,1.0,1
forward_start,1780281089.812384,48,48,48,56,FULL,1780281089.812384,1780281089.8125718,0.18787384033203125,decode,1,0,452712,0.18787384033203125,1.0,1
forward_start,1780281089.824874,48,48,48,56,FULL,1780281089.824874,1780281089.8250597,0.1857280731201172,decode,1,0,452712,0.0,0.0,0
forward_start,1780281089.8249075,49,49,49,56,FULL,1780281089.8249075,1780281089.8251143,0.2067089080810547,decode,0,0,452715,0.0,0.0,0
forward_start,1780281089.8373187,50,50,50,56,FULL,1780281089.8373187,1780281089.8375661,0.24747848510742188,decode,0,0,452715,0.0,0.0,0
forward_start,1780281089.8373249,48,48,48,56,FULL,1780281089.8373249,1780281089.837531,0.20623207092285156,decode,1,0,452712,0.0,0.0,0
forward_start,1780281089.8493853,50,50,50,56,FULL,1780281089.8493853,1780281089.8496125,0.22721290588378906,decode,0,0,452715,0.0,0.0,0
forward_start,1780281089.849404,48,48,48,56,FULL,1780281089.849404,1780281089.849593,0.1888275146484375,decode,1,0,452712,0.0,0.0,0
forward_start,1780281089.8617415,50,50,50,56,FULL,1780281089.8617415,1780281089.8619418,0.2002716064453125,decode,0,0,452715,0.0,0.0,0
forward_start,1780281089.863632,48,48,48,56,FULL,1780281089.863632,1780281089.8638558,0.2238750457763672,decode,1,0,452712,0.2238750457763672,1.0,1
forward_start,1780281089.8740573,50,50,50,56,FULL,1780281089.8740573,1780281089.8742561,0.19884109497070312,decode,0,0,452715,0.19884109497070312,1.0,1
forward_start,1780281089.8740947,48,48,48,56,FULL,1780281089.8740947,1780281089.8742805,0.1857280731201172,decode,1,0,452712,0.1857280731201172,1.0,1
forward_start,1780281089.8865182,50,50,50,56,FULL,1780281089.8865182,1780281089.8867176,0.19931793212890625,decode,0,0,452715,0.08487701416015625,0.4258373205741627,1
forward_start,1780281089.8880613,48,48,48,56,FULL,1780281089.8880613,1780281089.8882947,0.2334117889404297,decode,1,0,452712,0.2334117889404297,1.0,1
forward_start,1780281089.898871,50,50,50,56,FULL,1780281089.898871,1780281089.8990743,0.2033710479736328,decode,0,0,452715,0.2033710479736328,1.0,1
forward_start,1780281089.8988984,49,49,49,56,FULL,1780281089.8988984,1780281089.8990898,0.1914501190185547,decode,1,0,452712,0.1914501190185547,1.0,1
forward_start,1780281089.9110146,50,50,50,56,FULL,1780281089.9110146,1780281089.9112127,0.19812583923339844,decode,0,0,452715,0.0,0.0,0
forward_start,1780281089.9110587,49,49,49,56,FULL,1780281089.9110587,1780281089.911247,0.18835067749023438,decode,1,0,452712,0.0,0.0,0
forward_start,1780281089.9235535,50,50,50,56,FULL,1780281089.9235535,1780281089.9237392,0.1857280731201172,decode,1,0,452712,0.0,0.0,0
forward_start,1780281089.9235919,50,50,50,56,FULL,1780281089.9235919,1780281089.923811,0.21910667419433594,decode,0,0,452715,0.0,0.0,0
forward_start,1780281089.9359217,50,50,50,56,FULL,1780281089.9359217,1780281089.9361212,0.1995563507080078,decode,0,0,452715,0.0,0.0,0
forward_start,1780281089.935934,49,49,49,56,FULL,1780281089.935934,1780281089.9361186,0.18453598022460938,decode,1,0,452712,0.0,0.0,0
forward_start,1780281089.9480236,50,50,50,56,FULL,1780281089.9480236,1780281089.948223,0.1995563507080078,decode,0,0,452715,0.0,0.0,0
forward_start,1780281089.9480238,49,49,49,56,FULL,1780281089.9480238,1780281089.9482062,0.1823902130126953,decode,1,0,452712,0.0,0.0,0
forward_start,1780281089.960431,50,50,50,56,FULL,1780281089.960431,1780281089.9606473,0.2162456512451172,decode,0,0,452715,0.0,0.0,0
forward_start,1780281089.9604764,49,49,49,56,FULL,1780281089.9604764,1780281089.960665,0.18858909606933594,decode,1,0,452712,0.0,0.0,0
forward_start,1780281089.973025,49,49,49,56,FULL,1780281089.973025,1780281089.9732223,0.1971721649169922,decode,0,0,452715,0.0,0.0,0
forward_start,1780281089.9730554,48,48,48,56,FULL,1780281089.9730554,1780281089.9732392,0.1838207244873047,decode,1,0,452712,0.0,0.0,0
forward_start,1780281089.9851012,49,49,49,56,FULL,1780281089.9851012,1780281089.985301,0.19979476928710938,decode,0,0,452715,0.0,0.0,0
forward_start,1780281089.9851437,48,48,48,56,FULL,1780281089.9851437,1780281089.9853303,0.18668174743652344,decode,1,0,452712,0.0,0.0,0
forward_start,1780281089.997933,48,48,48,48,FULL,1780281089.997933,1780281089.9982193,0.28634071350097656,decode,0,0,452715,0.0,0.0,0
forward_start,1780281089.997961,48,48,48,48,FULL,1780281089.997961,1780281089.9982014,0.240325927734375,decode,1,0,452712,0.0,0.0,0
forward_start,1780281090.0098288,48,48,48,48,FULL,1780281090.0098288,1780281090.0100808,0.25200843811035156,decode,0,0,452715,0.0,0.0,0
forward_start,1780281090.0098526,48,48,48,48,FULL,1780281090.0098526,1780281090.010075,0.2224445343017578,decode,1,0,452712,0.0,0.0,0
forward_start,1780281090.0221267,48,48,48,48,FULL,1780281090.0221267,1780281090.0223756,0.24890899658203125,decode,0,0,452715,0.0,0.0,0
forward_start,1780281090.0221634,48,48,48,48,FULL,1780281090.0221634,1780281090.0223892,0.2257823944091797,decode,1,0,452712,0.0,0.0,0
forward_start,1780281090.034755,48,48,48,48,FULL,1780281090.034755,1780281090.0349655,0.2105236053466797,decode,0,0,452715,0.0,0.0,0
forward_start,1780281090.0348206,48,48,48,48,FULL,1780281090.0348206,1780281090.0350144,0.1938343048095703,decode,1,0,452712,0.0,0.0,0
forward_start,1780281090.047032,48,48,48,48,FULL,1780281090.047032,1780281090.047236,0.20384788513183594,decode,0,0,452715,0.0,0.0,0
forward_start,1780281090.0471487,47,47,47,48,FULL,1780281090.0471487,1780281090.0473351,0.18644332885742188,decode,1,0,452712,0.0,0.0,0
forward_start,1780281090.0596042,48,48,48,48,FULL,1780281090.0596042,1780281090.059815,0.21076202392578125,decode,0,0,452715,0.0,0.0,0
forward_start,1780281090.059683,47,47,47,48,FULL,1780281090.059683,1780281090.0598724,0.18930435180664062,decode,1,0,452712,0.0,0.0,0
forward_start,1780281090.0722313,48,48,48,48,FULL,1780281090.0722313,1780281090.0724728,0.2415180206298828,decode,0,0,452715,0.0,0.0,0
forward_start,1780281090.0723639,47,47,47,48,FULL,1780281090.0723639,1780281090.072549,0.18525123596191406,decode,1,0,452712,0.0,0.0,0
forward_start,1780281090.0841243,48,48,48,48,FULL,1780281090.0841243,1780281090.084326,0.20170211791992188,decode,0,0,452715,0.0,0.0,0
forward_start,1780281090.0842083,47,47,47,48,FULL,1780281090.0842083,1780281090.0844173,0.2090930938720703,decode,1,0,452712,0.0,0.0,0
forward_start,1780281090.0965455,48,48,48,48,FULL,1780281090.0965455,1780281090.0967503,0.2048015594482422,decode,0,0,452715,0.0,0.0,0
forward_start,1780281090.0965955,46,46,46,48,FULL,1780281090.0965955,1780281090.0967836,0.1881122589111328,decode,1,0,452712,0.0,0.0,0
forward_start,1780281090.1091328,44,44,44,48,FULL,1780281090.1091328,1780281090.1093237,0.19097328186035156,decode,1,0,452712,0.0,0.0,0
forward_start,1780281090.1194186,48,48,48,48,FULL,1780281090.1194186,1780281090.1197288,0.3101825714111328,decode,0,0,452715,0.3101825714111328,1.0,1
forward_start,1780281090.122739,44,44,44,48,FULL,1780281090.122739,1780281090.1229265,0.18739700317382812,decode,1,0,452712,0.18739700317382812,1.0,1
forward_start,1780281090.1227655,48,48,48,48,FULL,1780281090.1227655,1780281090.1230507,0.28514862060546875,decode,0,0,452715,0.28514862060546875,1.0,1
forward_start,1780281090.1339965,48,48,48,48,FULL,1780281090.1339965,1780281090.134205,0.2086162567138672,decode,0,0,452715,0.2086162567138672,1.0,1
forward_start,1780281090.1340706,44,44,44,48,FULL,1780281090.1340706,1780281090.1342552,0.18453598022460938,decode,1,0,452712,0.17189979553222656,0.9315245478036176,1
forward_start,1780281090.1464396,48,48,48,48,FULL,1780281090.1464396,1780281090.146656,0.21648406982421875,decode,0,0,452715,0.0,0.0,0
forward_start,1780281090.1465502,44,44,44,48,FULL,1780281090.1465502,1780281090.1467352,0.1850128173828125,decode,1,0,452712,0.0,0.0,0
forward_start,1780281090.1589298,49,49,49,56,FULL,1780281090.1589298,1780281090.1591253,0.19550323486328125,decode,0,0,452715,0.0,0.0,0
forward_start,1780281090.1589944,44,44,44,56,FULL,1780281090.1589944,1780281090.1591852,0.19073486328125,decode,1,0,452712,0.0,0.0,0
forward_start,1780281090.171396,49,49,49,56,FULL,1780281090.171396,1780281090.171629,0.23293495178222656,decode,0,0,452715,0.0,0.0,0
forward_start,1780281090.1714847,44,44,44,56,FULL,1780281090.1714847,1780281090.171668,0.18334388732910156,decode,1,0,452712,0.0,0.0,0
forward_start,1780281090.1837437,49,49,49,56,FULL,1780281090.1837437,1780281090.183939,0.1952648162841797,decode,0,0,452715,0.0,0.0,0
forward_start,1780281090.1838188,44,44,44,56,FULL,1780281090.1838188,1780281090.1840055,0.18668174743652344,decode,1,0,452712,0.0,0.0,0
forward_start,1780281090.1964781,48,48,48,48,FULL,1780281090.1964781,1780281090.1966817,0.20360946655273438,decode,0,0,452715,0.0,0.0,0
forward_start,1780281090.1965358,44,44,44,48,FULL,1780281090.1965358,1780281090.1967227,0.186920166015625,decode,1,0,452712,0.0,0.0,0
forward_start,1780281090.2086124,47,47,47,48,FULL,1780281090.2086124,1780281090.2088175,0.20503997802734375,decode,0,0,452715,0.0,0.0,0
forward_start,1780281090.2086425,44,44,44,48,FULL,1780281090.2086425,1780281090.208829,0.18644332885742188,decode,1,0,452712,0.0,0.0,0
forward_start,1780281090.221171,47,47,47,48,FULL,1780281090.221171,1780281090.2213984,0.22745132446289062,decode,0,0,452715,0.0,0.0,0
forward_start,1780281090.2439466,44,44,44,48,FULL,1780281090.2439466,1780281090.2441592,0.21266937255859375,decode,1,0,452712,0.21266937255859375,1.0,1
forward_start,1780281090.250037,44,44,44,48,FULL,1780281090.250037,1780281090.2502701,0.23317337036132812,decode,1,0,452712,0.6995201110839844,3.0,3
forward_start,1780281090.2501576,47,47,47,48,FULL,1780281090.2501576,1780281090.2503846,0.2269744873046875,decode,0,0,452715,0.6160736083984375,2.7142857142857144,3
forward_start,1780281090.2586498,47,47,47,48,FULL,1780281090.2586498,1780281090.2588606,0.21076202392578125,decode,0,0,452715,0.4603862762451172,2.184389140271493,3
forward_start,1780281090.262246,44,44,44,48,FULL,1780281090.262246,1780281090.2624702,0.2243518829345703,decode,1,0,452712,0.4487037658691406,2.0,2
forward_start,1780281090.2715359,45,45,45,48,FULL,1780281090.2715359,1780281090.271723,0.18715858459472656,decode,1,0,452712,0.2884864807128906,1.5414012738853504,2
forward_start,1780281090.2755976,47,47,47,48,FULL,1780281090.2755976,1780281090.2758179,0.22029876708984375,decode,0,0,452715,0.22029876708984375,1.0,1
forward_start,1780281090.2841508,47,47,47,48,FULL,1780281090.2841508,1780281090.2843802,0.22935867309570312,decode,0,0,452715,0.22935867309570312,1.0,1
forward_start,1780281090.2841952,45,45,45,48,FULL,1780281090.2841952,1780281090.2844012,0.20599365234375,decode,1,0,452712,0.20599365234375,1.0,1
forward_start,1780281090.2963936,47,47,47,48,FULL,1780281090.2963936,1780281090.2966354,0.24175643920898438,decode,0,0,452715,0.0,0.0,0
forward_start,1780281090.2964284,46,46,46,48,FULL,1780281090.2964284,1780281090.2966201,0.19168853759765625,decode,1,0,452712,0.0,0.0,0
forward_start,1780281090.308942,46,46,46,48,FULL,1780281090.308942,1780281090.309131,0.1888275146484375,decode,1,0,452712,0.06413459777832031,0.33964646464646464,1
forward_start,1780281090.3096762,48,48,48,48,FULL,1780281090.3096762,1780281090.3099022,0.22602081298828125,decode,0,0,452715,0.22602081298828125,1.0,1
forward_start,1780281090.3209,48,48,48,48,FULL,1780281090.3209,1780281090.3211055,0.20551681518554688,decode,0,0,452715,0.20551681518554688,1.0,1
forward_start,1780281090.3209386,46,46,46,48,FULL,1780281090.3209386,1780281090.3211255,0.186920166015625,decode,1,0,452712,0.186920166015625,1.0,1
forward_start,1780281090.3335032,47,47,47,48,FULL,1780281090.3335032,1780281090.3337085,0.2052783966064453,decode,0,0,452715,0.0,0.0,0
forward_start,1780281090.333552,46,46,46,48,FULL,1780281090.333552,1780281090.3337417,0.18978118896484375,decode,1,0,452712,0.0,0.0,0
forward_start,1780281090.3459241,48,48,48,48,FULL,1780281090.3459241,1780281090.346125,0.20074844360351562,decode,0,0,452715,0.0,0.0,0
forward_start,1780281090.3459322,46,46,46,48,FULL,1780281090.3459322,1780281090.3461204,0.1881122589111328,decode,1,0,452712,0.0,0.0,0
forward_start,1780281090.3581045,48,48,48,48,FULL,1780281090.3581045,1780281090.358308,0.20360946655273438,decode,0,0,452715,0.03838539123535156,0.1885245901639344,1
forward_start,1780281090.3588297,46,46,46,48,FULL,1780281090.3588297,1780281090.3590238,0.19407272338867188,decode,1,0,452712,0.0,0.0,0
forward_start,1780281090.3705409,46,46,46,48,FULL,1780281090.3705409,1780281090.370728,0.18715858459472656,decode,1,0,452712,0.15926361083984375,0.8509554140127389,1
forward_start,1780281090.372506,48,48,48,48,FULL,1780281090.372506,1780281090.3727245,0.2186298370361328,decode,0,0,452715,0.2186298370361328,1.0,1
forward_start,1780281090.3828688,48,48,48,48,FULL,1780281090.3828688,1780281090.383071,0.202178955078125,decode,0,0,452715,0.2694129943847656,1.3325471698113207,2
forward_start,1780281090.38474,47,47,47,48,FULL,1780281090.38474,1780281090.3849375,0.19741058349609375,decode,1,0,452712,0.0,0.0,0
forward_start,1780281090.3949237,48,48,48,48,FULL,1780281090.3949237,1780281090.395123,0.19931793212890625,decode,0,0,452715,0.0,0.0,0
forward_start,1780281090.394963,47,47,47,48,FULL,1780281090.394963,1780281090.3951523,0.18930435180664062,decode,1,0,452712,0.0,0.0,0
forward_start,1780281090.4077063,48,48,48,56,FULL,1780281090.4077063,1780281090.4078913,0.1850128173828125,decode,1,0,452712,0.07963180541992188,0.43041237113402064,1
forward_start,1780281090.4096406,49,49,49,56,FULL,1780281090.4096406,1780281090.4098613,0.22077560424804688,decode,0,0,452715,0.22077560424804688,1.0,1
forward_start,1780281090.4199722,48,48,48,48,FULL,1780281090.4199722,1780281090.4201741,0.20194053649902344,decode,0,0,452715,0.20194053649902344,1.0,1
forward_start,1780281090.4237127,48,48,48,48,FULL,1780281090.4237127,1780281090.423932,0.2193450927734375,decode,1,0,452712,0.2193450927734375,1.0,1
forward_start,1780281090.4322367,48,48,48,48,FULL,1780281090.4322367,1780281090.432484,0.2472400665283203,decode,0,0,452715,0.2472400665283203,1.0,1
forward_start,1780281090.4322548,48,48,48,48,FULL,1780281090.4322548,1780281090.4324596,0.2048015594482422,decode,1,0,452712,0.2048015594482422,1.0,1
forward_start,1780281090.4447718,49,49,49,56,FULL,1780281090.4447718,1780281090.4449756,0.20384788513183594,decode,0,0,452715,0.0,0.0,0
forward_start,1780281090.4448047,48,48,48,56,FULL,1780281090.4448047,1780281090.4449933,0.18858909606933594,decode,1,0,452712,0.0,0.0,0
forward_start,1780281090.4567785,49,49,49,56,FULL,1780281090.4567785,1780281090.4569602,0.18167495727539062,decode,1,0,452712,0.0,0.0,0
forward_start,1780281090.4567802,49,49,49,56,FULL,1780281090.4567802,1780281090.456982,0.20170211791992188,decode,0,0,452715,0.0,0.0,0
forward_start,1780281090.4691033,49,49,49,56,FULL,1780281090.4691033,1780281090.469311,0.20766258239746094,decode,0,0,452715,0.0,0.0,0
forward_start,1780281090.4691627,49,49,49,56,FULL,1780281090.4691627,1780281090.4693701,0.20742416381835938,decode,1,0,452712,0.0,0.0,0
forward_start,1780281090.4820068,49,49,49,56,FULL,1780281090.4820068,1780281090.4822268,0.2200603485107422,decode,1,0,452712,0.0,0.0,0
forward_start,1780281090.4820974,49,49,49,56,FULL,1780281090.4820974,1780281090.4823737,0.27632713317871094,decode,0,0,452715,0.0,0.0,0
forward_start,1780281090.4937034,49,49,49,56,FULL,1780281090.4937034,1780281090.4938877,0.1842975616455078,decode,1,0,452712,0.0,0.0,0
forward_start,1780281090.4983475,49,49,49,56,FULL,1780281090.4983475,1780281090.4986289,0.28133392333984375,decode,0,0,452715,0.28133392333984375,1.0,1
forward_start,1780281090.5059028,49,49,49,56,FULL,1780281090.5059028,1780281090.5061138,0.2110004425048828,decode,0,0,452715,0.2110004425048828,1.0,1
forward_start,1780281090.51038,49,49,49,56,FULL,1780281090.51038,1780281090.5105948,0.2148151397705078,decode,1,0,452712,0.2148151397705078,1.0,1
forward_start,1780281090.5183144,49,49,49,56,FULL,1780281090.5183144,1780281090.5185804,0.26607513427734375,decode,0,0,452715,0.26607513427734375,1.0,1
forward_start,1780281090.5183926,49,49,49,56,FULL,1780281090.5183926,1780281090.518592,0.19931793212890625,decode,1,0,452712,0.19931793212890625,1.0,1
forward_start,1780281090.530638,49,49,49,56,FULL,1780281090.530638,1780281090.530824,0.18596649169921875,decode,1,0,452712,0.18596649169921875,1.0,1
forward_start,1780281090.5306427,50,50,50,56,FULL,1780281090.5306427,1780281090.5308375,0.19478797912597656,decode,0,0,452715,0.19478797912597656,1.0,1
forward_start,1780281090.5427227,49,49,49,56,FULL,1780281090.5427227,1780281090.5429072,0.18453598022460938,decode,1,0,452712,0.0,0.0,0
forward_start,1780281090.5427246,50,50,50,56,FULL,1780281090.5427246,1780281090.5429313,0.2067089080810547,decode,0,0,452715,0.0,0.0,0
forward_start,1780281090.5552168,50,50,50,56,FULL,1780281090.5552168,1780281090.55542,0.20313262939453125,decode,1,0,452712,0.12230873107910156,0.602112676056338,1
forward_start,1780281090.5609314,50,50,50,56,FULL,1780281090.5609314,1780281090.5611582,0.22673606872558594,decode,0,0,452715,0.22673606872558594,1.0,1
forward_start,1780281090.5674503,50,50,50,56,FULL,1780281090.5674503,1780281090.567682,0.23174285888671875,decode,0,0,452715,0.23174285888671875,1.0,1
forward_start,1780281090.5674746,50,50,50,56,FULL,1780281090.5674746,1780281090.5676618,0.18715858459472656,decode,1,0,452712,0.18715858459472656,1.0,1
forward_start,1780281090.5797727,50,50,50,56,FULL,1780281090.5797727,1780281090.579979,0.20623207092285156,decode,0,0,452715,0.08726119995117188,0.423121387283237,1
forward_start,1780281090.582359,50,50,50,56,FULL,1780281090.582359,1780281090.5825906,0.2315044403076172,decode,1,0,452712,0.2315044403076172,1.0,1
forward_start,1780281090.592785,50,50,50,56,FULL,1780281090.592785,1780281090.592973,0.1881122589111328,decode,1,0,452712,0.3135204315185547,1.6666666666666667,2
forward_start,1780281090.5946305,50,50,50,56,FULL,1780281090.5946305,1780281090.5948548,0.2243518829345703,decode,0,0,452715,0.2243518829345703,1.0,1
forward_start,1780281090.6046288,50,50,50,56,FULL,1780281090.6046288,1780281090.6048365,0.20766258239746094,decode,0,0,452715,0.29540061950683594,1.4225028702640643,2
forward_start,1780281090.6064742,50,50,50,56,FULL,1780281090.6064742,1780281090.6066694,0.1952648162841797,decode,1,0,452712,0.0,0.0,0
forward_start,1780281090.6171043,51,51,51,56,FULL,1780281090.6171043,1780281090.6172884,0.18405914306640625,decode,1,0,452712,0.0,0.0,0
forward_start,1780281090.617149,50,50,50,56,FULL,1780281090.617149,1780281090.6173952,0.2460479736328125,decode,0,0,452715,0.0,0.0,0
forward_start,1780281090.629397,51,51,51,56,FULL,1780281090.629397,1780281090.629612,0.21505355834960938,decode,0,0,452715,0.0,0.0,0
forward_start,1780281090.6294353,52,52,52,56,FULL,1780281090.6294353,1780281090.6296275,0.19216537475585938,decode,1,0,452712,0.0,0.0,0
forward_start,1780281090.6414137,51,51,51,56,FULL,1780281090.6414137,1780281090.6416073,0.19359588623046875,decode,0,0,452715,0.0,0.0,0
forward_start,1780281090.6414647,52,52,52,56,FULL,1780281090.6414647,1780281090.64165,0.18525123596191406,decode,1,0,452712,0.0,0.0,0
forward_start,1780281090.6539607,51,51,51,56,FULL,1780281090.6539607,1780281090.6541612,0.20051002502441406,decode,0,0,452715,0.0,0.0,0
forward_start,1780281090.654006,51,51,51,56,FULL,1780281090.654006,1780281090.6541913,0.18525123596191406,decode,1,0,452712,0.0,0.0,0
forward_start,1780281090.66641,51,51,51,56,FULL,1780281090.66641,1780281090.6665978,0.18787384033203125,decode,1,0,452712,0.06413459777832031,0.3413705583756345,1
forward_start,1780281090.6725545,51,51,51,56,FULL,1780281090.6725545,1780281090.6728473,0.29277801513671875,decode,0,0,452715,0.29277801513671875,1.0,1
forward_start,1780281090.6790273,51,51,51,56,FULL,1780281090.6790273,1780281090.6792076,0.18024444580078125,decode,1,0,452712,0.18024444580078125,1.0,1
forward_start,1780281090.6790342,51,51,51,56,FULL,1780281090.6790342,1780281090.679236,0.20170211791992188,decode,0,0,452715,0.20170211791992188,1.0,1
forward_start,1780281090.6910615,51,51,51,56,FULL,1780281090.6910615,1780281090.6912544,0.19288063049316406,decode,0,0,452715,0.0,0.0,0
forward_start,1780281090.6911788,51,51,51,56,FULL,1780281090.6911788,1780281090.6913896,0.21076202392578125,decode,1,0,452712,0.0,0.0,0
forward_start,1780281090.7034864,52,52,52,56,FULL,1780281090.7034864,1780281090.7036927,0.20623207092285156,decode,0,0,452715,0.0,0.0,0
forward_start,1780281090.7035189,51,51,51,56,FULL,1780281090.7035189,1780281090.7037053,0.18644332885742188,decode,1,0,452712,0.0,0.0,0
forward_start,1780281090.7156768,52,52,52,56,FULL,1780281090.7156768,1780281090.7158794,0.20265579223632812,decode,0,0,452715,0.0,0.0,0
forward_start,1780281090.71571,51,51,51,56,FULL,1780281090.71571,1780281090.715899,0.18906593322753906,decode,1,0,452712,0.0,0.0,0
forward_start,1780281090.7278259,52,52,52,56,FULL,1780281090.7278259,1780281090.7280169,0.19097328186035156,decode,0,0,452715,0.0,0.0,0
forward_start,1780281090.7278895,51,51,51,56,FULL,1780281090.7278895,1780281090.7280767,0.18715858459472656,decode,1,0,452712,0.0,0.0,0
forward_start,1780281090.7400963,51,51,51,56,FULL,1780281090.7400963,1780281090.7402983,0.20194053649902344,decode,0,0,452715,0.0,0.0,0
forward_start,1780281090.7401462,50,50,50,56,FULL,1780281090.7401462,1780281090.7403302,0.18405914306640625,decode,1,0,452712,0.0,0.0,0
forward_start,1780281090.752658,50,50,50,56,FULL,1780281090.752658,1780281090.7528648,0.20694732666015625,decode,0,0,452715,0.0,0.0,0
forward_start,1780281090.752678,50,50,50,56,FULL,1780281090.752678,1780281090.7528648,0.186920166015625,decode,1,0,452712,0.0,0.0,0
forward_start,1780281090.7648122,50,50,50,56,FULL,1780281090.7648122,1780281090.7650185,0.20623207092285156,decode,0,0,452715,0.0,0.0,0
forward_start,1780281090.7648335,50,50,50,56,FULL,1780281090.7648335,1780281090.7650192,0.1857280731201172,decode,1,0,452712,0.0,0.0,0
forward_start,1780281090.777127,50,50,50,56,FULL,1780281090.777127,1780281090.7773268,0.19979476928710938,decode,0,0,452715,0.0,0.0,0
forward_start,1780281090.7771482,50,50,50,56,FULL,1780281090.7771482,1780281090.7773552,0.20694732666015625,decode,1,0,452712,0.0,0.0,0
forward_start,1780281090.7893152,50,50,50,56,FULL,1780281090.7893152,1780281090.7895834,0.2682209014892578,decode,0,0,452715,0.0,0.0,0
forward_start,1780281090.7893934,50,50,50,56,FULL,1780281090.7893934,1780281090.789583,0.1895427703857422,decode,1,0,452712,0.0,0.0,0
forward_start,1780281090.801575,50,50,50,56,FULL,1780281090.801575,1780281090.8017845,0.20956993103027344,decode,0,0,452715,0.0,0.0,0
forward_start,1780281090.8015895,50,50,50,56,FULL,1780281090.8015895,1780281090.8017743,0.18477439880371094,decode,1,0,452712,0.0,0.0,0
forward_start,1780281090.8139298,50,50,50,56,FULL,1780281090.8139298,1780281090.8141193,0.1895427703857422,decode,0,0,452715,0.0,0.0,0
forward_start,1780281090.8140116,50,50,50,56,FULL,1780281090.8140116,1780281090.8141987,0.18715858459472656,decode,1,0,452712,0.0,0.0,0
forward_start,1780281090.8261335,50,50,50,56,FULL,1780281090.8261335,1780281090.8263314,0.19788742065429688,decode,0,0,452715,0.0,0.0,0
forward_start,1780281090.8262157,49,49,49,56,FULL,1780281090.8262157,1780281090.8264232,0.20742416381835938,decode,1,0,452712,0.0,0.0,0
forward_start,1780281090.838713,50,50,50,56,FULL,1780281090.838713,1780281090.8389144,0.2014636993408203,decode,0,0,452715,0.0,0.0,0
forward_start,1780281090.838751,49,49,49,56,FULL,1780281090.838751,1780281090.838938,0.186920166015625,decode,1,0,452712,0.0,0.0,0
forward_start,1780281090.851109,49,49,49,56,FULL,1780281090.851109,1780281090.851294,0.1850128173828125,decode,1,0,452712,0.0,0.0,0
forward_start,1780281090.851122,50,50,50,56,FULL,1780281090.851122,1780281090.8513565,0.2346038818359375,decode,0,0,452715,0.0,0.0,0
forward_start,1780281090.8632586,50,50,50,56,FULL,1780281090.8632586,1780281090.8634813,0.22268295288085938,decode,0,0,452715,0.0,0.0,0
forward_start,1780281090.8633013,49,49,49,56,FULL,1780281090.8633013,1780281090.8635066,0.2052783966064453,decode,1,0,452712,0.0,0.0,0
forward_start,1780281090.8764415,50,50,50,56,FULL,1780281090.8764415,1780281090.8766558,0.2143383026123047,decode,0,0,452715,0.0,0.0,0
forward_start,1780281090.876469,48,48,48,56,FULL,1780281090.876469,1780281090.876653,0.18405914306640625,decode,1,0,452712,0.0,0.0,0
forward_start,1780281090.8880198,50,50,50,56,FULL,1780281090.8880198,1780281090.8882291,0.20933151245117188,decode,0,0,452715,0.0,0.0,0
forward_start,1780281090.8880312,48,48,48,56,FULL,1780281090.8880312,1780281090.8882177,0.18644332885742188,decode,1,0,452712,0.0,0.0,0
forward_start,1780281090.9001982,48,48,48,56,FULL,1780281090.9001982,1780281090.9004064,0.20813941955566406,decode,1,0,452712,0.0,0.0,0
forward_start,1780281090.9002233,50,50,50,56,FULL,1780281090.9002233,1780281090.9004843,0.26106834411621094,decode,0,0,452715,0.0,0.0,0
forward_start,1780281090.9127235,50,50,50,56,FULL,1780281090.9127235,1780281090.9129388,0.21529197692871094,decode,0,0,452715,0.026226043701171875,0.12181616832779624,1
forward_start,1780281090.916933,48,48,48,56,FULL,1780281090.916933,1780281090.9171486,0.2155303955078125,decode,1,0,452712,0.2155303955078125,1.0,1
forward_start,1780281090.924686,48,48,48,56,FULL,1780281090.924686,1780281090.9248724,0.18644332885742188,decode,1,0,452712,0.18644332885742188,1.0,1
forward_start,1780281090.924716,50,50,50,56,FULL,1780281090.924716,1780281090.9249237,0.20766258239746094,decode,0,0,452715,0.19168853759765625,0.9230769230769231,1
forward_start,1780281090.937226,49,49,49,56,FULL,1780281090.937226,1780281090.9374573,0.23126602172851562,decode,0,0,452715,0.0,0.0,0
forward_start,1780281090.9372625,48,48,48,56,FULL,1780281090.9372625,1780281090.9374657,0.20313262939453125,decode,1,0,452712,0.0,0.0,0
forward_start,1780281090.9495509,49,49,49,56,FULL,1780281090.9495509,1780281090.9497545,0.20360946655273438,decode,0,0,452715,0.0,0.0,0
forward_start,1780281090.9495656,49,49,49,56,FULL,1780281090.9495656,1780281090.9497519,0.1862049102783203,decode,1,0,452712,0.0,0.0,0
forward_start,1780281090.9617994,49,49,49,56,FULL,1780281090.9617994,1780281090.9619975,0.19812583923339844,decode,0,0,452715,0.0,0.0,0
forward_start,1780281090.9618297,49,49,49,56,FULL,1780281090.9618297,1780281090.9620183,0.18858909606933594,decode,1,0,452712,0.0,0.0,0
forward_start,1780281090.9740984,49,49,49,56,FULL,1780281090.9740984,1780281090.9743004,0.20194053649902344,decode,0,0,452715,0.0,0.0,0
forward_start,1780281090.9741395,49,49,49,56,FULL,1780281090.9741395,1780281090.9743242,0.18477439880371094,decode,1,0,452712,0.0,0.0,0
forward_start,1780281090.98658,49,49,49,56,FULL,1780281090.98658,1780281090.9867778,0.19788742065429688,decode,0,0,452715,0.0,0.0,0
forward_start,1780281090.9866114,49,49,49,56,FULL,1780281090.9866114,1780281090.9867969,0.18548965454101562,decode,1,0,452712,0.0,0.0,0
forward_start,1780281090.998985,49,49,49,56,FULL,1780281090.998985,1780281090.999172,0.186920166015625,decode,1,0,452712,0.1323223114013672,0.7079081632653061,1
forward_start,1780281091.0008695,48,48,48,56,FULL,1780281091.0008695,1780281091.001085,0.2155303955078125,decode,0,0,452715,0.2155303955078125,1.0,1
forward_start,1780281091.0111163,48,48,48,56,FULL,1780281091.0111163,1780281091.0113218,0.20551681518554688,decode,0,0,452715,0.20551681518554688,1.0,1
forward_start,1780281091.0111623,49,49,49,56,FULL,1780281091.0111623,1780281091.0113702,0.2079010009765625,decode,1,0,452712,0.2079010009765625,1.0,1
forward_start,1780281091.0234256,48,48,48,56,FULL,1780281091.0234256,1780281091.0236282,0.20265579223632812,decode,0,0,452715,0.0,0.0,0
forward_start,1780281091.0234547,49,49,49,56,FULL,1780281091.0234547,1780281091.0236425,0.18787384033203125,decode,1,0,452712,0.0,0.0,0
forward_start,1780281091.0359912,48,48,48,56,FULL,1780281091.0359912,1780281091.036201,0.209808349609375,decode,0,0,452715,0.06842613220214844,0.3261363636363636,1
forward_start,1780281091.037963,49,49,49,56,FULL,1780281091.037963,1780281091.03816,0.1971721649169922,decode,1,0,452712,0.0,0.0,0
forward_start,1780281091.0480647,48,48,48,56,FULL,1780281091.0480647,1780281091.048266,0.20122528076171875,decode,0,0,452715,0.0,0.0,0
forward_start,1780281091.0480978,49,49,49,56,FULL,1780281091.0480978,1780281091.0482812,0.18334388732910156,decode,1,0,452712,0.0,0.0,0
forward_start,1780281091.06062,48,48,48,56,FULL,1780281091.06062,1780281091.0608256,0.20551681518554688,decode,0,0,452715,0.0,0.0,0
forward_start,1780281091.060643,50,50,50,56,FULL,1780281091.060643,1780281091.0608284,0.18548965454101562,decode,1,0,452712,0.0,0.0,0
forward_start,1780281091.0726104,47,47,47,56,FULL,1780281091.0726104,1780281091.0728161,0.20575523376464844,decode,0,0,452715,0.0,0.0,0
forward_start,1780281091.0726306,50,50,50,56,FULL,1780281091.0726306,1780281091.0728092,0.1785755157470703,decode,1,0,452712,0.0,0.0,0
forward_start,1780281091.0849757,47,47,47,56,FULL,1780281091.0849757,1780281091.0851755,0.19979476928710938,decode,0,0,452715,0.0,0.0,0
forward_start,1780281091.0850046,50,50,50,56,FULL,1780281091.0850046,1780281091.085188,0.18334388732910156,decode,1,0,452712,0.0,0.0,0
forward_start,1780281091.0971556,46,46,46,56,FULL,1780281091.0971556,1780281091.097368,0.2124309539794922,decode,0,0,452715,0.0,0.0,0
forward_start,1780281091.0972345,50,50,50,56,FULL,1780281091.0972345,1780281091.0974352,0.20074844360351562,decode,1,0,452712,0.0,0.0,0
forward_start,1780281091.1095269,46,46,46,56,FULL,1780281091.1095269,1780281091.1097279,0.2009868621826172,decode,0,0,452715,0.0,0.0,0
forward_start,1780281091.1095872,49,49,49,56,FULL,1780281091.1095872,1780281091.109772,0.18477439880371094,decode,1,0,452712,0.0,0.0,0
forward_start,1780281091.121875,49,49,49,56,FULL,1780281091.121875,1780281091.1220584,0.18334388732910156,decode,1,0,452712,0.0,0.0,0
forward_start,1780281091.1278706,46,46,46,56,FULL,1780281091.1278706,1780281091.1281106,0.24008750915527344,decode,0,0,452715,0.24008750915527344,1.0,1
forward_start,1780281091.1342103,46,46,46,56,FULL,1780281091.1342103,1780281091.1344643,0.25391578674316406,decode,0,0,452715,0.25391578674316406,1.0,1
forward_start,1780281091.134216,49,49,49,56,FULL,1780281091.134216,1780281091.134421,0.20503997802734375,decode,1,0,452712,0.20503997802734375,1.0,1
forward_start,1780281091.14644,49,49,49,56,FULL,1780281091.14644,1780281091.146624,0.18405914306640625,decode,1,0,452712,0.12135505676269531,0.6593264248704663,1
forward_start,1780281091.1482449,46,46,46,56,FULL,1780281091.1482449,1780281091.1485107,0.2658367156982422,decode,0,0,452715,0.2658367156982422,1.0,1
forward_start,1780281091.1587634,47,47,47,56,FULL,1780281091.1587634,1780281091.1589596,0.19621849060058594,decode,0,0,452715,0.19621849060058594,1.0,1
forward_start,1780281091.1588483,49,49,49,56,FULL,1780281091.1588483,1780281091.1590319,0.18358230590820312,decode,1,0,452712,0.14734268188476562,0.8025974025974026,1
forward_start,1780281091.1708324,47,47,47,56,FULL,1780281091.1708324,1780281091.171025,0.1926422119140625,decode,0,0,452715,0.0,0.0,0
forward_start,1780281091.1708665,49,49,49,56,FULL,1780281091.1708665,1780281091.1710534,0.186920166015625,decode,1,0,452712,0.0,0.0,0
forward_start,1780281091.1833665,48,48,48,56,FULL,1780281091.1833665,1780281091.1835887,0.22220611572265625,decode,0,0,452715,0.0,0.0,0
forward_start,1780281091.183407,49,49,49,56,FULL,1780281091.183407,1780281091.1835935,0.18644332885742188,decode,1,0,452712,0.0,0.0,0
forward_start,1780281091.1953318,48,48,48,56,FULL,1780281091.1953318,1780281091.1955485,0.2167224884033203,decode,0,0,452715,0.0,0.0,0
forward_start,1780281091.1954784,49,49,49,56,FULL,1780281091.1954784,1780281091.1956642,0.1857280731201172,decode,1,0,452712,0.0,0.0,0
forward_start,1780281091.2079928,48,48,48,56,FULL,1780281091.2079928,1780281091.2081943,0.2014636993408203,decode,0,0,452715,0.0,0.0,0
forward_start,1780281091.2080393,49,49,49,56,FULL,1780281091.2080393,1780281091.2082222,0.18286705017089844,decode,1,0,452712,0.0,0.0,0
forward_start,1780281091.2199686,48,48,48,56,FULL,1780281091.2199686,1780281091.220167,0.1983642578125,decode,0,0,452715,0.0,0.0,0
forward_start,1780281091.2200134,49,49,49,56,FULL,1780281091.2200134,1780281091.2202013,0.18787384033203125,decode,1,0,452712,0.0,0.0,0
forward_start,1780281091.2325375,48,48,48,56,FULL,1780281091.2325375,1780281091.2327507,0.21314620971679688,decode,0,0,452715,0.0,0.0,0
forward_start,1780281091.2378075,49,49,49,56,FULL,1780281091.2378075,1780281091.238032,0.22459030151367188,decode,1,0,452712,0.22459030151367188,1.0,1
forward_start,1780281091.244585,48,48,48,56,FULL,1780281091.244585,1780281091.2447875,0.20241737365722656,decode,0,0,452715,0.2453327178955078,1.2120141342756183,2
forward_start,1780281091.2459612,49,49,49,56,FULL,1780281091.2459612,1780281091.2461734,0.21219253540039062,decode,1,0,452712,0.42438507080078125,2.0,2
forward_start,1780281091.257715,48,48,48,48,FULL,1780281091.257715,1780281091.257923,0.2079010009765625,decode,0,0,452715,0.415802001953125,2.0,2
forward_start,1780281091.2577252,48,48,48,48,FULL,1780281091.2577252,1780281091.2579308,0.20551681518554688,decode,1,0,452712,0.41103363037109375,2.0,2
forward_start,1780281091.2696366,48,48,48,48,FULL,1780281091.2696366,1780281091.2698295,0.19288063049316406,decode,1,0,452712,0.0,0.0,0
forward_start,1780281091.2696426,48,48,48,48,FULL,1780281091.2696426,1780281091.2698498,0.2071857452392578,decode,0,0,452715,0.0,0.0,0
forward_start,1780281091.2818434,50,50,50,56,FULL,1780281091.2818434,1780281091.2820265,0.18310546875,decode,1,0,452712,0.0,0.0,0
forward_start,1780281091.2818515,48,48,48,56,FULL,1780281091.2818515,1780281091.2820513,0.19979476928710938,decode,0,0,452715,0.0,0.0,0
forward_start,1780281091.2938957,50,50,50,56,FULL,1780281091.2938957,1780281091.2940793,0.18358230590820312,decode,1,0,452712,0.07462501525878906,0.4064935064935065,1
forward_start,1780281091.2956991,48,48,48,56,FULL,1780281091.2956991,1780281091.2959232,0.22411346435546875,decode,0,0,452715,0.22411346435546875,1.0,1
forward_start,1780281091.305937,48,48,48,56,FULL,1780281091.305937,1780281091.3061383,0.20122528076171875,decode,0,0,452715,0.20122528076171875,1.0,1
forward_start,1780281091.3059964,50,50,50,56,FULL,1780281091.3059964,1780281091.3061824,0.18596649169921875,decode,1,0,452712,0.17523765563964844,0.9423076923076923,1
forward_start,1780281091.3186064,50,50,50,56,FULL,1780281091.3186064,1780281091.3187943,0.18787384033203125,decode,1,0,452712,0.07653236389160156,0.4073604060913706,1
forward_start,1780281091.3192313,48,48,48,56,FULL,1780281091.3192313,1780281091.319482,0.25081634521484375,decode,0,0,452715,0.25081634521484375,1.0,1
forward_start,1780281091.3309777,49,49,49,56,FULL,1780281091.3309777,1780281091.331179,0.20122528076171875,decode,0,0,452715,0.20122528076171875,1.0,1
forward_start,1780281091.3310318,50,50,50,56,FULL,1780281091.3310318,1780281091.3312213,0.1895427703857422,decode,1,0,452712,0.1850128173828125,0.9761006289308176,1
forward_start,1780281091.3429458,49,49,49,56,FULL,1780281091.3429458,1780281091.3431492,0.2033710479736328,decode,0,0,452715,0.0,0.0,0
forward_start,1780281091.342984,50,50,50,56,FULL,1780281091.342984,1780281091.3431706,0.18668174743652344,decode,1,0,452712,0.0,0.0,0
forward_start,1780281091.3554912,50,50,50,56,FULL,1780281091.3554912,1780281091.3556929,0.20170211791992188,decode,0,0,452715,0.0,0.0,0
forward_start,1780281091.3555124,50,50,50,56,FULL,1780281091.3555124,1780281091.3556948,0.1823902130126953,decode,1,0,452712,0.0,0.0,0
forward_start,1780281091.3677857,50,50,50,56,FULL,1780281091.3677857,1780281091.367972,0.1862049102783203,decode,1,0,452712,0.0,0.0,0
forward_start,1780281091.3677914,50,50,50,56,FULL,1780281091.3677914,1780281091.3679926,0.20122528076171875,decode,0,0,452715,0.0,0.0,0
forward_start,1780281091.3799975,50,50,50,56,FULL,1780281091.3799975,1780281091.3802054,0.2079010009765625,decode,0,0,452715,0.0,0.0,0
forward_start,1780281091.385165,49,49,49,56,FULL,1780281091.385165,1780281091.3853936,0.22864341735839844,decode,1,0,452712,0.22864341735839844,1.0,1
forward_start,1780281091.3923326,49,49,49,56,FULL,1780281091.3923326,1780281091.392599,0.2665519714355469,decode,0,0,452715,0.2665519714355469,1.0,1
forward_start,1780281091.392405,49,49,49,56,FULL,1780281091.392405,1780281091.3926065,0.2014636993408203,decode,1,0,452712,0.2014636993408203,1.0,1
forward_start,1780281091.4047387,48,48,48,48,FULL,1780281091.4047387,1780281091.4049504,0.2117156982421875,decode,0,0,452715,0.3883838653564453,1.8344594594594594,2
forward_start,1780281091.4074864,48,48,48,48,FULL,1780281091.4074864,1780281091.4076965,0.21004676818847656,decode,1,0,452712,0.4200935363769531,2.0,2
forward_start,1780281091.4166589,48,48,48,48,FULL,1780281091.4166589,1780281091.4168677,0.20885467529296875,decode,0,0,452715,0.0,0.0,0
forward_start,1780281091.4166932,48,48,48,48,FULL,1780281091.4166932,1780281091.4168806,0.18739700317382812,decode,1,0,452712,0.0,0.0,0
forward_start,1780281091.4289453,48,48,48,56,FULL,1780281091.4289453,1780281091.4291484,0.20313262939453125,decode,0,0,452715,0.0,0.0,0
forward_start,1780281091.4289823,50,50,50,56,FULL,1780281091.4289823,1780281091.4291666,0.1842975616455078,decode,1,0,452712,0.0,0.0,0
forward_start,1780281091.441074,50,50,50,56,FULL,1780281091.441074,1780281091.4412577,0.1838207244873047,decode,1,0,452712,0.06699562072753906,0.364461738002594,1
forward_start,1780281091.446027,48,48,48,56,FULL,1780281091.446027,1780281091.446267,0.23984909057617188,decode,0,0,452715,0.23984909057617188,1.0,1
forward_start,1780281091.4533098,48,48,48,56,FULL,1780281091.4533098,1780281091.4535806,0.270843505859375,decode,0,0,452715,0.3998279571533203,1.4762323943661972,2
forward_start,1780281091.4540355,50,50,50,56,FULL,1780281091.4540355,1780281091.4542272,0.19168853759765625,decode,1,0,452712,0.0,0.0,0
forward_start,1780281091.465547,48,48,48,56,FULL,1780281091.465547,1780281091.4657485,0.2014636993408203,decode,0,0,452715,0.0,0.0,0
forward_start,1780281091.4655519,50,50,50,56,FULL,1780281091.4655519,1780281091.4657378,0.18596649169921875,decode,1,0,452712,0.0,0.0,0
forward_start,1780281091.4779284,49,49,49,56,FULL,1780281091.4779284,1780281091.4781322,0.20384788513183594,decode,0,0,452715,0.0,0.0,0
forward_start,1780281091.4779325,51,51,51,56,FULL,1780281091.4779325,1780281091.4781184,0.18596649169921875,decode,1,0,452712,0.0,0.0,0
forward_start,1780281091.4899857,51,51,51,56,FULL,1780281091.4899857,1780281091.490172,0.1862049102783203,decode,1,0,452712,0.0,0.0,0
forward_start,1780281091.4900613,48,48,48,56,FULL,1780281091.4900613,1780281091.4902759,0.21457672119140625,decode,0,0,452715,0.0,0.0,0
forward_start,1780281091.5021522,51,51,51,56,FULL,1780281091.5021522,1780281091.5023549,0.20265579223632812,decode,1,0,452712,0.0,0.0,0
forward_start,1780281091.5023339,48,48,48,56,FULL,1780281091.5023339,1780281091.502571,0.2372264862060547,decode,0,0,452715,0.0,0.0,0
forward_start,1780281091.5142794,48,48,48,56,FULL,1780281091.5142794,1780281091.514536,0.25653839111328125,decode,0,0,452715,0.0,0.0,0
forward_start,1780281091.514325,51,51,51,56,FULL,1780281091.514325,1780281091.5145373,0.2124309539794922,decode,1,0,452712,0.0,0.0,0
forward_start,1780281091.5264475,48,48,48,56,FULL,1780281091.5264475,1780281091.5266569,0.20933151245117188,decode,0,0,452715,0.0,0.0,0
forward_start,1780281091.5264697,51,51,51,56,FULL,1780281091.5264697,1780281091.5266576,0.18787384033203125,decode,1,0,452712,0.0,0.0,0
forward_start,1780281091.5384948,48,48,48,56,FULL,1780281091.5384948,1780281091.5387003,0.20551681518554688,decode,0,0,452715,0.0,0.0,0
forward_start,1780281091.5385287,51,51,51,56,FULL,1780281091.5385287,1780281091.5387175,0.1888275146484375,decode,1,0,452712,0.0,0.0,0
forward_start,1780281091.5509467,48,48,48,56,FULL,1780281091.5509467,1780281091.5511513,0.20456314086914062,decode,0,0,452715,0.0,0.0,0
forward_start,1780281091.5509915,51,51,51,56,FULL,1780281091.5509915,1780281091.551178,0.18644332885742188,decode,1,0,452712,0.0,0.0,0
forward_start,1780281091.5630128,48,48,48,56,FULL,1780281091.5630128,1780281091.5632167,0.20384788513183594,decode,0,0,452715,0.051021575927734375,0.25029239766081873,1
forward_start,1780281091.5679543,51,51,51,56,FULL,1780281091.5679543,1780281091.5681815,0.22721290588378906,decode,1,0,452712,0.22721290588378906,1.0,1
forward_start,1780281091.575269,48,48,48,56,FULL,1780281091.575269,1780281091.5755157,0.2467632293701172,decode,0,0,452715,0.2467632293701172,1.0,1
forward_start,1780281091.5753062,51,51,51,56,FULL,1780281091.5753062,1780281091.5755086,0.20241737365722656,decode,1,0,452712,0.20241737365722656,1.0,1
forward_start,1780281091.5874004,48,48,48,56,FULL,1780281091.5874004,1780281091.5876443,0.24390220642089844,decode,0,0,452715,0.0,0.0,0
forward_start,1780281091.5874488,50,50,50,56,FULL,1780281091.5874488,1780281091.5876381,0.18930435180664062,decode,1,0,452712,0.0,0.0,0
forward_start,1780281091.599751,48,48,48,56,FULL,1780281091.599751,1780281091.5999558,0.2048015594482422,decode,0,0,452715,0.0,0.0,0
forward_start,1780281091.5997686,51,51,51,56,FULL,1780281091.5997686,1780281091.5999541,0.18548965454101562,decode,1,0,452712,0.0,0.0,0
forward_start,1780281091.611607,48,48,48,56,FULL,1780281091.611607,1780281091.6118097,0.20265579223632812,decode,0,0,452715,0.0,0.0,0
forward_start,1780281091.611611,51,51,51,56,FULL,1780281091.611611,1780281091.6117961,0.18525123596191406,decode,1,0,452712,0.0,0.0,0
forward_start,1780281091.6238947,47,47,47,56,FULL,1780281091.6238947,1780281091.6240933,0.19860267639160156,decode,0,0,452715,0.0,0.0,0
forward_start,1780281091.6239843,51,51,51,56,FULL,1780281091.6239843,1780281091.624168,0.18358230590820312,decode,1,0,452712,0.0,0.0,0
forward_start,1780281091.6361248,47,47,47,56,FULL,1780281091.6361248,1780281091.6363153,0.19049644470214844,decode,0,0,452715,0.0,0.0,0
forward_start,1780281091.6362057,51,51,51,56,FULL,1780281091.6362057,1780281091.636407,0.20122528076171875,decode,1,0,452712,0.0,0.0,0
forward_start,1780281091.6483643,47,47,47,56,FULL,1780281091.6483643,1780281091.6485734,0.2090930938720703,decode,0,0,452715,0.0,0.0,0
forward_start,1780281091.648398,51,51,51,56,FULL,1780281091.648398,1780281091.6485848,0.186920166015625,decode,1,0,452712,0.0,0.0,0
forward_start,1780281091.661085,46,46,46,56,FULL,1780281091.661085,1780281091.6612902,0.2052783966064453,decode,0,0,452715,0.0,0.0,0
forward_start,1780281091.661128,51,51,51,56,FULL,1780281091.661128,1780281091.6613092,0.1811981201171875,decode,1,0,452712,0.0,0.0,0
forward_start,1780281091.673099,51,51,51,56,FULL,1780281091.673099,1780281091.6732795,0.1804828643798828,decode,1,0,452712,0.0,0.0,0
forward_start,1780281091.690834,46,46,46,56,FULL,1780281091.690834,1780281091.6910717,0.2377033233642578,decode,0,0,452715,0.2377033233642578,1.0,1
forward_start,1780281091.6939762,45,45,45,56,FULL,1780281091.6939762,1780281091.6942012,0.225067138671875,decode,0,0,452715,0.225067138671875,1.0,1
forward_start,1780281091.6940377,51,51,51,56,FULL,1780281091.6940377,1780281091.6942234,0.1857280731201172,decode,1,0,452712,0.1857280731201172,1.0,1
forward_start,1780281091.7051072,51,51,51,56,FULL,1780281091.7051072,1780281091.7052763,0.1690387725830078,decode,1,0,452712,0.1690387725830078,1.0,1
forward_start,1780281091.7051392,45,45,45,56,FULL,1780281091.7051392,1780281091.705363,0.2238750457763672,decode,0,0,452715,0.2238750457763672,1.0,1
forward_start,1780281091.717572,45,45,45,56,FULL,1780281091.717572,1780281091.717775,0.20313262939453125,decode,0,0,452715,0.0,0.0,0
forward_start,1780281091.717587,51,51,51,56,FULL,1780281091.717587,1780281091.7177727,0.1857280731201172,decode,1,0,452712,0.0,0.0,0
forward_start,1780281091.730146,46,46,46,56,FULL,1780281091.730146,1780281091.7303712,0.22530555725097656,decode,0,0,452715,0.0,0.0,0
forward_start,1780281091.730177,51,51,51,56,FULL,1780281091.730177,1780281091.7303782,0.20122528076171875,decode,1,0,452712,0.0,0.0,0
forward_start,1780281091.7422419,46,46,46,56,FULL,1780281091.7422419,1780281091.7424815,0.2396106719970703,decode,0,0,452715,0.0,0.0,0
forward_start,1780281091.742322,50,50,50,56,FULL,1780281091.742322,1780281091.7425237,0.20170211791992188,decode,1,0,452712,0.0,0.0,0
forward_start,1780281091.7541718,50,50,50,56,FULL,1780281091.7541718,1780281091.7543566,0.18477439880371094,decode,1,0,452712,0.0,0.0,0
forward_start,1780281091.7541828,46,46,46,56,FULL,1780281091.7541828,1780281091.7544158,0.23293495178222656,decode,0,0,452715,0.0,0.0,0
forward_start,1780281091.7666802,50,50,50,56,FULL,1780281091.7666802,1780281091.766862,0.18167495727539062,decode,1,0,452712,0.0,0.0,0
forward_start,1780281091.7666843,46,46,46,56,FULL,1780281091.7666843,1780281091.7668803,0.19598007202148438,decode,0,0,452715,0.0,0.0,0
forward_start,1780281091.7787628,46,46,46,56,FULL,1780281091.7787628,1780281091.7789567,0.1938343048095703,decode,0,0,452715,0.0,0.0,0
forward_start,1780281091.7788274,50,50,50,56,FULL,1780281091.7788274,1780281091.779012,0.18453598022460938,decode,1,0,452712,0.0,0.0,0
forward_start,1780281091.791093,46,46,46,56,FULL,1780281091.791093,1780281091.7912986,0.20551681518554688,decode,0,0,452715,0.0,0.0,0
forward_start,1780281091.7911189,50,50,50,56,FULL,1780281091.7911189,1780281091.7913039,0.1850128173828125,decode,1,0,452712,0.0,0.0,0
forward_start,1780281091.803607,50,50,50,56,FULL,1780281091.803607,1780281091.8037913,0.1842975616455078,decode,1,0,452712,0.0,0.0,0
forward_start,1780281091.8096488,46,46,46,56,FULL,1780281091.8096488,1780281091.809878,0.22935867309570312,decode,0,0,452715,0.22935867309570312,1.0,1
forward_start,1780281091.815676,46,46,46,56,FULL,1780281091.815676,1780281091.8158917,0.21576881408691406,decode,0,0,452715,0.21576881408691406,1.0,1
forward_start,1780281091.8156898,50,50,50,56,FULL,1780281091.8156898,1780281091.8158753,0.18548965454101562,decode,1,0,452712,0.18548965454101562,1.0,1
forward_start,1780281091.8279502,46,46,46,56,FULL,1780281091.8279502,1780281091.828151,0.20074844360351562,decode,0,0,452715,0.20074844360351562,1.0,1
forward_start,1780281091.827976,50,50,50,56,FULL,1780281091.827976,1780281091.8281627,0.18668174743652344,decode,1,0,452712,0.18668174743652344,1.0,1
forward_start,1780281091.84036,46,46,46,56,FULL,1780281091.84036,1780281091.84058,0.2200603485107422,decode,0,0,452715,0.0,0.0,0
forward_start,1780281091.8403869,50,50,50,56,FULL,1780281091.8403869,1780281091.8405762,0.18930435180664062,decode,1,0,452712,0.0,0.0,0
forward_start,1780281091.852891,47,47,47,56,FULL,1780281091.852891,1780281091.8530962,0.2052783966064453,decode,0,0,452715,0.0,0.0,0
forward_start,1780281091.8529205,50,50,50,56,FULL,1780281091.8529205,1780281091.8531055,0.1850128173828125,decode,1,0,452712,0.0,0.0,0
forward_start,1780281091.8649127,47,47,47,56,FULL,1780281091.8649127,1780281091.8651154,0.20265579223632812,decode,0,0,452715,0.0,0.0,0
forward_start,1780281091.8649266,50,50,50,56,FULL,1780281091.8649266,1780281091.8651192,0.1926422119140625,decode,1,0,452712,0.0,0.0,0
forward_start,1780281091.877389,47,47,47,56,FULL,1780281091.877389,1780281091.8776073,0.21839141845703125,decode,0,0,452715,0.0,0.0,0
forward_start,1780281091.8774402,50,50,50,56,FULL,1780281091.8774402,1780281091.8776278,0.1876354217529297,decode,1,0,452712,0.0,0.0,0
forward_start,1780281091.889403,47,47,47,56,FULL,1780281091.889403,1780281091.8896003,0.1971721649169922,decode,0,0,452715,0.0,0.0,0
forward_start,1780281091.8895092,50,50,50,56,FULL,1780281091.8895092,1780281091.8896954,0.1862049102783203,decode,1,0,452712,0.0,0.0,0
forward_start,1780281091.9020424,47,47,47,56,FULL,1780281091.9020424,1780281091.9022348,0.19240379333496094,decode,0,0,452715,0.0,0.0,0
forward_start,1780281091.902114,50,50,50,56,FULL,1780281091.902114,1780281091.902292,0.1780986785888672,decode,1,0,452712,0.0,0.0,0
forward_start,1780281091.913983,47,47,47,56,FULL,1780281091.913983,1780281091.9141786,0.19550323486328125,decode,0,0,452715,0.0,0.0,0
forward_start,1780281091.914065,50,50,50,56,FULL,1780281091.914065,1780281091.914246,0.1811981201171875,decode,1,0,452712,0.0,0.0,0
forward_start,1780281091.926328,47,47,47,56,FULL,1780281091.926328,1780281091.926583,0.2551078796386719,decode,0,0,452715,0.0,0.0,0
forward_start,1780281091.9264235,50,50,50,56,FULL,1780281091.9264235,1780281091.9266105,0.186920166015625,decode,1,0,452712,0.0,0.0,0
forward_start,1780281091.9385958,47,47,47,56,FULL,1780281091.9385958,1780281091.9387903,0.194549560546875,decode,0,0,452715,0.0,0.0,0
forward_start,1780281091.938668,50,50,50,56,FULL,1780281091.938668,1780281091.9388528,0.18477439880371094,decode,1,0,452712,0.0,0.0,0
forward_start,1780281091.9512408,47,47,47,56,FULL,1780281091.9512408,1780281091.9514723,0.2315044403076172,decode,0,0,452715,0.0,0.0,0
forward_start,1780281091.9512753,50,50,50,56,FULL,1780281091.9512753,1780281091.9514797,0.20432472229003906,decode,1,0,452712,0.0,0.0,0
forward_start,1780281091.9662373,47,47,47,56,FULL,1780281091.9662373,1780281091.966495,0.25773048400878906,decode,0,0,452715,0.5154609680175781,2.0,2
forward_start,1780281091.969872,50,50,50,56,FULL,1780281091.969872,1780281091.9700944,0.2224445343017578,decode,1,0,452712,0.4448890686035156,2.0,2
forward_start,1780281091.9761658,47,47,47,56,FULL,1780281091.9761658,1780281091.9763947,0.2288818359375,decode,0,0,452715,0.457763671875,2.0,2
forward_start,1780281091.9762475,50,50,50,56,FULL,1780281091.9762475,1780281091.9764695,0.2219676971435547,decode,1,0,452712,0.4131793975830078,1.861439312567132,2
forward_start,1780281091.9921892,46,46,46,56,FULL,1780281091.9921892,1780281091.992449,0.2598762512207031,decode,0,0,452715,0.7796287536621094,3.0,3
forward_start,1780281091.9933982,50,50,50,56,FULL,1780281091.9933982,1780281091.993616,0.21791458129882812,decode,1,0,452712,0.6537437438964844,3.0,3
forward_start,1780281092.0006938,47,47,47,56,FULL,1780281092.0006938,1780281092.0008965,0.20265579223632812,decode,0,0,452715,0.40531158447265625,2.0,2
forward_start,1780281092.0007224,50,50,50,56,FULL,1780281092.0007224,1780281092.0009227,0.2002716064453125,decode,1,0,452712,0.400543212890625,2.0,2
forward_start,1780281092.0131016,47,47,47,56,FULL,1780281092.0131016,1780281092.013305,0.2033710479736328,decode,0,0,452715,0.2033710479736328,1.0,1
forward_start,1780281092.0131567,50,50,50,56,FULL,1780281092.0131567,1780281092.0133634,0.2067089080810547,decode,1,0,452712,0.2067089080810547,1.0,1
forward_start,1780281092.0255826,50,50,50,56,FULL,1780281092.0255826,1780281092.025771,0.18835067749023438,decode,1,0,452712,0.11420249938964844,0.6063291139240506,1
forward_start,1780281092.0274246,48,48,48,56,FULL,1780281092.0274246,1780281092.0276523,0.2276897430419922,decode,0,0,452715,0.2276897430419922,1.0,1
forward_start,1780281092.037528,48,48,48,56,FULL,1780281092.037528,1780281092.0377321,0.2040863037109375,decode,0,0,452715,0.2040863037109375,1.0,1
forward_start,1780281092.0375648,51,51,51,56,FULL,1780281092.0375648,1780281092.0377514,0.18668174743652344,decode,1,0,452712,0.18668174743652344,1.0,1
forward_start,1780281092.0499141,48,48,48,56,FULL,1780281092.0499141,1780281092.050115,0.2009868621826172,decode,0,0,452715,0.0,0.0,0
forward_start,1780281092.0544884,51,51,51,56,FULL,1780281092.0544884,1780281092.0547016,0.21314620971679688,decode,1,0,452712,0.21314620971679688,1.0,1
forward_start,1780281092.0636806,51,51,51,56,FULL,1780281092.0636806,1780281092.0638804,0.19979476928710938,decode,1,0,452712,0.2734661102294922,1.3687350835322196,2
forward_start,1780281092.0675397,49,49,49,56,FULL,1780281092.0675397,1780281092.0677757,0.23603439331054688,decode,0,0,452715,0.47206878662109375,2.0,2
forward_start,1780281092.0746832,51,51,51,56,FULL,1780281092.0746832,1780281092.0748677,0.18453598022460938,decode,1,0,452712,0.36907196044921875,2.0,2
forward_start,1780281092.0747159,49,49,49,56,FULL,1780281092.0747159,1780281092.07492,0.2040863037109375,decode,0,0,452715,0.3910064697265625,1.9158878504672898,2
forward_start,1780281092.0866473,49,49,49,56,FULL,1780281092.0866473,1780281092.0868392,0.1919269561767578,decode,0,0,452715,0.0,0.0,0
forward_start,1780281092.0866966,51,51,51,56,FULL,1780281092.0866966,1780281092.0868788,0.18215179443359375,decode,1,0,452712,0.0,0.0,0
forward_start,1780281092.0990555,50,50,50,56,FULL,1780281092.0990555,1780281092.0992632,0.20766258239746094,decode,0,0,452715,0.0,0.0,0
forward_start,1780281092.09911,52,52,52,56,FULL,1780281092.09911,1780281092.0992918,0.1819133758544922,decode,1,0,452712,0.0,0.0,0
forward_start,1780281092.111564,50,50,50,56,FULL,1780281092.111564,1780281092.1117702,0.20623207092285156,decode,0,0,452715,0.0,0.0,0
forward_start,1780281092.1115978,52,52,52,56,FULL,1780281092.1115978,1780281092.111786,0.1881122589111328,decode,1,0,452712,0.0,0.0,0
forward_start,1780281092.1237159,50,50,50,56,FULL,1780281092.1237159,1780281092.123919,0.20313262939453125,decode,0,0,452715,0.0,0.0,0
forward_start,1780281092.123748,52,52,52,56,FULL,1780281092.123748,1780281092.123936,0.18787384033203125,decode,1,0,452712,0.0,0.0,0
forward_start,1780281092.1358109,52,52,52,56,FULL,1780281092.1358109,1780281092.1359951,0.1842975616455078,decode,1,0,452712,0.0,0.0,0
forward_start,1780281092.1418417,50,50,50,56,FULL,1780281092.1418417,1780281092.1420796,0.23794174194335938,decode,0,0,452715,0.23794174194335938,1.0,1
forward_start,1780281092.147913,50,50,50,56,FULL,1780281092.147913,1780281092.1481204,0.20742416381835938,decode,0,0,452715,0.20742416381835938,1.0,1
forward_start,1780281092.147946,52,52,52,56,FULL,1780281092.147946,1780281092.1481287,0.18286705017089844,decode,1,0,452712,0.18286705017089844,1.0,1
forward_start,1780281092.1601772,50,50,50,56,FULL,1780281092.1601772,1780281092.1604085,0.23126602172851562,decode,0,0,452715,0.32901763916015625,1.422680412371134,2
forward_start,1780281092.1620486,52,52,52,56,FULL,1780281092.1620486,1780281092.1622622,0.213623046875,decode,1,0,452712,0.213623046875,1.0,1
forward_start,1780281092.1725938,51,51,51,56,FULL,1780281092.1725938,1780281092.1727843,0.19049644470214844,decode,1,0,452712,0.0,0.0,0
forward_start,1780281092.1771157,50,50,50,56,FULL,1780281092.1771157,1780281092.1773603,0.24461746215820312,decode,0,0,452715,0.24461746215820312,1.0,1
forward_start,1780281092.1849277,51,51,51,56,FULL,1780281092.1849277,1780281092.1851346,0.20694732666015625,decode,0,0,452715,0.3490447998046875,1.6866359447004609,2
forward_start,1780281092.1854935,52,52,52,56,FULL,1780281092.1854935,1780281092.1856856,0.19216537475585938,decode,1,0,452712,0.0,0.0,0
forward_start,1780281092.1970134,51,51,51,56,FULL,1780281092.1970134,1780281092.1972146,0.20122528076171875,decode,0,0,452715,0.0,0.0,0
forward_start,1780281092.1970565,52,52,52,56,FULL,1780281092.1970565,1780281092.1972427,0.1862049102783203,decode,1,0,452712,0.0,0.0,0
forward_start,1780281092.2092285,52,52,52,56,FULL,1780281092.2092285,1780281092.2094696,0.2410411834716797,decode,0,0,452715,0.0,0.0,0
forward_start,1780281092.2092547,53,53,53,56,FULL,1780281092.2092547,1780281092.2094579,0.20313262939453125,decode,1,0,452712,0.0,0.0,0
forward_start,1780281092.221569,53,53,53,56,FULL,1780281092.221569,1780281092.2217536,0.18453598022460938,decode,1,0,452712,0.0,0.0,0
forward_start,1780281092.221625,52,52,52,56,FULL,1780281092.221625,1780281092.2218416,0.21648406982421875,decode,0,0,452715,0.0,0.0,0
forward_start,1780281092.2338338,53,53,53,56,FULL,1780281092.2338338,1780281092.2340217,0.18787384033203125,decode,1,0,452712,0.03409385681152344,0.1814720812182741,1
forward_start,1780281092.2367556,52,52,52,56,FULL,1780281092.2367556,1780281092.236978,0.2224445343017578,decode,0,0,452715,0.2224445343017578,1.0,1
forward_start,1780281092.2463813,52,52,52,56,FULL,1780281092.2463813,1780281092.2466068,0.22554397583007812,decode,0,0,452715,0.22554397583007812,1.0,1
forward_start,1780281092.246428,52,52,52,56,FULL,1780281092.246428,1780281092.246615,0.186920166015625,decode,1,0,452712,0.186920166015625,1.0,1
forward_start,1780281092.2585495,51,51,51,56,FULL,1780281092.2585495,1780281092.2587535,0.2040863037109375,decode,0,0,452715,0.0,0.0,0
forward_start,1780281092.2586102,52,52,52,56,FULL,1780281092.2586102,1780281092.2587943,0.18405914306640625,decode,1,0,452712,0.0,0.0,0
forward_start,1780281092.2708814,52,52,52,56,FULL,1780281092.2708814,1780281092.2710655,0.18405914306640625,decode,1,0,452712,0.0,0.0,0
forward_start,1780281092.2708898,52,52,52,56,FULL,1780281092.2708898,1780281092.2710955,0.20575523376464844,decode,0,0,452715,0.0,0.0,0
forward_start,1780281092.2827523,52,52,52,56,FULL,1780281092.2827523,1780281092.2829282,0.17595291137695312,decode,1,0,452712,0.0,0.0,0
forward_start,1780281092.2827709,52,52,52,56,FULL,1780281092.2827709,1780281092.2829757,0.2048015594482422,decode,0,0,452715,0.0,0.0,0
forward_start,1780281092.2950227,52,52,52,56,FULL,1780281092.2950227,1780281092.2952132,0.19049644470214844,decode,0,0,452715,0.0,0.0,0
forward_start,1780281092.295104,52,52,52,56,FULL,1780281092.295104,1780281092.295283,0.17905235290527344,decode,1,0,452712,0.0,0.0,0
forward_start,1780281092.3070922,52,52,52,56,FULL,1780281092.3070922,1780281092.3072813,0.18906593322753906,decode,0,0,452715,0.0,0.0,0
forward_start,1780281092.3071797,52,52,52,56,FULL,1780281092.3071797,1780281092.3073828,0.20313262939453125,decode,1,0,452712,0.0,0.0,0
forward_start,1780281092.3195856,52,52,52,56,FULL,1780281092.3195856,1780281092.3197987,0.21314620971679688,decode,0,0,452715,0.0,0.0,0
forward_start,1780281092.319686,52,52,52,56,FULL,1780281092.319686,1780281092.3198717,0.1857280731201172,decode,1,0,452712,0.0,0.0,0
forward_start,1780281092.3318088,51,51,51,56,FULL,1780281092.3318088,1780281092.331991,0.18215179443359375,decode,1,0,452712,0.0,0.0,0
forward_start,1780281092.3318176,51,51,51,56,FULL,1780281092.3318176,1780281092.332016,0.1983642578125,decode,0,0,452715,0.0,0.0,0
forward_start,1780281092.344118,51,51,51,56,FULL,1780281092.344118,1780281092.344315,0.19693374633789062,decode,0,0,452715,0.04649162292480469,0.2360774818401937,1
forward_start,1780281092.3498518,51,51,51,56,FULL,1780281092.3498518,1780281092.3500845,0.232696533203125,decode,1,0,452712,0.232696533203125,1.0,1
forward_start,1780281092.3559704,51,51,51,56,FULL,1780281092.3559704,1780281092.3561702,0.19979476928710938,decode,0,0,452715,0.19979476928710938,1.0,1
forward_start,1780281092.3559952,51,51,51,56,FULL,1780281092.3559952,1780281092.3561773,0.18215179443359375,decode,1,0,452712,0.18215179443359375,1.0,1
forward_start,1780281092.3685915,51,51,51,56,FULL,1780281092.3685915,1780281092.3687985,0.20694732666015625,decode,0,0,452715,0.0,0.0,0
forward_start,1780281092.3686402,51,51,51,56,FULL,1780281092.3686402,1780281092.3688233,0.18310546875,decode,1,0,452712,0.0,0.0,0
forward_start,1780281092.380706,52,52,52,56,FULL,1780281092.380706,1780281092.3808923,0.1862049102783203,decode,1,0,452712,0.06270408630371094,0.33674775928297057,1
forward_start,1780281092.3943,51,51,51,56,FULL,1780281092.3943,1780281092.3945134,0.21338462829589844,decode,0,0,452715,0.21338462829589844,1.0,1
forward_start,1780281092.3974588,52,52,52,56,FULL,1780281092.3974588,1780281092.3976426,0.1838207244873047,decode,1,0,452712,0.22268295288085938,1.2114137483787288,2
forward_start,1780281092.4039705,51,51,51,56,FULL,1780281092.4039705,1780281092.4041955,0.225067138671875,decode,0,0,452715,0.45013427734375,2.0,2
forward_start,1780281092.4086697,52,52,52,56,FULL,1780281092.4086697,1780281092.4088502,0.1804828643798828,decode,1,0,452712,0.3609657287597656,2.0,2
forward_start,1780281092.4086761,51,51,51,56,FULL,1780281092.4086761,1780281092.4088721,0.19598007202148438,decode,0,0,452715,0.39196014404296875,2.0,2
forward_start,1780281092.42109,51,51,51,56,FULL,1780281092.42109,1780281092.4212906,0.20074844360351562,decode,0,0,452715,0.0,0.0,0
forward_start,1780281092.4211102,52,52,52,56,FULL,1780281092.4211102,1780281092.4212952,0.1850128173828125,decode,1,0,452712,0.0,0.0,0
forward_start,1780281092.4335375,53,53,53,56,FULL,1780281092.4335375,1780281092.4337378,0.2002716064453125,decode,0,0,452715,0.0,0.0,0
forward_start,1780281092.433565,51,51,51,56,FULL,1780281092.433565,1780281092.4337516,0.18668174743652344,decode,1,0,452712,0.0,0.0,0
forward_start,1780281092.445745,53,53,53,56,FULL,1780281092.445745,1780281092.4459474,0.20241737365722656,decode,0,0,452715,0.029802322387695312,0.14723203769140164,1
forward_start,1780281092.44762,51,51,51,56,FULL,1780281092.44762,1780281092.4478106,0.19073486328125,decode,1,0,452712,0.0,0.0,0
forward_start,1780281092.4583254,53,53,53,56,FULL,1780281092.4583254,1780281092.4585757,0.2503395080566406,decode,0,0,452715,0.0,0.0,0
forward_start,1780281092.4583912,51,51,51,56,FULL,1780281092.4583912,1780281092.458579,0.18787384033203125,decode,1,0,452712,0.0,0.0,0
forward_start,1780281092.4701087,53,53,53,56,FULL,1780281092.4701087,1780281092.470322,0.21314620971679688,decode,0,0,452715,0.0,0.0,0
forward_start,1780281092.470172,52,52,52,56,FULL,1780281092.470172,1780281092.470373,0.2009868621826172,decode,1,0,452712,0.0,0.0,0
forward_start,1780281092.4822407,52,52,52,56,FULL,1780281092.4822407,1780281092.4824784,0.2377033233642578,decode,0,0,452715,0.0,0.0,0
forward_start,1780281092.482292,51,51,51,56,FULL,1780281092.482292,1780281092.4824972,0.2052783966064453,decode,1,0,452712,0.0,0.0,0
forward_start,1780281092.4944954,51,51,51,56,FULL,1780281092.4944954,1780281092.4946804,0.1850128173828125,decode,1,0,452712,0.0,0.0,0
forward_start,1780281092.4946437,52,52,52,56,FULL,1780281092.4946437,1780281092.4948525,0.20885467529296875,decode,0,0,452715,0.0,0.0,0
forward_start,1780281092.50637,52,52,52,56,FULL,1780281092.50637,1780281092.5065842,0.21409988403320312,decode,0,0,452715,0.0,0.0,0
forward_start,1780281092.5064352,51,51,51,56,FULL,1780281092.5064352,1780281092.5066228,0.1876354217529297,decode,1,0,452712,0.0,0.0,0
forward_start,1780281092.5189166,51,51,51,56,FULL,1780281092.5189166,1780281092.519157,0.240325927734375,decode,0,0,452715,0.0,0.0,0
forward_start,1780281092.5189393,51,51,51,56,FULL,1780281092.5189393,1780281092.5191221,0.18286705017089844,decode,1,0,452712,0.0,0.0,0
forward_start,1780281092.5310757,51,51,51,56,FULL,1780281092.5310757,1780281092.5312886,0.2129077911376953,decode,0,0,452715,0.0,0.0,0
forward_start,1780281092.5311658,50,50,50,56,FULL,1780281092.5311658,1780281092.5313756,0.209808349609375,decode,1,0,452712,0.0,0.0,0
forward_start,1780281092.543217,51,51,51,56,FULL,1780281092.543217,1780281092.5434728,0.25582313537597656,decode,0,0,452715,0.0,0.0,0
forward_start,1780281092.54322,50,50,50,56,FULL,1780281092.54322,1780281092.543427,0.20694732666015625,decode,1,0,452712,0.0,0.0,0
forward_start,1780281092.5554836,51,51,51,56,FULL,1780281092.5554836,1780281092.5557024,0.21886825561523438,decode,0,0,452715,0.06270408630371094,0.28649237472766886,1
forward_start,1780281092.5572395,50,50,50,56,FULL,1780281092.5572395,1780281092.5574732,0.23365020751953125,decode,1,0,452712,0.23365020751953125,1.0,1
forward_start,1780281092.5677326,51,51,51,56,FULL,1780281092.5677326,1780281092.567929,0.1964569091796875,decode,0,0,452715,0.1964569091796875,1.0,1
forward_start,1780281092.5677707,50,50,50,56,FULL,1780281092.5677707,1780281092.5679598,0.18906593322753906,decode,1,0,452712,0.18906593322753906,1.0,1
forward_start,1780281092.5799165,51,51,51,56,FULL,1780281092.5799165,1780281092.580116,0.1995563507080078,decode,0,0,452715,0.0,0.0,0
forward_start,1780281092.5799456,50,50,50,56,FULL,1780281092.5799456,1780281092.58013,0.18453598022460938,decode,1,0,452712,0.0,0.0,0
forward_start,1780281092.5927405,51,51,51,56,FULL,1780281092.5927405,1780281092.5929375,0.19693374633789062,decode,0,0,452715,0.0,0.0,0
forward_start,1780281092.5927622,51,51,51,56,FULL,1780281092.5927622,1780281092.5929475,0.18525123596191406,decode,1,0,452712,0.0,0.0,0
forward_start,1780281092.6041424,51,51,51,56,FULL,1780281092.6041424,1780281092.6043637,0.22125244140625,decode,0,0,452715,0.0,0.0,0
forward_start,1780281092.604182,51,51,51,56,FULL,1780281092.604182,1780281092.6043882,0.20623207092285156,decode,1,0,452712,0.0,0.0,0
forward_start,1780281092.6168523,51,51,51,56,FULL,1780281092.6168523,1780281092.61708,0.2276897430419922,decode,0,0,452715,0.0,0.0,0
forward_start,1780281092.616886,51,51,51,56,FULL,1780281092.616886,1780281092.6170714,0.18548965454101562,decode,1,0,452712,0.0,0.0,0
forward_start,1780281092.628885,51,51,51,56,FULL,1780281092.628885,1780281092.6291,0.21505355834960938,decode,0,0,452715,0.0,0.0,0
forward_start,1780281092.6289275,51,51,51,56,FULL,1780281092.6289275,1780281092.6291173,0.18978118896484375,decode,1,0,452712,0.0,0.0,0
forward_start,1780281092.641097,51,51,51,56,FULL,1780281092.641097,1780281092.641296,0.19884109497070312,decode,0,0,452715,0.0,0.0,0
forward_start,1780281092.641165,51,51,51,56,FULL,1780281092.641165,1780281092.6413672,0.202178955078125,decode,1,0,452712,0.0,0.0,0
forward_start,1780281092.653502,51,51,51,56,FULL,1780281092.653502,1780281092.6537094,0.20742416381835938,decode,0,0,452715,0.0,0.0,0
forward_start,1780281092.653526,51,51,51,56,FULL,1780281092.653526,1780281092.653711,0.1850128173828125,decode,1,0,452712,0.0,0.0,0
forward_start,1780281092.665941,51,51,51,56,FULL,1780281092.665941,1780281092.6661265,0.18548965454101562,decode,1,0,452712,0.0,0.0,0
forward_start,1780281092.66595,51,51,51,56,FULL,1780281092.66595,1780281092.6661487,0.19860267639160156,decode,0,0,452715,0.0,0.0,0
forward_start,1780281092.6779523,51,51,51,56,FULL,1780281092.6779523,1780281092.6781483,0.19598007202148438,decode,0,0,452715,0.0,0.0,0
forward_start,1780281092.6779594,51,51,51,56,FULL,1780281092.6779594,1780281092.678145,0.18548965454101562,decode,1,0,452712,0.0,0.0,0
forward_start,1780281092.6905134,51,51,51,56,FULL,1780281092.6905134,1780281092.690739,0.22554397583007812,decode,0,0,452715,0.0,0.0,0
forward_start,1780281092.6905491,51,51,51,56,FULL,1780281092.6905491,1780281092.6907346,0.18548965454101562,decode,1,0,452712,0.0,0.0,0
forward_start,1780281092.7026148,51,51,51,56,FULL,1780281092.7026148,1780281092.7028115,0.19669532775878906,decode,0,0,452715,0.0,0.0,0
forward_start,1780281092.7026203,50,50,50,56,FULL,1780281092.7026203,1780281092.702806,0.1857280731201172,decode,1,0,452712,0.0,0.0,0
forward_start,1780281092.7150397,51,51,51,56,FULL,1780281092.7150397,1780281092.7152386,0.19884109497070312,decode,0,0,452715,0.0,0.0,0
forward_start,1780281092.715049,50,50,50,56,FULL,1780281092.715049,1780281092.715235,0.18596649169921875,decode,1,0,452712,0.0,0.0,0
forward_start,1780281092.7270873,51,51,51,56,FULL,1780281092.7270873,1780281092.727325,0.2377033233642578,decode,0,0,452715,0.0,0.0,0
forward_start,1780281092.727092,50,50,50,56,FULL,1780281092.727092,1780281092.7272773,0.18525123596191406,decode,1,0,452712,0.0,0.0,0
forward_start,1780281092.739802,50,50,50,56,FULL,1780281092.739802,1780281092.7399888,0.186920166015625,decode,1,0,452712,0.05507469177246094,0.29464285714285715,1
forward_start,1780281092.7510998,51,51,51,56,FULL,1780281092.7510998,1780281092.7513072,0.20742416381835938,decode,0,0,452715,0.20742416381835938,1.0,1
forward_start,1780281092.754009,51,51,51,56,FULL,1780281092.754009,1780281092.754218,0.2090930938720703,decode,0,0,452715,0.2090930938720703,1.0,1
forward_start,1780281092.754019,50,50,50,56,FULL,1780281092.754019,1780281092.7541976,0.1785755157470703,decode,1,0,452712,0.1785755157470703,1.0,1
forward_start,1780281092.7658272,51,51,51,56,FULL,1780281092.7658272,1780281092.7660463,0.21910667419433594,decode,0,0,452715,0.21910667419433594,1.0,1
forward_start,1780281092.7658272,50,50,50,56,FULL,1780281092.7658272,1780281092.766009,0.1819133758544922,decode,1,0,452712,0.1819133758544922,1.0,1
forward_start,1780281092.7779744,51,51,51,56,FULL,1780281092.7779744,1780281092.7781713,0.19693374633789062,decode,0,0,452715,0.0,0.0,0
forward_start,1780281092.778001,50,50,50,56,FULL,1780281092.778001,1780281092.7781827,0.18167495727539062,decode,1,0,452712,0.0,0.0,0
forward_start,1780281092.7905257,52,52,52,56,FULL,1780281092.7905257,1780281092.790726,0.2002716064453125,decode,0,0,452715,0.0,0.0,0
forward_start,1780281092.7905447,50,50,50,56,FULL,1780281092.7905447,1780281092.7907276,0.18286705017089844,decode,1,0,452712,0.0,0.0,0
forward_start,1780281092.8023763,52,52,52,56,FULL,1780281092.8023763,1780281092.8025796,0.2033710479736328,decode,0,0,452715,0.0,0.0,0
forward_start,1780281092.8023834,50,50,50,56,FULL,1780281092.8023834,1780281092.80257,0.18668174743652344,decode,1,0,452712,0.0,0.0,0
forward_start,1780281092.8197842,52,52,52,56,FULL,1780281092.8197842,1780281092.82001,0.2257823944091797,decode,0,0,452715,0.4515647888183594,2.0,2
forward_start,1780281092.8221712,50,50,50,56,FULL,1780281092.8221712,1780281092.8224044,0.23317337036132812,decode,1,0,452712,0.46634674072265625,2.0,2
forward_start,1780281092.8269904,52,52,52,56,FULL,1780281092.8269904,1780281092.8272073,0.21696090698242188,decode,0,0,452715,0.43392181396484375,2.0,2
forward_start,1780281092.8269906,50,50,50,56,FULL,1780281092.8269906,1780281092.8271945,0.20384788513183594,decode,1,0,452712,0.4076957702636719,2.0,2
forward_start,1780281092.8430133,50,50,50,56,FULL,1780281092.8430133,1780281092.8432264,0.21314620971679688,decode,1,0,452712,0.8525848388671875,4.0,4
forward_start,1780281092.8447857,52,52,52,56,FULL,1780281092.8447857,1780281092.8450263,0.24056434631347656,decode,0,0,452715,0.7216930389404297,3.0,3
forward_start,1780281092.8524146,52,52,52,56,FULL,1780281092.8524146,1780281092.8526793,0.2646446228027344,decode,0,0,452715,0.621795654296875,2.3495495495495495,3
forward_start,1780281092.8559444,50,50,50,56,FULL,1780281092.8559444,1780281092.8561594,0.21505355834960938,decode,1,0,452712,0.6451606750488281,3.0,3
forward_start,1780281092.864463,53,53,53,56,FULL,1780281092.864463,1780281092.8646905,0.22745132446289062,decode,0,0,452715,0.45490264892578125,2.0,2
forward_start,1780281092.86448,51,51,51,56,FULL,1780281092.86448,1780281092.8646657,0.1857280731201172,decode,1,0,452712,0.3714561462402344,2.0,2
forward_start,1780281092.8765864,51,51,51,56,FULL,1780281092.8765864,1780281092.8767736,0.18715858459472656,decode,1,0,452712,0.07796287536621094,0.41656050955414015,1
forward_start,1780281092.880914,53,53,53,56,FULL,1780281092.880914,1780281092.8811352,0.22125244140625,decode,0,0,452715,0.22125244140625,1.0,1
forward_start,1780281092.8892012,54,54,54,56,FULL,1780281092.8892012,1780281092.8894382,0.23698806762695312,decode,0,0,452715,0.23698806762695312,1.0,1
forward_start,1780281092.8892338,52,52,52,56,FULL,1780281092.8892338,1780281092.8894384,0.20456314086914062,decode,1,0,452712,0.20456314086914062,1.0,1
forward_start,1780281092.9014225,52,52,52,56,FULL,1780281092.9014225,1780281092.9016094,0.186920166015625,decode,1,0,452712,0.0,0.0,0
forward_start,1780281092.906085,53,53,53,56,FULL,1780281092.906085,1780281092.9063203,0.2353191375732422,decode,0,0,452715,0.2353191375732422,1.0,1
forward_start,1780281092.9138026,52,52,52,56,FULL,1780281092.9138026,1780281092.9139893,0.18668174743652344,decode,1,0,452712,0.18668174743652344,1.0,1
forward_start,1780281092.9138327,54,54,54,56,FULL,1780281092.9138327,1780281092.9140394,0.2067089080810547,decode,0,0,452715,0.2067089080810547,1.0,1
forward_start,1780281092.9259036,54,54,54,56,FULL,1780281092.9259036,1780281092.9261053,0.20170211791992188,decode,0,0,452715,0.0,0.0,0
forward_start,1780281092.9259143,51,51,51,56,FULL,1780281092.9259143,1780281092.9261014,0.18715858459472656,decode,1,0,452712,0.0,0.0,0
forward_start,1780281092.938118,55,55,55,56,FULL,1780281092.938118,1780281092.938321,0.20313262939453125,decode,0,0,452715,0.0,0.0,0
forward_start,1780281092.9381342,51,51,51,56,FULL,1780281092.9381342,1780281092.9383202,0.18596649169921875,decode,1,0,452712,0.0,0.0,0
forward_start,1780281092.9505706,55,55,55,56,FULL,1780281092.9505706,1780281092.9507716,0.2009868621826172,decode,0,0,452715,0.04482269287109375,0.22301304863582444,1
forward_start,1780281092.9537401,51,51,51,56,FULL,1780281092.9537401,1780281092.953954,0.21386146545410156,decode,1,0,452712,0.21386146545410156,1.0,1
forward_start,1780281092.9624074,55,55,55,56,FULL,1780281092.9624074,1780281092.962625,0.21767616271972656,decode,0,0,452715,0.21767616271972656,1.0,1
forward_start,1780281092.9625382,51,51,51,56,FULL,1780281092.9625382,1780281092.9627237,0.18548965454101562,decode,1,0,452712,0.18548965454101562,1.0,1
forward_start,1780281092.9750931,55,55,55,56,FULL,1780281092.9750931,1780281092.9752927,0.1995563507080078,decode,0,0,452715,0.0,0.0,0
forward_start,1780281092.9751194,50,50,50,56,FULL,1780281092.9751194,1780281092.9752991,0.17976760864257812,decode,1,0,452712,0.0,0.0,0
forward_start,1780281092.9873111,55,55,55,56,FULL,1780281092.9873111,1780281092.987538,0.2269744873046875,decode,0,0,452715,0.0,0.0,0
forward_start,1780281092.9874234,51,51,51,56,FULL,1780281092.9874234,1780281092.98761,0.18668174743652344,decode,1,0,452712,0.0,0.0,0
forward_start,1780281092.999366,55,55,55,56,FULL,1780281092.999366,1780281092.999602,0.23603439331054688,decode,0,0,452715,0.0,0.0,0
forward_start,1780281092.9993994,51,51,51,56,FULL,1780281092.9993994,1780281092.9995856,0.1862049102783203,decode,1,0,452712,0.0,0.0,0
forward_start,1780281093.0114686,55,55,55,56,FULL,1780281093.0114686,1780281093.0116951,0.22649765014648438,decode,0,0,452715,0.0,0.0,0
forward_start,1780281093.0115035,51,51,51,56,FULL,1780281093.0115035,1780281093.0116835,0.1800060272216797,decode,1,0,452712,0.0,0.0,0
forward_start,1780281093.0239346,51,51,51,56,FULL,1780281093.0239346,1780281093.024132,0.19741058349609375,decode,1,0,452712,0.0,0.0,0
forward_start,1780281093.0295484,55,55,55,56,FULL,1780281093.0295484,1780281093.0297775,0.22912025451660156,decode,0,0,452715,0.22912025451660156,1.0,1
forward_start,1780281093.0359597,55,55,55,56,FULL,1780281093.0359597,1780281093.0361717,0.21195411682128906,decode,0,0,452715,0.21195411682128906,1.0,1
forward_start,1780281093.0360105,51,51,51,56,FULL,1780281093.0360105,1780281093.0361984,0.18787384033203125,decode,1,0,452712,0.18787384033203125,1.0,1
forward_start,1780281093.0483778,55,55,55,56,FULL,1780281093.0483778,1780281093.0486145,0.23674964904785156,decode,0,0,452715,0.23674964904785156,1.0,1
forward_start,1780281093.053409,51,51,51,56,FULL,1780281093.053409,1780281093.0536237,0.21457672119140625,decode,1,0,452712,0.21457672119140625,1.0,1
forward_start,1780281093.0606422,51,51,51,56,FULL,1780281093.0606422,1780281093.0608397,0.19741058349609375,decode,1,0,452712,0.19741058349609375,1.0,1
forward_start,1780281093.0646741,55,55,55,56,FULL,1780281093.0646741,1780281093.0648987,0.22459030151367188,decode,0,0,452715,0.44918060302734375,2.0,2
forward_start,1780281093.0729878,56,56,56,56,FULL,1780281093.0729878,1780281093.0731893,0.2014636993408203,decode,0,0,452715,0.4029273986816406,2.0,2
forward_start,1780281093.0730338,51,51,51,56,FULL,1780281093.0730338,1780281093.0732195,0.1857280731201172,decode,1,0,452712,0.3714561462402344,2.0,2
forward_start,1780281093.0849617,56,56,56,56,FULL,1780281093.0849617,1780281093.085158,0.1964569091796875,decode,0,0,452715,0.0,0.0,0
forward_start,1780281093.0898566,50,50,50,56,FULL,1780281093.0898566,1780281093.0900757,0.21910667419433594,decode,1,0,452712,0.21910667419433594,1.0,1
forward_start,1780281093.0976286,57,57,57,64,FULL,1780281093.0976286,1780281093.0980296,0.4010200500488281,decode,0,0,452715,0.4010200500488281,1.0,1
forward_start,1780281093.0976803,51,51,51,64,FULL,1780281093.0976803,1780281093.0979862,0.3058910369873047,decode,1,0,452712,0.3058910369873047,1.0,1
forward_start,1780281093.1096807,57,57,57,64,FULL,1780281093.1096807,1780281093.1099577,0.2770423889160156,decode,0,0,452715,0.2770423889160156,1.0,1
forward_start,1780281093.1097329,51,51,51,64,FULL,1780281093.1097329,1780281093.109984,0.2510547637939453,decode,1,0,452712,0.2510547637939453,1.0,1
forward_start,1780281093.1220942,57,57,57,64,FULL,1780281093.1220942,1780281093.1223245,0.23031234741210938,decode,0,0,452715,0.0,0.0,0
forward_start,1780281093.1221516,51,51,51,64,FULL,1780281093.1221516,1780281093.1223693,0.21767616271972656,decode,1,0,452712,0.0,0.0,0
forward_start,1780281093.1348772,57,57,57,64,FULL,1780281093.1348772,1780281093.135086,0.20885467529296875,decode,0,0,452715,0.0133514404296875,0.0639269406392694,1
forward_start,1780281093.1369045,52,52,52,64,FULL,1780281093.1369045,1780281093.1370966,0.19216537475585938,decode,1,0,452712,0.0,0.0,0
forward_start,1780281093.1470263,57,57,57,64,FULL,1780281093.1470263,1780281093.147231,0.2048015594482422,decode,0,0,452715,0.0,0.0,0
forward_start,1780281093.1471243,52,52,52,64,FULL,1780281093.1471243,1780281093.1473079,0.18358230590820312,decode,1,0,452712,0.0,0.0,0
forward_start,1780281093.1601028,57,57,57,64,FULL,1780281093.1601028,1780281093.1603334,0.23055076599121094,decode,0,0,452715,0.0,0.0,0
forward_start,1780281093.160124,53,53,53,64,FULL,1780281093.160124,1780281093.1603096,0.18548965454101562,decode,1,0,452712,0.0,0.0,0
forward_start,1780281093.1722393,57,57,57,64,FULL,1780281093.1722393,1780281093.1724875,0.24819374084472656,decode,0,0,452715,0.0,0.0,0
forward_start,1780281093.1722834,53,53,53,64,FULL,1780281093.1722834,1780281093.1724906,0.2071857452392578,decode,1,0,452712,0.0,0.0,0
forward_start,1780281093.1847382,57,57,57,64,FULL,1780281093.1847382,1780281093.1849425,0.20432472229003906,decode,0,0,452715,0.07486343383789062,0.3663943990665111,1
forward_start,1780281093.1873605,53,53,53,64,FULL,1780281093.1873605,1780281093.1875849,0.2243518829345703,decode,1,0,452712,0.2243518829345703,1.0,1
forward_start,1780281093.197326,57,57,57,64,FULL,1780281093.197326,1780281093.1975663,0.240325927734375,decode,0,0,452715,0.240325927734375,1.0,1
forward_start,1780281093.197384,53,53,53,64,FULL,1780281093.197384,1780281093.1975722,0.1881122589111328,decode,1,0,452712,0.1881122589111328,1.0,1
forward_start,1780281093.2097318,57,57,57,64,FULL,1780281093.2097318,1780281093.2099264,0.194549560546875,decode,0,0,452715,0.0,0.0,0
forward_start,1780281093.2098281,53,53,53,64,FULL,1780281093.2098281,1780281093.2100143,0.1862049102783203,decode,1,0,452712,0.0,0.0,0
forward_start,1780281093.2222128,57,57,57,64,FULL,1780281093.2222128,1780281093.2224362,0.22339820861816406,decode,0,0,452715,0.0,0.0,0
forward_start,1780281093.2223053,54,54,54,64,FULL,1780281093.2223053,1780281093.2225142,0.20885467529296875,decode,1,0,452712,0.0,0.0,0
forward_start,1780281093.2347121,56,56,56,56,FULL,1780281093.2347121,1780281093.2349386,0.22649765014648438,decode,0,0,452715,0.0,0.0,0
forward_start,1780281093.234804,54,54,54,56,FULL,1780281093.234804,1780281093.234985,0.1811981201171875,decode,1,0,452712,0.0,0.0,0
forward_start,1780281093.247506,56,56,56,56,FULL,1780281093.247506,1780281093.2476912,0.18525123596191406,decode,0,0,452715,0.0,0.0,0
forward_start,1780281093.2476416,54,54,54,56,FULL,1780281093.2476416,1780281093.247825,0.18334388732910156,decode,1,0,452712,0.0,0.0,0
forward_start,1780281093.2597306,56,56,56,56,FULL,1780281093.2597306,1780281093.2599323,0.20170211791992188,decode,0,0,452715,0.0,0.0,0
forward_start,1780281093.259787,54,54,54,56,FULL,1780281093.259787,1780281093.2599716,0.18453598022460938,decode,1,0,452712,0.0,0.0,0
forward_start,1780281093.271457,54,54,54,56,FULL,1780281093.271457,1780281093.271638,0.18095970153808594,decode,1,0,452712,0.0,0.0,0
forward_start,1780281093.2894247,56,56,56,56,FULL,1780281093.2894247,1780281093.2896378,0.21314620971679688,decode,0,0,452715,0.21314620971679688,1.0,1
forward_start,1780281093.2922683,56,56,56,56,FULL,1780281093.2922683,1780281093.2925456,0.2772808074951172,decode,0,0,452715,0.2772808074951172,1.0,1
forward_start,1780281093.2923748,54,54,54,56,FULL,1780281093.2923748,1780281093.2925582,0.18334388732910156,decode,1,0,452712,0.18334388732910156,1.0,1
forward_start,1780281093.3039186,56,56,56,56,FULL,1780281093.3039186,1780281093.3041399,0.22125244140625,decode,0,0,452715,0.22125244140625,1.0,1
forward_start,1780281093.3039734,53,53,53,56,FULL,1780281093.3039734,1780281093.304145,0.171661376953125,decode,1,0,452712,0.171661376953125,1.0,1
forward_start,1780281093.3163323,55,55,55,56,FULL,1780281093.3163323,1780281093.3166025,0.2701282501220703,decode,0,0,452715,0.0,0.0,0
forward_start,1780281093.3163867,53,53,53,56,FULL,1780281093.3163867,1780281093.3165693,0.18262863159179688,decode,1,0,452712,0.0,0.0,0
forward_start,1780281093.3288713,56,56,56,56,FULL,1780281093.3288713,1780281093.329074,0.20265579223632812,decode,0,0,452715,0.0,0.0,0
forward_start,1780281093.3288872,52,52,52,56,FULL,1780281093.3288872,1780281093.3290684,0.1811981201171875,decode,1,0,452712,0.0,0.0,0
forward_start,1780281093.341023,55,55,55,56,FULL,1780281093.341023,1780281093.3412247,0.20170211791992188,decode,0,0,452715,0.0,0.0,0
forward_start,1780281093.3410435,52,52,52,56,FULL,1780281093.3410435,1780281093.3412333,0.18978118896484375,decode,1,0,452712,0.0,0.0,0
forward_start,1780281093.3533058,55,55,55,56,FULL,1780281093.3533058,1780281093.3535707,0.26488304138183594,decode,0,0,452715,0.0,0.0,0
forward_start,1780281093.3738234,52,52,52,56,FULL,1780281093.3738234,1780281093.3740108,0.18739700317382812,decode,1,0,452712,0.18739700317382812,1.0,1
forward_start,1780281093.3788471,51,51,51,56,FULL,1780281093.3788471,1780281093.379054,0.20694732666015625,decode,1,0,452712,0.6208419799804688,3.0,3
forward_start,1780281093.3922682,54,54,54,56,FULL,1780281093.3922682,1780281093.3924913,0.2231597900390625,decode,0,0,452715,0.89263916015625,4.0,4
forward_start,1780281093.3951976,54,54,54,56,FULL,1780281093.3951976,1780281093.3954222,0.22459030151367188,decode,0,0,452715,0.6737709045410156,3.0,3
forward_start,1780281093.3952615,51,51,51,56,FULL,1780281093.3952615,1780281093.3954656,0.2040863037109375,decode,1,0,452712,0.6122589111328125,3.0,3
forward_start,1780281093.4070354,51,51,51,56,FULL,1780281093.4070354,1780281093.4072154,0.1800060272216797,decode,1,0,452712,0.1800060272216797,1.0,1
forward_start,1780281093.407052,55,55,55,56,FULL,1780281093.407052,1780281093.4072628,0.21076202392578125,decode,0,0,452715,0.21076202392578125,1.0,1
forward_start,1780281093.4194455,55,55,55,56,FULL,1780281093.4194455,1780281093.4196544,0.20885467529296875,decode,0,0,452715,0.0,0.0,0
forward_start,1780281093.4194605,53,53,53,56,FULL,1780281093.4194605,1780281093.419648,0.18739700317382812,decode,1,0,452712,0.0,0.0,0
forward_start,1780281093.4313574,56,56,56,56,FULL,1780281093.4313574,1780281093.4316092,0.25177001953125,decode,0,0,452715,0.0,0.0,0
forward_start,1780281093.4314504,53,53,53,56,FULL,1780281093.4314504,1780281093.43164,0.1895427703857422,decode,1,0,452712,0.0,0.0,0
forward_start,1780281093.4494276,53,53,53,56,FULL,1780281093.4494276,1780281093.4496489,0.22125244140625,decode,1,0,452712,0.4425048828125,2.0,2
forward_start,1780281093.4556134,56,56,56,56,FULL,1780281093.4556134,1780281093.4558089,0.19550323486328125,decode,0,0,452715,0.3910064697265625,2.0,2
forward_start,1780281093.4585135,56,56,56,56,FULL,1780281093.4585135,1780281093.4587276,0.21409988403320312,decode,0,0,452715,0.4551410675048828,2.125835189309577,3
forward_start,1780281093.459879,53,53,53,56,FULL,1780281093.459879,1780281093.4600868,0.2079010009765625,decode,1,0,452712,0.6237030029296875,3.0,3
forward_start,1780281093.4705153,53,53,53,56,FULL,1780281093.4705153,1780281093.47074,0.22482872009277344,decode,1,0,452712,0.7579326629638672,3.3711558854718984,4
forward_start,1780281093.473882,56,56,56,56,FULL,1780281093.473882,1780281093.4741125,0.23055076599121094,decode,0,0,452715,0.6916522979736328,3.0,3
forward_start,1780281093.482362,56,56,56,56,FULL,1780281093.482362,1780281093.4825766,0.21457672119140625,decode,0,0,452715,0.4291534423828125,2.0,2
forward_start,1780281093.4824452,53,53,53,56,FULL,1780281093.4824452,1780281093.482628,0.18286705017089844,decode,1,0,452712,0.34737586975097656,1.8996088657105605,2
forward_start,1780281093.4947653,57,57,57,64,FULL,1780281093.4947653,1780281093.494971,0.20575523376464844,decode,0,0,452715,0.0,0.0,0
forward_start,1780281093.4948053,54,54,54,64,FULL,1780281093.4948053,1780281093.4949977,0.19240379333496094,decode,1,0,452712,0.0,0.0,0
forward_start,1780281093.5070293,58,58,58,64,FULL,1780281093.5070293,1780281093.5072348,0.20551681518554688,decode,0,0,452715,0.0,0.0,0
forward_start,1780281093.5070772,55,55,55,64,FULL,1780281093.5070772,1780281093.5072649,0.1876354217529297,decode,1,0,452712,0.0,0.0,0
forward_start,1780281093.5191693,58,58,58,64,FULL,1780281093.5191693,1780281093.5194223,0.2529621124267578,decode,0,0,452715,0.0,0.0,0
forward_start,1780281093.519226,55,55,55,64,FULL,1780281093.519226,1780281093.5194328,0.2067089080810547,decode,1,0,452712,0.0,0.0,0
forward_start,1780281093.53185,58,58,58,64,FULL,1780281093.53185,1780281093.53205,0.19979476928710938,decode,0,0,452715,0.0,0.0,0
forward_start,1780281093.5318844,55,55,55,64,FULL,1780281093.5318844,1780281093.53207,0.18548965454101562,decode,1,0,452712,0.0,0.0,0
forward_start,1780281093.544287,58,58,58,64,FULL,1780281093.544287,1780281093.5445511,0.26416778564453125,decode,0,0,452715,0.0,0.0,0
forward_start,1780281093.544334,55,55,55,64,FULL,1780281093.544334,1780281093.544538,0.2040863037109375,decode,1,0,452712,0.0,0.0,0
forward_start,1780281093.557079,57,57,57,64,FULL,1780281093.557079,1780281093.5572686,0.1895427703857422,decode,0,0,452715,0.0,0.0,0
forward_start,1780281093.5571465,55,55,55,64,FULL,1780281093.5571465,1780281093.5573273,0.18072128295898438,decode,1,0,452712,0.0,0.0,0
forward_start,1780281093.5692294,57,57,57,64,FULL,1780281093.5692294,1780281093.569444,0.21457672119140625,decode,0,0,452715,0.0,0.0,0
forward_start,1780281093.5693624,55,55,55,64,FULL,1780281093.5693624,1780281093.5695443,0.1819133758544922,decode,1,0,452712,0.0,0.0,0
forward_start,1780281093.5818315,57,57,57,64,FULL,1780281093.5818315,1780281093.5820327,0.20122528076171875,decode,0,0,452715,0.0,0.0,0
forward_start,1780281093.5818417,54,54,54,64,FULL,1780281093.5818417,1780281093.5820217,0.1800060272216797,decode,1,0,452712,0.0,0.0,0
forward_start,1780281093.594398,57,57,57,64,FULL,1780281093.594398,1780281093.5946455,0.24747848510742188,decode,0,0,452715,0.0,0.0,0
forward_start,1780281093.594454,54,54,54,64,FULL,1780281093.594454,1780281093.594641,0.186920166015625,decode,1,0,452712,0.0,0.0,0
forward_start,1780281093.606974,57,57,57,64,FULL,1780281093.606974,1780281093.6071756,0.20170211791992188,decode,0,0,452715,0.0,0.0,0
forward_start,1780281093.6069832,54,54,54,64,FULL,1780281093.6069832,1780281093.6071713,0.1881122589111328,decode,1,0,452712,0.0,0.0,0
forward_start,1780281093.6192045,57,57,57,64,FULL,1780281093.6192045,1780281093.6194417,0.2372264862060547,decode,0,0,452715,0.0,0.0,0
forward_start,1780281093.6192381,54,54,54,64,FULL,1780281093.6192381,1780281093.6194482,0.21004676818847656,decode,1,0,452712,0.0,0.0,0
forward_start,1780281093.63185,57,57,57,64,FULL,1780281093.63185,1780281093.6320515,0.2014636993408203,decode,0,0,452715,0.0,0.0,0
forward_start,1780281093.6509316,54,54,54,64,FULL,1780281093.6509316,1780281093.6511133,0.18167495727539062,decode,1,0,452712,0.18167495727539062,1.0,1
forward_start,1780281093.6552138,54,54,54,64,FULL,1780281093.6552138,1780281093.6554341,0.22029876708984375,decode,1,0,452712,0.6608963012695312,3.0,3
forward_start,1780281093.6558092,57,57,57,64,FULL,1780281093.6558092,1780281093.6560307,0.22149085998535156,decode,0,0,452715,0.6644725799560547,3.0,3
forward_start,1780281093.6656022,54,54,54,64,FULL,1780281093.6656022,1780281093.665773,0.17070770263671875,decode,1,0,452712,0.5273818969726562,3.089385474860335,4
forward_start,1780281093.6676075,57,57,57,64,FULL,1780281093.6676075,1780281093.667833,0.22554397583007812,decode,0,0,452715,0.45108795166015625,2.0,2
forward_start,1780281093.6791716,57,57,57,64,FULL,1780281093.6791716,1780281093.679401,0.22935867309570312,decode,0,0,452715,0.22935867309570312,1.0,1
forward_start,1780281093.6792278,54,54,54,64,FULL,1780281093.6792278,1780281093.6794295,0.20170211791992188,decode,1,0,452712,0.20170211791992188,1.0,1
forward_start,1780281093.6910534,56,56,56,64,FULL,1780281093.6910534,1780281093.6912425,0.18906593322753906,decode,1,0,452712,0.0438690185546875,0.23203026481715006,1
forward_start,1780281093.695883,58,58,58,64,FULL,1780281093.695883,1780281093.696112,0.2288818359375,decode,0,0,452715,0.2288818359375,1.0,1
forward_start,1780281093.7032948,59,59,59,64,FULL,1780281093.7032948,1780281093.7035677,0.27298927307128906,decode,0,0,452715,0.27298927307128906,1.0,1
forward_start,1780281093.7033634,56,56,56,64,FULL,1780281093.7033634,1780281093.7035503,0.186920166015625,decode,1,0,452712,0.186920166015625,1.0,1
forward_start,1780281093.7158375,59,59,59,64,FULL,1780281093.7158375,1780281093.7160363,0.19884109497070312,decode,0,0,452715,0.19884109497070312,1.0,1
forward_start,1780281093.7158532,56,56,56,64,FULL,1780281093.7158532,1780281093.7160401,0.186920166015625,decode,1,0,452712,0.186920166015625,1.0,1
forward_start,1780281093.7281952,59,59,59,64,FULL,1780281093.7281952,1780281093.7284284,0.23317337036132812,decode,0,0,452715,0.0,0.0,0
forward_start,1780281093.728226,56,56,56,64,FULL,1780281093.728226,1780281093.728431,0.20503997802734375,decode,1,0,452712,0.0,0.0,0
forward_start,1780281093.74085,60,60,60,64,FULL,1780281093.74085,1780281093.7410522,0.202178955078125,decode,0,0,452715,0.0,0.0,0
forward_start,1780281093.7408803,56,56,56,64,FULL,1780281093.7408803,1780281093.7410662,0.18596649169921875,decode,1,0,452712,0.0,0.0,0
forward_start,1780281093.7532618,60,60,60,64,FULL,1780281093.7532618,1780281093.753507,0.24509429931640625,decode,0,0,452715,0.0,0.0,0
forward_start,1780281093.753292,56,56,56,64,FULL,1780281093.753292,1780281093.7534971,0.20503997802734375,decode,1,0,452712,0.0,0.0,0
forward_start,1780281093.7659163,60,60,60,64,FULL,1780281093.7659163,1780281093.7661207,0.20432472229003906,decode,0,0,452715,0.0,0.0,0
forward_start,1780281093.7659402,56,56,56,64,FULL,1780281093.7659402,1780281093.7661269,0.18668174743652344,decode,1,0,452712,0.0,0.0,0
forward_start,1780281093.7787652,56,56,56,64,FULL,1780281093.7787652,1780281093.7789485,0.18334388732910156,decode,1,0,452712,0.0,0.0,0
forward_start,1780281093.7787879,59,59,59,64,FULL,1780281093.7787879,1780281093.7789927,0.2048015594482422,decode,0,0,452715,0.0,0.0,0
forward_start,1780281093.7909956,59,59,59,64,FULL,1780281093.7909956,1780281093.7912307,0.23508071899414062,decode,0,0,452715,0.0,0.0,0
forward_start,1780281093.790998,56,56,56,64,FULL,1780281093.790998,1780281093.7911823,0.1842975616455078,decode,1,0,452712,0.0,0.0,0
forward_start,1780281093.803475,55,55,55,64,FULL,1780281093.803475,1780281093.8036652,0.19025802612304688,decode,1,0,452712,0.0,0.0,0
forward_start,1780281093.8034883,59,59,59,64,FULL,1780281093.8034883,1780281093.8037152,0.2269744873046875,decode,0,0,452715,0.0,0.0,0
forward_start,1780281093.8156936,59,59,59,64,FULL,1780281093.8156936,1780281093.8158946,0.2009868621826172,decode,0,0,452715,0.0,0.0,0
forward_start,1780281093.8157225,55,55,55,64,FULL,1780281093.8157225,1780281093.8159103,0.18787384033203125,decode,1,0,452712,0.0,0.0,0
forward_start,1780281093.8283198,58,58,58,64,FULL,1780281093.8283198,1780281093.8285434,0.22363662719726562,decode,0,0,452715,0.0,0.0,0
forward_start,1780281093.828389,55,55,55,64,FULL,1780281093.828389,1780281093.828579,0.1900196075439453,decode,1,0,452712,0.0,0.0,0
forward_start,1780281093.8409638,58,58,58,64,FULL,1780281093.8409638,1780281093.841168,0.2040863037109375,decode,0,0,452715,0.0,0.0,0
forward_start,1780281093.841013,55,55,55,64,FULL,1780281093.841013,1780281093.8412015,0.18858909606933594,decode,1,0,452712,0.0,0.0,0
forward_start,1780281093.8529792,58,58,58,64,FULL,1780281093.8529792,1780281093.8531775,0.1983642578125,decode,0,0,452715,0.0,0.0,0
forward_start,1780281093.8529792,55,55,55,64,FULL,1780281093.8529792,1780281093.8531618,0.18262863159179688,decode,1,0,452712,0.0,0.0,0
forward_start,1780281093.8656924,58,58,58,64,FULL,1780281093.8656924,1780281093.8658943,0.20194053649902344,decode,0,0,452715,0.0,0.0,0
forward_start,1780281093.8657246,55,55,55,64,FULL,1780281093.8657246,1780281093.8659096,0.1850128173828125,decode,1,0,452712,0.0,0.0,0
forward_start,1780281093.8780293,58,58,58,64,FULL,1780281093.8780293,1780281093.8782299,0.20051002502441406,decode,0,0,452715,0.0,0.0,0
forward_start,1780281093.8780487,55,55,55,64,FULL,1780281093.8780487,1780281093.8782322,0.18358230590820312,decode,1,0,452712,0.0,0.0,0
forward_start,1780281093.8905463,57,57,57,64,FULL,1780281093.8905463,1780281093.89075,0.20360946655273438,decode,0,0,452715,0.04935264587402344,0.2423887587822014,1
forward_start,1780281093.8931687,55,55,55,64,FULL,1780281093.8931687,1780281093.8933716,0.2028942108154297,decode,1,0,452712,0.0,0.0,0
forward_start,1780281093.9031336,55,55,55,56,FULL,1780281093.9031336,1780281093.9033237,0.1900196075439453,decode,1,0,452712,0.0,0.0,0
forward_start,1780281093.9031417,55,55,55,56,FULL,1780281093.9031417,1780281093.9033744,0.232696533203125,decode,0,0,452715,0.0,0.0,0
forward_start,1780281093.915311,56,56,56,56,FULL,1780281093.915311,1780281093.9155185,0.20742416381835938,decode,1,0,452712,0.12087821960449219,0.5827586206896552,1
forward_start,1780281093.9181688,55,55,55,56,FULL,1780281093.9181688,1780281093.9184136,0.2448558807373047,decode,0,0,452715,0.2448558807373047,1.0,1
forward_start,1780281093.9276164,56,56,56,56,FULL,1780281093.9276164,1780281093.9278023,0.18596649169921875,decode,1,0,452712,0.18596649169921875,1.0,1
forward_start,1780281093.9276376,55,55,55,56,FULL,1780281093.9276376,1780281093.9278417,0.2040863037109375,decode,0,0,452715,0.2040863037109375,1.0,1
forward_start,1780281093.9397953,56,56,56,56,FULL,1780281093.9397953,1780281093.9399803,0.1850128173828125,decode,1,0,452712,0.0,0.0,0
forward_start,1780281093.9398036,55,55,55,56,FULL,1780281093.9398036,1780281093.9400015,0.19788742065429688,decode,0,0,452715,0.0,0.0,0
forward_start,1780281093.9519699,56,56,56,56,FULL,1780281093.9519699,1780281093.9521685,0.19860267639160156,decode,0,0,452715,0.0,0.0,0
forward_start,1780281093.9520183,55,55,55,56,FULL,1780281093.9520183,1780281093.9522078,0.1895427703857422,decode,1,0,452712,0.0,0.0,0
forward_start,1780281093.964057,56,56,56,56,FULL,1780281093.964057,1780281093.9642441,0.18715858459472656,decode,0,0,452715,0.0,0.0,0
forward_start,1780281093.964148,55,55,55,56,FULL,1780281093.964148,1780281093.9643328,0.18477439880371094,decode,1,0,452712,0.0,0.0,0
forward_start,1780281093.9760978,56,56,56,56,FULL,1780281093.9760978,1780281093.9762964,0.19860267639160156,decode,0,0,452715,0.0,0.0,0
forward_start,1780281093.9761834,55,55,55,56,FULL,1780281093.9761834,1780281093.9763966,0.21314620971679688,decode,1,0,452712,0.0,0.0,0
forward_start,1780281093.988371,56,56,56,56,FULL,1780281093.988371,1780281093.9885767,0.20575523376464844,decode,0,0,452715,0.0,0.0,0
forward_start,1780281093.9924605,55,55,55,56,FULL,1780281093.9924605,1780281093.9926746,0.21409988403320312,decode,1,0,452712,0.21409988403320312,1.0,1
forward_start,1780281094.000533,55,55,55,56,FULL,1780281094.000533,1780281094.0007212,0.1881122589111328,decode,1,0,452712,0.29969215393066406,1.5931558935361216,2
forward_start,1780281094.0026531,56,56,56,56,FULL,1780281094.0026531,1780281094.0028791,0.22602081298828125,decode,0,0,452715,0.22602081298828125,1.0,1
forward_start,1780281094.0128615,56,56,56,56,FULL,1780281094.0128615,1780281094.013063,0.2014636993408203,decode,0,0,452715,0.2014636993408203,1.0,1
forward_start,1780281094.012927,55,55,55,56,FULL,1780281094.012927,1780281094.0131156,0.18858909606933594,decode,1,0,452712,0.1785755157470703,0.9469026548672567,1
forward_start,1780281094.0248652,56,56,56,56,FULL,1780281094.0248652,1780281094.025062,0.19693374633789062,decode,0,0,452715,0.0,0.0,0
forward_start,1780281094.0249074,56,56,56,56,FULL,1780281094.0249074,1780281094.025095,0.1876354217529297,decode,1,0,452712,0.0,0.0,0
forward_start,1780281094.037155,57,57,57,64,FULL,1780281094.037155,1780281094.0373807,0.2257823944091797,decode,0,0,452715,0.0,0.0,0
forward_start,1780281094.0371966,56,56,56,64,FULL,1780281094.0371966,1780281094.0374086,0.21195411682128906,decode,1,0,452712,0.0,0.0,0
forward_start,1780281094.0489244,57,57,57,64,FULL,1780281094.0489244,1780281094.0491228,0.1983642578125,decode,0,0,452715,0.0,0.0,0
forward_start,1780281094.0538423,56,56,56,64,FULL,1780281094.0538423,1780281094.0540648,0.2224445343017578,decode,1,0,452712,0.2224445343017578,1.0,1
forward_start,1780281094.061463,57,57,57,64,FULL,1780281094.061463,1780281094.0616958,0.232696533203125,decode,0,0,452715,0.232696533203125,1.0,1
forward_start,1780281094.0614886,56,56,56,64,FULL,1780281094.0614886,1780281094.061689,0.2002716064453125,decode,1,0,452712,0.2002716064453125,1.0,1
forward_start,1780281094.074547,57,57,57,64,FULL,1780281094.074547,1780281094.074748,0.2009868621826172,decode,0,0,452715,0.2009868621826172,1.0,1
forward_start,1780281094.0745773,55,55,55,64,FULL,1780281094.0745773,1780281094.0747619,0.18453598022460938,decode,1,0,452712,0.18453598022460938,1.0,1
forward_start,1780281094.08683,56,56,56,56,FULL,1780281094.08683,1780281094.087029,0.1990795135498047,decode,0,0,452715,0.0,0.0,0
forward_start,1780281094.086895,54,54,54,56,FULL,1780281094.086895,1780281094.0870762,0.1811981201171875,decode,1,0,452712,0.0,0.0,0
forward_start,1780281094.0990942,56,56,56,56,FULL,1780281094.0990942,1780281094.0993066,0.2124309539794922,decode,0,0,452715,0.0,0.0,0
forward_start,1780281094.0991564,55,55,55,56,FULL,1780281094.0991564,1780281094.0993564,0.20003318786621094,decode,1,0,452712,0.0,0.0,0
forward_start,1780281094.111413,56,56,56,56,FULL,1780281094.111413,1780281094.111624,0.2110004425048828,decode,0,0,452715,0.0,0.0,0
forward_start,1780281094.111482,55,55,55,56,FULL,1780281094.111482,1780281094.1116643,0.1823902130126953,decode,1,0,452712,0.0,0.0,0
forward_start,1780281094.1234133,56,56,56,56,FULL,1780281094.1234133,1780281094.1236236,0.21028518676757812,decode,0,0,452715,0.0,0.0,0
forward_start,1780281094.1234765,55,55,55,56,FULL,1780281094.1234765,1780281094.1236596,0.18310546875,decode,1,0,452712,0.0,0.0,0
forward_start,1780281094.1354659,55,55,55,56,FULL,1780281094.1354659,1780281094.1356797,0.21386146545410156,decode,0,0,452715,0.0,0.0,0
forward_start,1780281094.1355588,55,55,55,56,FULL,1780281094.1355588,1780281094.1357384,0.17952919006347656,decode,1,0,452712,0.0,0.0,0
forward_start,1780281094.1475284,55,55,55,56,FULL,1780281094.1475284,1780281094.14772,0.19168853759765625,decode,0,0,452715,0.0,0.0,0
forward_start,1780281094.1476133,55,55,55,56,FULL,1780281094.1476133,1780281094.1477969,0.18358230590820312,decode,1,0,452712,0.0,0.0,0
forward_start,1780281094.1599658,55,55,55,56,FULL,1780281094.1599658,1780281094.1601658,0.20003318786621094,decode,0,0,452715,0.0,0.0,0
forward_start,1780281094.1599712,55,55,55,56,FULL,1780281094.1599712,1780281094.1601503,0.17905235290527344,decode,1,0,452712,0.0,0.0,0
forward_start,1780281094.1721299,55,55,55,56,FULL,1780281094.1721299,1780281094.1723304,0.20051002502441406,decode,0,0,452715,0.0,0.0,0
forward_start,1780281094.17217,55,55,55,56,FULL,1780281094.17217,1780281094.1723752,0.2052783966064453,decode,1,0,452712,0.0,0.0,0
forward_start,1780281094.184099,55,55,55,56,FULL,1780281094.184099,1780281094.1842976,0.19860267639160156,decode,0,0,452715,0.0,0.0,0
forward_start,1780281094.1841762,55,55,55,56,FULL,1780281094.1841762,1780281094.184384,0.2079010009765625,decode,1,0,452712,0.0,0.0,0
forward_start,1780281094.1965864,55,55,55,56,FULL,1780281094.1965864,1780281094.1967883,0.20194053649902344,decode,0,0,452715,0.0,0.0,0
forward_start,1780281094.2175837,55,55,55,56,FULL,1780281094.2175837,1780281094.2177699,0.1862049102783203,decode,1,0,452712,0.1862049102783203,1.0,1
forward_start,1780281094.2208955,54,54,54,56,FULL,1780281094.2208955,1780281094.2210927,0.1971721649169922,decode,1,0,452712,0.1971721649169922,1.0,1
forward_start,1780281094.2228131,55,55,55,56,FULL,1780281094.2228131,1780281094.223034,0.22077560424804688,decode,0,0,452715,0.44155120849609375,2.0,2
forward_start,1780281094.232017,55,55,55,56,FULL,1780281094.232017,1780281094.2322173,0.2002716064453125,decode,0,0,452715,0.5102157592773438,2.5476190476190474,3
forward_start,1780281094.2346056,54,54,54,56,FULL,1780281094.2346056,1780281094.2347932,0.1876354217529297,decode,1,0,452712,0.1876354217529297,1.0,1
forward_start,1780281094.244501,54,54,54,56,FULL,1780281094.244501,1780281094.2446876,0.18644332885742188,decode,1,0,452712,0.1628398895263672,0.8734015345268542,1
forward_start,1780281094.2450113,55,55,55,56,FULL,1780281094.2450113,1780281094.2452307,0.2193450927734375,decode,0,0,452715,0.2193450927734375,1.0,1
forward_start,1780281094.2570515,55,55,55,56,FULL,1780281094.2570515,1780281094.2572522,0.20074844360351562,decode,0,0,452715,0.20074844360351562,1.0,1
forward_start,1780281094.2570858,54,54,54,56,FULL,1780281094.2570858,1780281094.2572706,0.18477439880371094,decode,1,0,452712,0.18477439880371094,1.0,1
forward_start,1780281094.2690864,55,55,55,56,FULL,1780281094.2690864,1780281094.2693105,0.22411346435546875,decode,0,0,452715,0.0,0.0,0
forward_start,1780281094.269132,53,53,53,56,FULL,1780281094.269132,1780281094.2693179,0.18596649169921875,decode,1,0,452712,0.0,0.0,0
forward_start,1780281094.2812605,56,56,56,56,FULL,1780281094.2812605,1780281094.281517,0.25653839111328125,decode,0,0,452715,0.0,0.0,0
forward_start,1780281094.28129,53,53,53,56,FULL,1780281094.28129,1780281094.281494,0.20384788513183594,decode,1,0,452712,0.0,0.0,0
forward_start,1780281094.2935107,56,56,56,56,FULL,1780281094.2935107,1780281094.2937326,0.2219676971435547,decode,0,0,452715,0.0,0.0,0
forward_start,1780281094.2935505,53,53,53,56,FULL,1780281094.2935505,1780281094.2937381,0.1876354217529297,decode,1,0,452712,0.0,0.0,0
forward_start,1780281094.3057358,55,55,55,56,FULL,1780281094.3057358,1780281094.305937,0.20122528076171875,decode,0,0,452715,0.0,0.0,0
forward_start,1780281094.3057723,53,53,53,56,FULL,1780281094.3057723,1780281094.3059576,0.18525123596191406,decode,1,0,452712,0.0,0.0,0
forward_start,1780281094.3179452,55,55,55,56,FULL,1780281094.3179452,1780281094.3181477,0.20241737365722656,decode,0,0,452715,0.0,0.0,0
forward_start,1780281094.318001,52,52,52,56,FULL,1780281094.318001,1780281094.318192,0.19097328186035156,decode,1,0,452712,0.0,0.0,0
forward_start,1780281094.3301373,55,55,55,56,FULL,1780281094.3301373,1780281094.330359,0.22172927856445312,decode,0,0,452715,0.11324882507324219,0.510752688172043,1
forward_start,1780281094.332794,52,52,52,56,FULL,1780281094.332794,1780281094.3330114,0.217437744140625,decode,1,0,452712,0.217437744140625,1.0,1
forward_start,1780281094.3426259,52,52,52,56,FULL,1780281094.3426259,1780281094.3428082,0.1823902130126953,decode,1,0,452712,0.1823902130126953,1.0,1
forward_start,1780281094.3426278,55,55,55,56,FULL,1780281094.3426278,1780281094.3428316,0.20384788513183594,decode,0,0,452715,0.20384788513183594,1.0,1
forward_start,1780281094.3546855,52,52,52,56,FULL,1780281094.3546855,1780281094.3548708,0.18525123596191406,decode,1,0,452712,0.0,0.0,0
forward_start,1780281094.3546896,55,55,55,56,FULL,1780281094.3546896,1780281094.3548915,0.20194053649902344,decode,0,0,452715,0.0,0.0,0
forward_start,1780281094.366993,53,53,53,56,FULL,1780281094.366993,1780281094.367175,0.18215179443359375,decode,1,0,452712,0.0,0.0,0
forward_start,1780281094.3710647,55,55,55,56,FULL,1780281094.3710647,1780281094.3712957,0.23102760314941406,decode,0,0,452715,0.23102760314941406,1.0,1
forward_start,1780281094.3792975,55,55,55,56,FULL,1780281094.3792975,1780281094.379549,0.25153160095214844,decode,0,0,452715,0.25153160095214844,1.0,1
forward_start,1780281094.3793254,51,51,51,56,FULL,1780281094.3793254,1780281094.3795333,0.2079010009765625,decode,1,0,452712,0.2079010009765625,1.0,1
forward_start,1780281094.391446,55,55,55,56,FULL,1780281094.391446,1780281094.3916543,0.20813941955566406,decode,0,0,452715,0.0,0.0,0
forward_start,1780281094.3914843,51,51,51,56,FULL,1780281094.3914843,1780281094.3916728,0.18858909606933594,decode,1,0,452712,0.0,0.0,0
forward_start,1780281094.4038608,56,56,56,56,FULL,1780281094.4038608,1780281094.4040656,0.2048015594482422,decode,0,0,452715,0.0,0.0,0
forward_start,1780281094.4039562,51,51,51,56,FULL,1780281094.4039562,1780281094.4041374,0.1811981201171875,decode,1,0,452712,0.0,0.0,0
forward_start,1780281094.4160795,56,56,56,56,FULL,1780281094.4160795,1780281094.41628,0.20051002502441406,decode,0,0,452715,0.0,0.0,0
forward_start,1780281094.416158,51,51,51,56,FULL,1780281094.416158,1780281094.416367,0.2090930938720703,decode,1,0,452712,0.0,0.0,0
forward_start,1780281094.4283125,55,55,55,56,FULL,1780281094.4283125,1780281094.4285376,0.225067138671875,decode,0,0,452715,0.0,0.0,0
forward_start,1780281094.4284427,51,51,51,56,FULL,1780281094.4284427,1780281094.428628,0.18525123596191406,decode,1,0,452712,0.0,0.0,0
forward_start,1780281094.4406679,55,55,55,56,FULL,1780281094.4406679,1780281094.440868,0.20003318786621094,decode,0,0,452715,0.0,0.0,0
forward_start,1780281094.4407117,51,51,51,56,FULL,1780281094.4407117,1780281094.4408984,0.18668174743652344,decode,1,0,452712,0.0,0.0,0
forward_start,1780281094.4527326,55,55,55,56,FULL,1780281094.4527326,1780281094.4529343,0.20170211791992188,decode,0,0,452715,0.06461143493652344,0.3203309692671395,1
forward_start,1780281094.4547486,51,51,51,56,FULL,1780281094.4547486,1780281094.4549708,0.22220611572265625,decode,1,0,452712,0.22220611572265625,1.0,1
forward_start,1780281094.4651897,51,51,51,56,FULL,1780281094.4651897,1780281094.4653997,0.21004676818847656,decode,1,0,452712,0.09703636169433594,0.4619750283768445,1
forward_start,1780281094.4697042,55,55,55,56,FULL,1780281094.4697042,1780281094.469938,0.2338886260986328,decode,0,0,452715,0.2338886260986328,1.0,1
forward_start,1780281094.4782004,55,55,55,56,FULL,1780281094.4782004,1780281094.4784338,0.2334117889404297,decode,0,0,452715,0.2334117889404297,1.0,1
forward_start,1780281094.4782426,52,52,52,56,FULL,1780281094.4782426,1780281094.47845,0.20742416381835938,decode,1,0,452712,0.20742416381835938,1.0,1
forward_start,1780281094.4895494,52,52,52,56,FULL,1780281094.4895494,1780281094.4897332,0.1838207244873047,decode,1,0,452712,0.0,0.0,0
forward_start,1780281094.4895847,55,55,55,56,FULL,1780281094.4895847,1780281094.4897995,0.2148151397705078,decode,0,0,452715,0.0,0.0,0
forward_start,1780281094.502387,52,52,52,56,FULL,1780281094.502387,1780281094.5025766,0.1895427703857422,decode,1,0,452712,0.11992454528808594,0.6327044025157232,1
forward_start,1780281094.5042617,55,55,55,56,FULL,1780281094.5042617,1780281094.5045025,0.24080276489257812,decode,0,0,452715,0.24080276489257812,1.0,1
forward_start,1780281094.5140142,55,55,55,56,FULL,1780281094.5140142,1780281094.5142128,0.19860267639160156,decode,0,0,452715,0.21886825561523438,1.1020408163265305,2
forward_start,1780281094.5179453,52,52,52,56,FULL,1780281094.5179453,1780281094.518183,0.2377033233642578,decode,1,0,452712,0.2377033233642578,1.0,1
forward_start,1780281094.526094,55,55,55,56,FULL,1780281094.526094,1780281094.5262983,0.20432472229003906,decode,0,0,452715,0.20432472229003906,1.0,1
forward_start,1780281094.526142,52,52,52,56,FULL,1780281094.526142,1780281094.5263298,0.18787384033203125,decode,1,0,452712,0.18787384033203125,1.0,1
forward_start,1780281094.5386786,56,56,56,56,FULL,1780281094.5386786,1780281094.5388782,0.1995563507080078,decode,0,0,452715,0.0,0.0,0
forward_start,1780281094.5387485,52,52,52,56,FULL,1780281094.5387485,1780281094.5389347,0.1862049102783203,decode,1,0,452712,0.0,0.0,0
forward_start,1780281094.5505977,56,56,56,56,FULL,1780281094.5505977,1780281094.550796,0.1983642578125,decode,0,0,452715,0.0,0.0,0
forward_start,1780281094.5506759,53,53,53,56,FULL,1780281094.5506759,1780281094.5508635,0.1876354217529297,decode,1,0,452712,0.0,0.0,0
forward_start,1780281094.5629103,56,56,56,56,FULL,1780281094.5629103,1780281094.5631106,0.2002716064453125,decode,0,0,452715,0.0,0.0,0
forward_start,1780281094.5629594,53,53,53,56,FULL,1780281094.5629594,1780281094.5631444,0.1850128173828125,decode,1,0,452712,0.0,0.0,0
forward_start,1780281094.5754678,53,53,53,56,FULL,1780281094.5754678,1780281094.575653,0.18525123596191406,decode,1,0,452712,0.14734268188476562,0.7953667953667953,1
forward_start,1780281094.5772245,55,55,55,56,FULL,1780281094.5772245,1780281094.577458,0.2334117889404297,decode,0,0,452715,0.2334117889404297,1.0,1
forward_start,1780281094.5871363,52,52,52,56,FULL,1780281094.5871363,1780281094.5873094,0.17309188842773438,decode,1,0,452712,0.17309188842773438,1.0,1
forward_start,1780281094.5871406,55,55,55,56,FULL,1780281094.5871406,1780281094.5873697,0.22912025451660156,decode,0,0,452715,0.22912025451660156,1.0,1
forward_start,1780281094.599956,52,52,52,56,FULL,1780281094.599956,1780281094.600139,0.18286705017089844,decode,1,0,452712,0.0,0.0,0
forward_start,1780281094.5999599,55,55,55,56,FULL,1780281094.5999599,1780281094.600162,0.202178955078125,decode,0,0,452715,0.0,0.0,0
forward_start,1780281094.611949,56,56,56,56,FULL,1780281094.611949,1780281094.6121483,0.19931793212890625,decode,0,0,452715,0.0,0.0,0
forward_start,1780281094.6119876,52,52,52,56,FULL,1780281094.6119876,1780281094.612169,0.18143653869628906,decode,1,0,452712,0.0,0.0,0
forward_start,1780281094.6240973,56,56,56,56,FULL,1780281094.6240973,1780281094.624297,0.1995563507080078,decode,0,0,452715,0.0,0.0,0
forward_start,1780281094.6241317,52,52,52,56,FULL,1780281094.6241317,1780281094.624318,0.1862049102783203,decode,1,0,452712,0.0,0.0,0
forward_start,1780281094.6358943,56,56,56,56,FULL,1780281094.6358943,1780281094.6360812,0.186920166015625,decode,0,0,452715,0.0,0.0,0
forward_start,1780281094.6360137,52,52,52,56,FULL,1780281094.6360137,1780281094.636198,0.1842975616455078,decode,1,0,452712,0.0,0.0,0
forward_start,1780281094.648256,56,56,56,56,FULL,1780281094.648256,1780281094.6484797,0.22363662719726562,decode,0,0,452715,0.0,0.0,0
forward_start,1780281094.64833,52,52,52,56,FULL,1780281094.64833,1780281094.6485364,0.20647048950195312,decode,1,0,452712,0.0,0.0,0
forward_start,1780281094.6648061,52,52,52,56,FULL,1780281094.6648061,1780281094.6650198,0.213623046875,decode,1,0,452712,0.42724609375,2.0,2
forward_start,1780281094.6798708,56,56,56,56,FULL,1780281094.6798708,1780281094.680084,0.21314620971679688,decode,0,0,452715,0.42629241943359375,2.0,2
forward_start,1780281094.6829515,55,55,55,56,FULL,1780281094.6829515,1780281094.6831582,0.2067089080810547,decode,0,0,452715,0.4134178161621094,2.0,2
forward_start,1780281094.6829584,52,52,52,56,FULL,1780281094.6829584,1780281094.6831431,0.18477439880371094,decode,1,0,452712,0.3695487976074219,2.0,2
forward_start,1780281094.696063,52,52,52,56,FULL,1780281094.696063,1780281094.6962852,0.22220611572265625,decode,1,0,452712,0.6666183471679688,3.0,3
forward_start,1780281094.6962874,55,55,55,56,FULL,1780281094.6962874,1780281094.6965358,0.24843215942382812,decode,0,0,452715,0.7452964782714844,3.0,3
forward_start,1780281094.7068336,55,55,55,56,FULL,1780281094.7068336,1780281094.7070374,0.20384788513183594,decode,0,0,452715,0.4076957702636719,2.0,2
forward_start,1780281094.7068412,53,53,53,56,FULL,1780281094.7068412,1780281094.707025,0.1838207244873047,decode,1,0,452712,0.3676414489746094,2.0,2
forward_start,1780281094.718981,56,56,56,56,FULL,1780281094.718981,1780281094.7191765,0.19550323486328125,decode,0,0,452715,0.0,0.0,0
forward_start,1780281094.7191172,53,53,53,56,FULL,1780281094.7191172,1780281094.7192972,0.1800060272216797,decode,1,0,452712,0.0,0.0,0
forward_start,1780281094.7314446,57,57,57,64,FULL,1780281094.7314446,1780281094.7316673,0.22268295288085938,decode,0,0,452715,0.0,0.0,0
forward_start,1780281094.731462,54,54,54,64,FULL,1780281094.731462,1780281094.731655,0.19288063049316406,decode,1,0,452712,0.0,0.0,0
forward_start,1780281094.7434576,57,57,57,64,FULL,1780281094.7434576,1780281094.7436595,0.20194053649902344,decode,0,0,452715,0.0,0.0,0
forward_start,1780281094.743479,54,54,54,64,FULL,1780281094.743479,1780281094.743665,0.18596649169921875,decode,1,0,452712,0.0,0.0,0
forward_start,1780281094.7556818,57,57,57,64,FULL,1780281094.7556818,1780281094.7558901,0.20837783813476562,decode,0,0,452715,0.0,0.0,0
forward_start,1780281094.7556865,54,54,54,64,FULL,1780281094.7556865,1780281094.7558672,0.18072128295898438,decode,1,0,452712,0.0,0.0,0
forward_start,1780281094.7680013,57,57,57,64,FULL,1780281094.7680013,1780281094.7681987,0.19741058349609375,decode,0,0,452715,0.0,0.0,0
forward_start,1780281094.7680936,54,54,54,64,FULL,1780281094.7680936,1780281094.768273,0.17952919006347656,decode,1,0,452712,0.0,0.0,0
forward_start,1780281094.7804403,57,57,57,64,FULL,1780281094.7804403,1780281094.7806494,0.2090930938720703,decode,0,0,452715,0.0,0.0,0
forward_start,1780281094.7804546,54,54,54,64,FULL,1780281094.7804546,1780281094.7806358,0.1811981201171875,decode,1,0,452712,0.0,0.0,0
forward_start,1780281094.792973,57,57,57,64,FULL,1780281094.792973,1780281094.7931771,0.2040863037109375,decode,0,0,452715,0.0,0.0,0
forward_start,1780281094.7933729,54,54,54,64,FULL,1780281094.7933729,1780281094.7935557,0.18286705017089844,decode,1,0,452712,0.0,0.0,0
forward_start,1780281094.8051143,57,57,57,64,FULL,1780281094.8051143,1780281094.8053122,0.19788742065429688,decode,0,0,452715,0.0,0.0,0
forward_start,1780281094.8051414,54,54,54,64,FULL,1780281094.8051414,1780281094.8053248,0.18334388732910156,decode,1,0,452712,0.0,0.0,0
forward_start,1780281094.818032,54,54,54,64,FULL,1780281094.818032,1780281094.818219,0.186920166015625,decode,1,0,452712,0.0,0.0,0
forward_start,1780281094.8180468,57,57,57,64,FULL,1780281094.8180468,1780281094.818261,0.21409988403320312,decode,0,0,452715,0.0,0.0,0
forward_start,1780281094.8301635,57,57,57,64,FULL,1780281094.8301635,1780281094.830401,0.23746490478515625,decode,0,0,452715,0.04839897155761719,0.20381526104417672,1
forward_start,1780281094.83084,54,54,54,64,FULL,1780281094.83084,1780281094.8310876,0.24747848510742188,decode,1,0,452712,0.24747848510742188,1.0,1
forward_start,1780281094.842692,57,57,57,64,FULL,1780281094.842692,1780281094.8428984,0.20647048950195312,decode,0,0,452715,0.20647048950195312,1.0,1
forward_start,1780281094.8427,54,54,54,64,FULL,1780281094.8427,1780281094.8428857,0.1857280731201172,decode,1,0,452712,0.1857280731201172,1.0,1
forward_start,1780281094.8550475,54,54,54,64,FULL,1780281094.8550475,1780281094.8552365,0.18906593322753906,decode,1,0,452712,0.0,0.0,0
forward_start,1780281094.8550673,57,57,57,64,FULL,1780281094.8550673,1780281094.8552778,0.2105236053466797,decode,0,0,452715,0.0,0.0,0
forward_start,1780281094.867816,55,55,55,64,FULL,1780281094.867816,1780281094.8680007,0.18477439880371094,decode,1,0,452712,0.0,0.0,0
forward_start,1780281094.8678415,57,57,57,64,FULL,1780281094.8678415,1780281094.868043,0.2014636993408203,decode,0,0,452715,0.0,0.0,0
forward_start,1780281094.8802805,57,57,57,64,FULL,1780281094.8802805,1780281094.8805423,0.2617835998535156,decode,0,0,452715,0.0,0.0,0
forward_start,1780281094.8803082,54,54,54,64,FULL,1780281094.8803082,1780281094.8805127,0.20456314086914062,decode,1,0,452712,0.0,0.0,0
forward_start,1780281094.8923671,57,57,57,64,FULL,1780281094.8923671,1780281094.8925905,0.22339820861816406,decode,0,0,452715,0.0,0.0,0
forward_start,1780281094.8923872,54,54,54,64,FULL,1780281094.8923872,1780281094.8925707,0.18358230590820312,decode,1,0,452712,0.0,0.0,0
forward_start,1780281094.9048796,57,57,57,64,FULL,1780281094.9048796,1780281094.9050772,0.1976490020751953,decode,0,0,452715,0.0,0.0,0
forward_start,1780281094.9049017,54,54,54,64,FULL,1780281094.9049017,1780281094.9050884,0.18668174743652344,decode,1,0,452712,0.0,0.0,0
forward_start,1780281094.9172406,57,57,57,64,FULL,1780281094.9172406,1780281094.9174855,0.2448558807373047,decode,0,0,452715,0.0,0.0,0
forward_start,1780281094.9172795,54,54,54,64,FULL,1780281094.9172795,1780281094.9174795,0.20003318786621094,decode,1,0,452712,0.0,0.0,0
forward_start,1780281094.929804,57,57,57,64,FULL,1780281094.929804,1780281094.930007,0.2028942108154297,decode,0,0,452715,0.0,0.0,0
forward_start,1780281094.929827,54,54,54,64,FULL,1780281094.929827,1780281094.9300153,0.18835067749023438,decode,1,0,452712,0.0,0.0,0
forward_start,1780281094.9423277,57,57,57,64,FULL,1780281094.9423277,1780281094.9426033,0.27561187744140625,decode,0,0,452715,0.0,0.0,0
forward_start,1780281094.9654176,54,54,54,64,FULL,1780281094.9654176,1780281094.965633,0.21529197692871094,decode,1,0,452712,0.21529197692871094,1.0,1
forward_start,1780281094.9687436,53,53,53,56,FULL,1780281094.9687436,1780281094.968955,0.21147727966308594,decode,1,0,452712,0.21147727966308594,1.0,1
forward_start,1780281094.9688108,56,56,56,56,FULL,1780281094.9688108,1780281094.969007,0.19621849060058594,decode,0,0,452715,0.19621849060058594,1.0,1
forward_start,1780281094.9805605,52,52,52,56,FULL,1780281094.9805605,1780281094.9807353,0.1747608184814453,decode,1,0,452712,0.1747608184814453,1.0,1
forward_start,1780281094.9855752,55,55,55,56,FULL,1780281094.9855752,1780281094.9858065,0.23126602172851562,decode,0,0,452715,0.23126602172851562,1.0,1
forward_start,1780281094.992829,55,55,55,56,FULL,1780281094.992829,1780281094.993031,0.20194053649902344,decode,0,0,452715,0.20194053649902344,1.0,1
forward_start,1780281094.992857,52,52,52,56,FULL,1780281094.992857,1780281094.9930422,0.18525123596191406,decode,1,0,452712,0.18525123596191406,1.0,1
forward_start,1780281095.0050042,55,55,55,56,FULL,1780281095.0050042,1780281095.0052018,0.1976490020751953,decode,0,0,452715,0.0,0.0,0
forward_start,1780281095.0050197,53,53,53,56,FULL,1780281095.0050197,1780281095.0052056,0.18596649169921875,decode,1,0,452712,0.0,0.0,0
forward_start,1780281095.0175354,56,56,56,56,FULL,1780281095.0175354,1780281095.0177417,0.20623207092285156,decode,0,0,452715,0.0,0.0,0
forward_start,1780281095.0175874,52,52,52,56,FULL,1780281095.0175874,1780281095.017775,0.1876354217529297,decode,1,0,452712,0.0,0.0,0
forward_start,1780281095.0295887,56,56,56,56,FULL,1780281095.0295887,1780281095.0297925,0.20384788513183594,decode,0,0,452715,0.0,0.0,0
forward_start,1780281095.03002,52,52,52,56,FULL,1780281095.03002,1780281095.0302067,0.18668174743652344,decode,1,0,452712,0.0,0.0,0
forward_start,1780281095.0417154,56,56,56,56,FULL,1780281095.0417154,1780281095.0419204,0.20503997802734375,decode,0,0,452715,0.0,0.0,0
forward_start,1780281095.0471761,52,52,52,56,FULL,1780281095.0471761,1780281095.0474052,0.22912025451660156,decode,1,0,452712,0.22912025451660156,1.0,1
forward_start,1780281095.0542676,56,56,56,56,FULL,1780281095.0542676,1780281095.0545244,0.2567768096923828,decode,0,0,452715,0.2567768096923828,1.0,1
forward_start,1780281095.0543761,52,52,52,56,FULL,1780281095.0543761,1780281095.0545812,0.20503997802734375,decode,1,0,452712,0.20503997802734375,1.0,1
forward_start,1780281095.0664,56,56,56,56,FULL,1780281095.0664,1780281095.06661,0.21004676818847656,decode,0,0,452715,0.21004676818847656,1.0,1
forward_start,1780281095.0665104,52,52,52,56,FULL,1780281095.0665104,1780281095.0666924,0.1819133758544922,decode,1,0,452712,0.1819133758544922,1.0,1
forward_start,1780281095.0784435,56,56,56,56,FULL,1780281095.0784435,1780281095.0786512,0.20766258239746094,decode,0,0,452715,0.0,0.0,0
forward_start,1780281095.0785747,52,52,52,56,FULL,1780281095.0785747,1780281095.0787582,0.18358230590820312,decode,1,0,452712,0.0,0.0,0
forward_start,1780281095.091011,56,56,56,56,FULL,1780281095.091011,1780281095.0911987,0.1876354217529297,decode,0,0,452715,0.0,0.0,0
forward_start,1780281095.0911193,52,52,52,56,FULL,1780281095.0911193,1780281095.091303,0.1838207244873047,decode,1,0,452712,0.0,0.0,0
forward_start,1780281095.1030343,55,55,55,56,FULL,1780281095.1030343,1780281095.1032455,0.21123886108398438,decode,0,0,452715,0.0,0.0,0
forward_start,1780281095.1030464,52,52,52,56,FULL,1780281095.1030464,1780281095.103233,0.18668174743652344,decode,1,0,452712,0.0,0.0,0
forward_start,1780281095.1153238,55,55,55,56,FULL,1780281095.1153238,1780281095.1155589,0.23508071899414062,decode,0,0,452715,0.0,0.0,0
forward_start,1780281095.1400895,52,52,52,56,FULL,1780281095.1400895,1780281095.1402962,0.2067089080810547,decode,1,0,452712,0.2067089080810547,1.0,1
forward_start,1780281095.143167,55,55,55,56,FULL,1780281095.143167,1780281095.1433926,0.22554397583007812,decode,0,0,452715,0.22554397583007812,1.0,1
forward_start,1780281095.1431844,52,52,52,56,FULL,1780281095.1431844,1780281095.1434197,0.2353191375732422,decode,1,0,452712,0.2353191375732422,1.0,1
forward_start,1780281095.1613448,55,55,55,56,FULL,1780281095.1613448,1780281095.1615937,0.24890899658203125,decode,0,0,452715,1.2445449829101562,5.0,5
forward_start,1780281095.1650028,52,52,52,56,FULL,1780281095.1650028,1780281095.1652277,0.22482872009277344,decode,1,0,452712,1.1241436004638672,5.0,5
forward_start,1780281095.1684968,55,55,55,56,FULL,1780281095.1684968,1780281095.1687036,0.2067089080810547,decode,0,0,452715,0.8268356323242188,4.0,4
forward_start,1780281095.1685076,52,52,52,56,FULL,1780281095.1685076,1780281095.1687155,0.2079010009765625,decode,1,0,452712,0.83160400390625,4.0,4
forward_start,1780281095.1800654,54,54,54,56,FULL,1780281095.1800654,1780281095.180267,0.20170211791992188,decode,0,0,452715,0.40340423583984375,2.0,2
forward_start,1780281095.180114,53,53,53,56,FULL,1780281095.180114,1780281095.1803,0.18596649169921875,decode,1,0,452712,0.3719329833984375,2.0,2
forward_start,1780281095.1920745,56,56,56,56,FULL,1780281095.1920745,1780281095.1922739,0.19931793212890625,decode,0,0,452715,0.0,0.0,0
forward_start,1780281095.1921325,51,51,51,56,FULL,1780281095.1921325,1780281095.19232,0.1876354217529297,decode,1,0,452712,0.0,0.0,0
forward_start,1780281095.2046165,55,55,55,56,FULL,1780281095.2046165,1780281095.204817,0.20051002502441406,decode,0,0,452715,0.0,0.0,0
forward_start,1780281095.2046409,53,53,53,56,FULL,1780281095.2046409,1780281095.2048283,0.18739700317382812,decode,1,0,452712,0.0,0.0,0
forward_start,1780281095.216681,53,53,53,56,FULL,1780281095.216681,1780281095.2168667,0.1857280731201172,decode,1,0,452712,0.080108642578125,0.4313222079589217,1
forward_start,1780281095.2196639,55,55,55,56,FULL,1780281095.2196639,1780281095.2198956,0.23174285888671875,decode,0,0,452715,0.23174285888671875,1.0,1
forward_start,1780281095.228765,55,55,55,56,FULL,1780281095.228765,1780281095.2289674,0.20241737365722656,decode,0,0,452715,0.20241737365722656,1.0,1
forward_start,1780281095.2287908,53,53,53,56,FULL,1780281095.2287908,1780281095.228977,0.1862049102783203,decode,1,0,452712,0.1862049102783203,1.0,1
forward_start,1780281095.241036,55,55,55,56,FULL,1780281095.241036,1780281095.2412236,0.1876354217529297,decode,0,0,452715,0.0,0.0,0
forward_start,1780281095.2411149,53,53,53,56,FULL,1780281095.2411149,1780281095.2412975,0.18262863159179688,decode,1,0,452712,0.0,0.0,0
forward_start,1780281095.253234,55,55,55,56,FULL,1780281095.253234,1780281095.2534847,0.25081634521484375,decode,0,0,452715,0.0,0.0,0
forward_start,1780281095.25328,53,53,53,56,FULL,1780281095.25328,1780281095.2534826,0.20265579223632812,decode,1,0,452712,0.0,0.0,0
forward_start,1780281095.2652142,55,55,55,56,FULL,1780281095.2652142,1780281095.2654543,0.24008750915527344,decode,0,0,452715,0.0,0.0,0
forward_start,1780281095.265249,53,53,53,56,FULL,1780281095.265249,1780281095.2654545,0.20551681518554688,decode,1,0,452712,0.0,0.0,0
forward_start,1780281095.2771,55,55,55,56,FULL,1780281095.2771,1780281095.2772973,0.1971721649169922,decode,0,0,452715,0.0,0.0,0
forward_start,1780281095.2772224,53,53,53,56,FULL,1780281095.2772224,1780281095.2774262,0.20384788513183594,decode,1,0,452712,0.0,0.0,0
forward_start,1780281095.2895434,53,53,53,56,FULL,1780281095.2895434,1780281095.289729,0.1857280731201172,decode,1,0,452712,0.0,0.0,0
forward_start,1780281095.2897792,55,55,55,56,FULL,1780281095.2897792,1780281095.2899785,0.19931793212890625,decode,0,0,452715,0.0,0.0,0
forward_start,1780281095.3019838,55,55,55,56,FULL,1780281095.3019838,1780281095.3021727,0.1888275146484375,decode,0,0,452715,0.0,0.0,0
forward_start,1780281095.302074,53,53,53,56,FULL,1780281095.302074,1780281095.302257,0.18310546875,decode,1,0,452712,0.0,0.0,0
forward_start,1780281095.313844,55,55,55,56,FULL,1780281095.313844,1780281095.3140354,0.1914501190185547,decode,0,0,452715,0.0,0.0,0
forward_start,1780281095.3139188,52,52,52,56,FULL,1780281095.3139188,1780281095.3141007,0.1819133758544922,decode,1,0,452712,0.0,0.0,0
forward_start,1780281095.3259492,52,52,52,56,FULL,1780281095.3259492,1780281095.3261344,0.18525123596191406,decode,1,0,452712,0.0,0.0,0
forward_start,1780281095.3259547,54,54,54,56,FULL,1780281095.3259547,1780281095.326159,0.20432472229003906,decode,0,0,452715,0.0,0.0,0
forward_start,1780281095.337925,54,54,54,56,FULL,1780281095.337925,1780281095.338126,0.2009868621826172,decode,0,0,452715,0.0,0.0,0
forward_start,1780281095.3379507,52,52,52,56,FULL,1780281095.3379507,1780281095.3381362,0.18548965454101562,decode,1,0,452712,0.0,0.0,0
forward_start,1780281095.350221,54,54,54,56,FULL,1780281095.350221,1780281095.3504627,0.24175643920898438,decode,0,0,452715,0.0,0.0,0
forward_start,1780281095.371062,52,52,52,56,FULL,1780281095.371062,1780281095.3712704,0.20837783813476562,decode,1,0,452712,0.20837783813476562,1.0,1
forward_start,1780281095.3747575,52,52,52,56,FULL,1780281095.3747575,1780281095.3749669,0.20933151245117188,decode,1,0,452712,0.6279945373535156,3.0,3
forward_start,1780281095.391265,54,54,54,56,FULL,1780281095.391265,1780281095.3914914,0.22649765014648438,decode,0,0,452715,0.6794929504394531,3.0,3
forward_start,1780281095.394798,54,54,54,56,FULL,1780281095.394798,1780281095.3950114,0.21338462829589844,decode,0,0,452715,0.7619857788085938,3.570949720670391,4
forward_start,1780281095.3986876,52,52,52,56,FULL,1780281095.3986876,1780281095.3989248,0.2372264862060547,decode,1,0,452712,0.9489059448242188,4.0,4
forward_start,1780281095.4059052,54,54,54,56,FULL,1780281095.4059052,1780281095.4061086,0.2033710479736328,decode,0,0,452715,0.5397796630859375,2.6541617819460726,3
forward_start,1780281095.40649,52,52,52,56,FULL,1780281095.40649,1780281095.4067166,0.22649765014648438,decode,1,0,452712,0.45299530029296875,2.0,2
forward_start,1780281095.4181533,54,54,54,56,FULL,1780281095.4181533,1780281095.4183626,0.20933151245117188,decode,1,0,452712,0.20933151245117188,1.0,1
forward_start,1780281095.4181798,54,54,54,56,FULL,1780281095.4181798,1780281095.4184315,0.25177001953125,decode,0,0,452715,0.21886825561523438,0.8693181818181818,1
forward_start,1780281095.430081,55,55,55,56,FULL,1780281095.430081,1780281095.430284,0.20313262939453125,decode,0,0,452715,0.0,0.0,0
forward_start,1780281095.4301264,55,55,55,56,FULL,1780281095.4301264,1780281095.4303145,0.1881122589111328,decode,1,0,452712,0.0,0.0,0
forward_start,1780281095.442196,55,55,55,56,FULL,1780281095.442196,1780281095.4424462,0.2503395080566406,decode,0,0,452715,0.0,0.0,0
forward_start,1780281095.4422154,56,56,56,56,FULL,1780281095.4422154,1780281095.442421,0.20551681518554688,decode,1,0,452712,0.0,0.0,0
forward_start,1780281095.4541876,55,55,55,56,FULL,1780281095.4541876,1780281095.4544232,0.23555755615234375,decode,0,0,452715,0.0,0.0,0
forward_start,1780281095.4542017,56,56,56,56,FULL,1780281095.4542017,1780281095.4544117,0.21004676818847656,decode,1,0,452712,0.0,0.0,0
forward_start,1780281095.466432,56,56,56,56,FULL,1780281095.466432,1780281095.466618,0.18596649169921875,decode,1,0,452712,0.0,0.0,0
forward_start,1780281095.470711,55,55,55,56,FULL,1780281095.470711,1780281095.470931,0.2200603485107422,decode,0,0,452715,0.2200603485107422,1.0,1
forward_start,1780281095.4787636,55,55,55,56,FULL,1780281095.4787636,1780281095.4789555,0.1919269561767578,decode,0,0,452715,0.1919269561767578,1.0,1
forward_start,1780281095.478801,56,56,56,56,FULL,1780281095.478801,1780281095.4789834,0.1823902130126953,decode,1,0,452712,0.1823902130126953,1.0,1
forward_start,1780281095.4908297,56,56,56,56,FULL,1780281095.4908297,1780281095.4910178,0.1881122589111328,decode,1,0,452712,0.0,0.0,0
forward_start,1780281095.4909563,55,55,55,56,FULL,1780281095.4909563,1780281095.4911695,0.21314620971679688,decode,0,0,452715,0.0,0.0,0
forward_start,1780281095.5030985,56,56,56,56,FULL,1780281095.5030985,1780281095.5032969,0.1983642578125,decode,0,0,452715,0.0,0.0,0
forward_start,1780281095.5031536,56,56,56,56,FULL,1780281095.5031536,1780281095.503361,0.20742416381835938,decode,1,0,452712,0.0,0.0,0
forward_start,1780281095.5151672,56,56,56,56,FULL,1780281095.5151672,1780281095.5153983,0.23102760314941406,decode,0,0,452715,0.0,0.0,0
forward_start,1780281095.5152133,55,55,55,56,FULL,1780281095.5152133,1780281095.5154154,0.202178955078125,decode,1,0,452712,0.0,0.0,0
forward_start,1780281095.527312,56,56,56,56,FULL,1780281095.527312,1780281095.527546,0.2338886260986328,decode,0,0,452715,0.0,0.0,0
forward_start,1780281095.5274222,55,55,55,56,FULL,1780281095.5274222,1780281095.527612,0.18978118896484375,decode,1,0,452712,0.0,0.0,0
forward_start,1780281095.5394802,55,55,55,56,FULL,1780281095.5394802,1780281095.539664,0.1838207244873047,decode,1,0,452712,0.0,0.0,0
forward_start,1780281095.55846,56,56,56,56,FULL,1780281095.55846,1780281095.5586913,0.23126602172851562,decode,0,0,452715,0.23126602172851562,1.0,1
forward_start,1780281095.561701,56,56,56,56,FULL,1780281095.561701,1780281095.5619082,0.2071857452392578,decode,0,0,452715,0.2276897430419922,1.098964326812428,2
forward_start,1780281095.5634122,55,55,55,56,FULL,1780281095.5634122,1780281095.5636494,0.2372264862060547,decode,1,0,452712,0.4744529724121094,2.0,2
forward_start,1780281095.572956,54,54,54,56,FULL,1780281095.572956,1780281095.5731373,0.1811981201171875,decode,1,0,452712,0.362396240234375,2.0,2
forward_start,1780281095.5773108,56,56,56,56,FULL,1780281095.5773108,1780281095.5775607,0.2498626708984375,decode,0,0,452715,0.499725341796875,2.0,2
forward_start,1780281095.5852675,56,56,56,56,FULL,1780281095.5852675,1780281095.5855145,0.24700164794921875,decode,0,0,452715,0.24700164794921875,1.0,1
forward_start,1780281095.5853653,54,54,54,56,FULL,1780281095.5853653,1780281095.5855553,0.1900196075439453,decode,1,0,452712,0.18143653869628906,0.9548306148055207,1
forward_start,1780281095.5974734,57,57,57,64,FULL,1780281095.5974734,1780281095.5976782,0.2048015594482422,decode,0,0,452715,0.0,0.0,0
forward_start,1780281095.5975103,55,55,55,64,FULL,1780281095.5975103,1780281095.5976992,0.1888275146484375,decode,1,0,452712,0.0,0.0,0
forward_start,1780281095.6097288,58,58,58,64,FULL,1780281095.6097288,1780281095.6099267,0.19788742065429688,decode,0,0,452715,0.0,0.0,0
forward_start,1780281095.6097646,55,55,55,64,FULL,1780281095.6097646,1780281095.6099527,0.1881122589111328,decode,1,0,452712,0.0,0.0,0
forward_start,1780281095.621773,58,58,58,64,FULL,1780281095.621773,1780281095.6219769,0.20384788513183594,decode,0,0,452715,0.0,0.0,0
forward_start,1780281095.6217852,55,55,55,64,FULL,1780281095.6217852,1780281095.6219726,0.18739700317382812,decode,1,0,452712,0.0,0.0,0
forward_start,1780281095.63464,58,58,58,64,FULL,1780281095.63464,1780281095.6348395,0.1995563507080078,decode,0,0,452715,0.0,0.0,0
forward_start,1780281095.6346688,55,55,55,64,FULL,1780281095.6346688,1780281095.634855,0.1862049102783203,decode,1,0,452712,0.0,0.0,0
forward_start,1780281095.6467454,58,58,58,64,FULL,1780281095.6467454,1780281095.6469345,0.18906593322753906,decode,0,0,452715,0.0,0.0,0
forward_start,1780281095.646829,55,55,55,64,FULL,1780281095.646829,1780281095.647011,0.18215179443359375,decode,1,0,452712,0.0,0.0,0
forward_start,1780281095.659453,58,58,58,64,FULL,1780281095.659453,1780281095.6596546,0.20170211791992188,decode,0,0,452715,0.0,0.0,0
forward_start,1780281095.6594815,55,55,55,64,FULL,1780281095.6594815,1780281095.659667,0.18548965454101562,decode,1,0,452712,0.0,0.0,0
forward_start,1780281095.6719346,58,58,58,64,FULL,1780281095.6719346,1780281095.6721478,0.21314620971679688,decode,0,0,452715,0.0,0.0,0
forward_start,1780281095.6719553,54,54,54,64,FULL,1780281095.6719553,1780281095.672146,0.19073486328125,decode,1,0,452712,0.0,0.0,0
forward_start,1780281095.684288,58,58,58,64,FULL,1780281095.684288,1780281095.6845465,0.25844573974609375,decode,0,0,452715,0.0,0.0,0
forward_start,1780281095.688973,54,54,54,64,FULL,1780281095.688973,1780281095.6891935,0.2205371856689453,decode,1,0,452712,0.2205371856689453,1.0,1
forward_start,1780281095.696755,58,58,58,64,FULL,1780281095.696755,1780281095.6969547,0.19979476928710938,decode,0,0,452715,0.19979476928710938,1.0,1
forward_start,1780281095.6967897,53,53,53,64,FULL,1780281095.6967897,1780281095.696992,0.202178955078125,decode,1,0,452712,0.202178955078125,1.0,1
forward_start,1780281095.7092042,58,58,58,64,FULL,1780281095.7092042,1780281095.7094364,0.23221969604492188,decode,0,0,452715,0.23221969604492188,1.0,1
forward_start,1780281095.7092392,53,53,53,64,FULL,1780281095.7092392,1780281095.7094455,0.20623207092285156,decode,1,0,452712,0.20623207092285156,1.0,1
forward_start,1780281095.7220433,58,58,58,64,FULL,1780281095.7220433,1780281095.722243,0.19979476928710938,decode,0,0,452715,0.0,0.0,0
forward_start,1780281095.7220786,53,53,53,64,FULL,1780281095.7220786,1780281095.7222657,0.18715858459472656,decode,1,0,452712,0.0,0.0,0
forward_start,1780281095.734126,54,54,54,64,FULL,1780281095.734126,1780281095.7343135,0.18739700317382812,decode,1,0,452712,0.0,0.0,0
forward_start,1780281095.7375495,58,58,58,64,FULL,1780281095.7375495,1780281095.737782,0.23245811462402344,decode,0,0,452715,0.23245811462402344,1.0,1
forward_start,1780281095.7466822,57,57,57,64,FULL,1780281095.7466822,1780281095.7468872,0.20503997802734375,decode,0,0,452715,0.20503997802734375,1.0,1
forward_start,1780281095.746684,54,54,54,64,FULL,1780281095.746684,1780281095.746872,0.18787384033203125,decode,1,0,452712,0.18787384033203125,1.0,1
forward_start,1780281095.7590878,57,57,57,64,FULL,1780281095.7590878,1780281095.759282,0.19431114196777344,decode,0,0,452715,0.0,0.0,0
forward_start,1780281095.7591996,54,54,54,64,FULL,1780281095.7591996,1780281095.7594066,0.20694732666015625,decode,1,0,452712,0.0,0.0,0
forward_start,1780281095.7715788,58,58,58,64,FULL,1780281095.7715788,1780281095.77178,0.20122528076171875,decode,0,0,452715,0.0,0.0,0
forward_start,1780281095.771598,54,54,54,64,FULL,1780281095.771598,1780281095.7717836,0.18548965454101562,decode,1,0,452712,0.0,0.0,0
forward_start,1780281095.783891,58,58,58,64,FULL,1780281095.783891,1780281095.784114,0.22292137145996094,decode,0,0,452715,0.0,0.0,0
forward_start,1780281095.783922,54,54,54,64,FULL,1780281095.783922,1780281095.784111,0.18906593322753906,decode,1,0,452712,0.0,0.0,0
forward_start,1780281095.7961848,58,58,58,64,FULL,1780281095.7961848,1780281095.796412,0.22721290588378906,decode,0,0,452715,0.0,0.0,0
forward_start,1780281095.796225,54,54,54,64,FULL,1780281095.796225,1780281095.796434,0.20885467529296875,decode,1,0,452712,0.0,0.0,0
forward_start,1780281095.8087056,58,58,58,64,FULL,1780281095.8087056,1780281095.8089087,0.20313262939453125,decode,0,0,452715,0.0,0.0,0
forward_start,1780281095.821859,54,54,54,64,FULL,1780281095.821859,1780281095.8220973,0.2384185791015625,decode,1,0,452712,0.2384185791015625,1.0,1
forward_start,1780281095.825045,58,58,58,64,FULL,1780281095.825045,1780281095.8252437,0.19860267639160156,decode,0,0,452715,0.19860267639160156,1.0,1
forward_start,1780281095.8251214,54,54,54,64,FULL,1780281095.8251214,1780281095.8253248,0.2033710479736328,decode,1,0,452712,0.2033710479736328,1.0,1
forward_start,1780281095.8371134,54,54,54,64,FULL,1780281095.8371134,1780281095.837304,0.19073486328125,decode,1,0,452712,0.19073486328125,1.0,1
forward_start,1780281095.837124,57,57,57,64,FULL,1780281095.837124,1780281095.837331,0.20694732666015625,decode,0,0,452715,0.20694732666015625,1.0,1
forward_start,1780281095.8493605,57,57,57,64,FULL,1780281095.8493605,1780281095.8495932,0.232696533203125,decode,0,0,452715,0.11754035949707031,0.5051229508196722,1
forward_start,1780281095.851102,54,54,54,64,FULL,1780281095.851102,1780281095.8513298,0.2276897430419922,decode,1,0,452712,0.2276897430419922,1.0,1
forward_start,1780281095.8619745,55,55,55,64,FULL,1780281095.8619745,1780281095.8621597,0.18525123596191406,decode,1,0,452712,0.18525123596191406,1.0,1
forward_start,1780281095.862005,57,57,57,64,FULL,1780281095.862005,1780281095.8622193,0.2143383026123047,decode,0,0,452715,0.18668174743652344,0.8709677419354839,1
forward_start,1780281095.874473,54,54,54,64,FULL,1780281095.874473,1780281095.8746598,0.18668174743652344,decode,1,0,452712,0.0,0.0,0
forward_start,1780281095.8776448,57,57,57,64,FULL,1780281095.8776448,1780281095.8778796,0.23484230041503906,decode,0,0,452715,0.23484230041503906,1.0,1
forward_start,1780281095.8869655,55,55,55,56,FULL,1780281095.8869655,1780281095.887153,0.18739700317382812,decode,1,0,452712,0.18739700317382812,1.0,1
forward_start,1780281095.8870015,56,56,56,56,FULL,1780281095.8870015,1780281095.8872159,0.2143383026123047,decode,0,0,452715,0.2143383026123047,1.0,1
forward_start,1780281095.8989892,55,55,55,56,FULL,1780281095.8989892,1780281095.8991833,0.19407272338867188,decode,1,0,452712,0.0,0.0,0
forward_start,1780281095.8990064,56,56,56,56,FULL,1780281095.8990064,1780281095.8992217,0.21529197692871094,decode,0,0,452715,0.0,0.0,0
forward_start,1780281095.9116938,54,54,54,64,FULL,1780281095.9116938,1780281095.9118762,0.1823902130126953,decode,1,0,452712,0.0,0.0,0
forward_start,1780281095.9117417,57,57,57,64,FULL,1780281095.9117417,1780281095.9119523,0.2105236053466797,decode,0,0,452715,0.0,0.0,0
forward_start,1780281095.9236445,54,54,54,64,FULL,1780281095.9236445,1780281095.9238274,0.18286705017089844,decode,1,0,452712,0.0,0.0,0
forward_start,1780281095.9236944,57,57,57,64,FULL,1780281095.9236944,1780281095.9239154,0.22101402282714844,decode,0,0,452715,0.0,0.0,0
forward_start,1780281095.936157,56,56,56,56,FULL,1780281095.936157,1780281095.9363894,0.23245811462402344,decode,0,0,452715,0.0,0.0,0
forward_start,1780281095.9361908,54,54,54,56,FULL,1780281095.9361908,1780281095.9363968,0.20599365234375,decode,1,0,452712,0.0,0.0,0
forward_start,1780281095.9486763,55,55,55,56,FULL,1780281095.9486763,1780281095.948879,0.20265579223632812,decode,0,0,452715,0.0,0.0,0
forward_start,1780281095.9486802,54,54,54,56,FULL,1780281095.9486802,1780281095.9488623,0.18215179443359375,decode,1,0,452712,0.0,0.0,0
forward_start,1780281095.9608665,55,55,55,56,FULL,1780281095.9608665,1780281095.9611037,0.2372264862060547,decode,0,0,452715,0.0,0.0,0
forward_start,1780281095.9608886,53,53,53,56,FULL,1780281095.9608886,1780281095.9610732,0.18453598022460938,decode,1,0,452712,0.0,0.0,0
forward_start,1780281095.9728181,53,53,53,56,FULL,1780281095.9728181,1780281095.973005,0.186920166015625,decode,1,0,452712,0.0,0.0,0
forward_start,1780281095.9728734,55,55,55,56,FULL,1780281095.9728734,1780281095.973089,0.2155303955078125,decode,0,0,452715,0.0,0.0,0
forward_start,1780281095.9853523,53,53,53,56,FULL,1780281095.9853523,1780281095.9855413,0.18906593322753906,decode,1,0,452712,0.0,0.0,0
forward_start,1780281095.990736,55,55,55,56,FULL,1780281095.990736,1780281095.9909728,0.23674964904785156,decode,0,0,452715,0.23674964904785156,1.0,1
forward_start,1780281095.999163,53,53,53,56,FULL,1780281095.999163,1780281095.9994137,0.25081634521484375,decode,1,0,452712,0.7524490356445312,3.0,3
forward_start,1780281096.0112865,55,55,55,56,FULL,1780281096.0112865,1780281096.011531,0.24461746215820312,decode,0,0,452715,0.7338523864746094,3.0,3
forward_start,1780281096.0145981,55,55,55,56,FULL,1780281096.0145981,1780281096.0148141,0.21600723266601562,decode,0,0,452715,0.4775524139404297,2.2108167770419427,3
forward_start,1780281096.015227,53,53,53,56,FULL,1780281096.015227,1780281096.015472,0.2448558807373047,decode,1,0,452712,0.7345676422119141,3.0,3
forward_start,1780281096.0263152,56,56,56,56,FULL,1780281096.0263152,1780281096.0265758,0.2605915069580078,decode,0,0,452715,0.2605915069580078,1.0,1
forward_start,1780281096.0264769,53,53,53,56,FULL,1780281096.0264769,1780281096.0266588,0.1819133758544922,decode,1,0,452712,0.1327991485595703,0.7300131061598951,1
forward_start,1780281096.038283,55,55,55,56,FULL,1780281096.038283,1780281096.0384905,0.20742416381835938,decode,1,0,452712,0.1659393310546875,0.8,1
forward_start,1780281096.0401511,56,56,56,56,FULL,1780281096.0401511,1780281096.0404007,0.24962425231933594,decode,0,0,452715,0.24962425231933594,1.0,1
forward_start,1780281096.050558,57,57,57,64,FULL,1780281096.050558,1780281096.05076,0.20194053649902344,decode,0,0,452715,0.20194053649902344,1.0,1
forward_start,1780281096.0505786,54,54,54,64,FULL,1780281096.0505786,1780281096.0507686,0.1900196075439453,decode,1,0,452712,0.1900196075439453,1.0,1
forward_start,1780281096.0628347,57,57,57,64,FULL,1780281096.0628347,1780281096.0630386,0.20384788513183594,decode,0,0,452715,0.0,0.0,0
forward_start,1780281096.062849,54,54,54,64,FULL,1780281096.062849,1780281096.0630364,0.18739700317382812,decode,1,0,452712,0.0,0.0,0
forward_start,1780281096.0750146,58,58,58,64,FULL,1780281096.0750146,1780281096.0752132,0.19860267639160156,decode,0,0,452715,0.0,0.0,0
forward_start,1780281096.0750518,54,54,54,64,FULL,1780281096.0750518,1780281096.075237,0.18525123596191406,decode,1,0,452712,0.0,0.0,0
forward_start,1780281096.087525,54,54,54,64,FULL,1780281096.087525,1780281096.087711,0.1862049102783203,decode,1,0,452712,0.0,0.0,0
forward_start,1780281096.0875704,58,58,58,64,FULL,1780281096.0875704,1780281096.087779,0.2086162567138672,decode,0,0,452715,0.0,0.0,0
forward_start,1780281096.0998428,58,58,58,64,FULL,1780281096.0998428,1780281096.1000476,0.2048015594482422,decode,0,0,452715,0.0,0.0,0
forward_start,1780281096.099845,54,54,54,64,FULL,1780281096.099845,1780281096.1000347,0.18978118896484375,decode,1,0,452712,0.0,0.0,0
forward_start,1780281096.1124098,58,58,58,64,FULL,1780281096.1124098,1780281096.112617,0.2071857452392578,decode,0,0,452715,0.0,0.0,0
forward_start,1780281096.1124544,54,54,54,64,FULL,1780281096.1124544,1780281096.1126466,0.19216537475585938,decode,1,0,452712,0.0,0.0,0
forward_start,1780281096.1257422,58,58,58,64,FULL,1780281096.1257422,1780281096.12594,0.19788742065429688,decode,0,0,452715,0.0,0.0,0
forward_start,1780281096.1257758,54,54,54,64,FULL,1780281096.1257758,1780281096.125981,0.2052783966064453,decode,1,0,452712,0.0,0.0,0
forward_start,1780281096.1377666,57,57,57,64,FULL,1780281096.1377666,1780281096.137985,0.21839141845703125,decode,0,0,452715,0.0,0.0,0
forward_start,1780281096.1377966,54,54,54,64,FULL,1780281096.1377966,1780281096.137984,0.18739700317382812,decode,1,0,452712,0.0,0.0,0
forward_start,1780281096.1498947,54,54,54,64,FULL,1780281096.1498947,1780281096.150086,0.19121170043945312,decode,1,0,452712,0.0,0.0,0
forward_start,1780281096.1499572,57,57,57,64,FULL,1780281096.1499572,1780281096.1501753,0.2181529998779297,decode,0,0,452715,0.0,0.0,0
forward_start,1780281096.1624553,57,57,57,64,FULL,1780281096.1624553,1780281096.1626632,0.2079010009765625,decode,0,0,452715,0.0,0.0,0
forward_start,1780281096.1625054,54,54,54,64,FULL,1780281096.1625054,1780281096.1626983,0.19288063049316406,decode,1,0,452712,0.0,0.0,0
forward_start,1780281096.1748075,57,57,57,64,FULL,1780281096.1748075,1780281096.175007,0.1995563507080078,decode,0,0,452715,0.0,0.0,0
forward_start,1780281096.174833,54,54,54,64,FULL,1780281096.174833,1780281096.1750183,0.18525123596191406,decode,1,0,452712,0.0,0.0,0
forward_start,1780281096.1873217,57,57,57,64,FULL,1780281096.1873217,1780281096.1875794,0.25773048400878906,decode,0,0,452715,0.0,0.0,0
forward_start,1780281096.1912935,54,54,54,64,FULL,1780281096.1912935,1780281096.1915147,0.22125244140625,decode,1,0,452712,0.22125244140625,1.0,1
forward_start,1780281096.1998467,57,57,57,64,FULL,1780281096.1998467,1780281096.2000446,0.19788742065429688,decode,0,0,452715,0.19788742065429688,1.0,1
forward_start,1780281096.1998746,53,53,53,64,FULL,1780281096.1998746,1780281096.2000656,0.19097328186035156,decode,1,0,452712,0.19097328186035156,1.0,1
forward_start,1780281096.2123783,57,57,57,64,FULL,1780281096.2123783,1780281096.2125936,0.21529197692871094,decode,0,0,452715,0.0,0.0,0
forward_start,1780281096.2124407,53,53,53,64,FULL,1780281096.2124407,1780281096.21263,0.18930435180664062,decode,1,0,452712,0.0,0.0,0
forward_start,1780281096.2251437,57,57,57,64,FULL,1780281096.2251437,1780281096.2253916,0.247955322265625,decode,0,0,452715,0.0,0.0,0
forward_start,1780281096.2251832,54,54,54,64,FULL,1780281096.2251832,1780281096.2254367,0.25343894958496094,decode,1,0,452712,0.0,0.0,0
forward_start,1780281096.2396274,57,57,57,64,FULL,1780281096.2396274,1780281096.2398465,0.21910667419433594,decode,0,0,452715,0.4382133483886719,2.0,2
forward_start,1780281096.2449503,54,54,54,64,FULL,1780281096.2449503,1780281096.2451816,0.23126602172851562,decode,1,0,452712,0.6937980651855469,3.0,3
forward_start,1780281096.249863,54,54,54,64,FULL,1780281096.249863,1780281096.250051,0.1881122589111328,decode,1,0,452712,0.6418228149414062,3.41191381495564,4
forward_start,1780281096.2637143,57,57,57,64,FULL,1780281096.2637143,1780281096.2639363,0.2219676971435547,decode,0,0,452715,0.4439353942871094,2.0,2
forward_start,1780281096.2669659,54,54,54,64,FULL,1780281096.2669659,1780281096.2671506,0.18477439880371094,decode,1,0,452712,0.18477439880371094,1.0,1
forward_start,1780281096.267022,57,57,57,64,FULL,1780281096.267022,1780281096.2672353,0.21338462829589844,decode,0,0,452715,0.21338462829589844,1.0,1
forward_start,1780281096.27885,58,58,58,64,FULL,1780281096.27885,1780281096.2790515,0.2014636993408203,decode,0,0,452715,0.3314018249511719,1.6449704142011834,2
forward_start,1780281096.2812319,56,56,56,64,FULL,1780281096.2812319,1780281096.281486,0.2541542053222656,decode,1,0,452712,0.2541542053222656,1.0,1
forward_start,1780281096.290994,58,58,58,64,FULL,1780281096.290994,1780281096.2911963,0.20241737365722656,decode,0,0,452715,0.20241737365722656,1.0,1
forward_start,1780281096.2910278,56,56,56,64,FULL,1780281096.2910278,1780281096.2912161,0.18835067749023438,decode,1,0,452712,0.18835067749023438,1.0,1
forward_start,1780281096.3038888,59,59,59,64,FULL,1780281096.3038888,1780281096.3041081,0.2193450927734375,decode,0,0,452715,0.0,0.0,0
forward_start,1780281096.3038967,56,56,56,64,FULL,1780281096.3038967,1780281096.3040805,0.1838207244873047,decode,1,0,452712,0.0,0.0,0
forward_start,1780281096.316054,57,57,57,64,FULL,1780281096.316054,1780281096.316241,0.186920166015625,decode,1,0,452712,0.0,0.0,0
forward_start,1780281096.3214588,59,59,59,64,FULL,1780281096.3214588,1780281096.3216887,0.22983551025390625,decode,0,0,452715,0.22983551025390625,1.0,1
forward_start,1780281096.3288093,59,59,59,64,FULL,1780281096.3288093,1780281096.3290212,0.21195411682128906,decode,0,0,452715,0.21195411682128906,1.0,1
forward_start,1780281096.3288462,57,57,57,64,FULL,1780281096.3288462,1780281096.3290322,0.18596649169921875,decode,1,0,452712,0.18596649169921875,1.0,1
forward_start,1780281096.3412046,59,59,59,64,FULL,1780281096.3412046,1780281096.3414414,0.23674964904785156,decode,0,0,452715,0.23674964904785156,1.0,1
forward_start,1780281096.3412337,57,57,57,64,FULL,1780281096.3412337,1780281096.341441,0.2071857452392578,decode,1,0,452712,0.2071857452392578,1.0,1
forward_start,1780281096.3534644,58,58,58,64,FULL,1780281096.3534644,1780281096.3536808,0.21648406982421875,decode,0,0,452715,0.0,0.0,0
forward_start,1780281096.3535585,57,57,57,64,FULL,1780281096.3535585,1780281096.3537478,0.18930435180664062,decode,1,0,452712,0.0,0.0,0
forward_start,1780281096.3664296,59,59,59,64,FULL,1780281096.3664296,1780281096.366649,0.2193450927734375,decode,0,0,452715,0.0,0.0,0
forward_start,1780281096.3667145,57,57,57,64,FULL,1780281096.3667145,1780281096.3669477,0.23317337036132812,decode,1,0,452712,0.0,0.0,0
forward_start,1780281096.3783615,59,59,59,64,FULL,1780281096.3783615,1780281096.3786032,0.24175643920898438,decode,0,0,452715,0.0,0.0,0
forward_start,1780281096.3784065,57,57,57,64,FULL,1780281096.3784065,1780281096.3785956,0.18906593322753906,decode,1,0,452712,0.0,0.0,0
forward_start,1780281096.3909888,59,59,59,64,FULL,1780281096.3909888,1780281096.391194,0.2052783966064453,decode,0,0,452715,0.0,0.0,0
forward_start,1780281096.39657,57,57,57,64,FULL,1780281096.39657,1780281096.3967927,0.22268295288085938,decode,1,0,452712,0.22268295288085938,1.0,1
forward_start,1780281096.403159,59,59,59,64,FULL,1780281096.403159,1780281096.4033787,0.21982192993164062,decode,0,0,452715,0.21982192993164062,1.0,1
forward_start,1780281096.4031882,57,57,57,64,FULL,1780281096.4031882,1780281096.4034104,0.22220611572265625,decode,1,0,452712,0.22220611572265625,1.0,1
forward_start,1780281096.4160037,59,59,59,64,FULL,1780281096.4160037,1780281096.416204,0.2002716064453125,decode,0,0,452715,0.2002716064453125,1.0,1
forward_start,1780281096.419938,57,57,57,64,FULL,1780281096.419938,1780281096.4201498,0.2117156982421875,decode,1,0,452712,0.423431396484375,2.0,2
forward_start,1780281096.4280279,59,59,59,64,FULL,1780281096.4280279,1780281096.4282324,0.20456314086914062,decode,0,0,452715,0.20456314086914062,1.0,1
forward_start,1780281096.4281423,57,57,57,64,FULL,1780281096.4281423,1780281096.428331,0.18858909606933594,decode,1,0,452712,0.18858909606933594,1.0,1
forward_start,1780281096.4410875,59,59,59,64,FULL,1780281096.4410875,1780281096.4412882,0.20074844360351562,decode,0,0,452715,0.0,0.0,0
forward_start,1780281096.441133,58,58,58,64,FULL,1780281096.441133,1780281096.4413202,0.18715858459472656,decode,1,0,452712,0.0,0.0,0
forward_start,1780281096.4538598,59,59,59,64,FULL,1780281096.4538598,1780281096.4540615,0.20170211791992188,decode,0,0,452715,0.20170211791992188,1.0,1
forward_start,1780281096.4576766,59,59,59,64,FULL,1780281096.4576766,1780281096.45793,0.25343894958496094,decode,1,0,452712,0.25343894958496094,1.0,1
forward_start,1780281096.4659731,58,58,58,64,FULL,1780281096.4659731,1780281096.4661722,0.1990795135498047,decode,0,0,452715,0.1990795135498047,1.0,1
forward_start,1780281096.4660163,59,59,59,64,FULL,1780281096.4660163,1780281096.4662056,0.18930435180664062,decode,1,0,452712,0.18930435180664062,1.0,1
forward_start,1780281096.47844,58,58,58,64,FULL,1780281096.47844,1780281096.4786496,0.20956993103027344,decode,0,0,452715,0.0,0.0,0
forward_start,1780281096.47846,59,59,59,64,FULL,1780281096.47846,1780281096.478645,0.1850128173828125,decode,1,0,452712,0.0,0.0,0
forward_start,1780281096.4909873,58,58,58,64,FULL,1780281096.4909873,1780281096.491185,0.1976490020751953,decode,0,0,452715,0.0,0.0,0
forward_start,1780281096.4910054,60,60,60,64,FULL,1780281096.4910054,1780281096.4911935,0.1881122589111328,decode,1,0,452712,0.0,0.0,0
forward_start,1780281096.5032182,58,58,58,64,FULL,1780281096.5032182,1780281096.503458,0.23984909057617188,decode,0,0,452715,0.0,0.0,0
forward_start,1780281096.5032642,60,60,60,64,FULL,1780281096.5032642,1780281096.5034776,0.21338462829589844,decode,1,0,452712,0.0,0.0,0
forward_start,1780281096.515755,58,58,58,64,FULL,1780281096.515755,1780281096.5159466,0.19168853759765625,decode,0,0,452715,0.0,0.0,0
forward_start,1780281096.515832,60,60,60,64,FULL,1780281096.515832,1780281096.5160158,0.1838207244873047,decode,1,0,452712,0.0,0.0,0
forward_start,1780281096.5290732,58,58,58,64,FULL,1780281096.5290732,1780281096.529263,0.18978118896484375,decode,0,0,452715,0.0,0.0,0
forward_start,1780281096.5291114,60,60,60,64,FULL,1780281096.5291114,1780281096.5293036,0.19216537475585938,decode,1,0,452712,0.0,0.0,0
forward_start,1780281096.5406852,58,58,58,64,FULL,1780281096.5406852,1780281096.5408914,0.20623207092285156,decode,0,0,452715,0.0,0.0,0
forward_start,1780281096.540707,60,60,60,64,FULL,1780281096.540707,1780281096.5408933,0.1862049102783203,decode,1,0,452712,0.0,0.0,0
forward_start,1780281096.5532742,60,60,60,64,FULL,1780281096.5532742,1780281096.5534809,0.2067089080810547,decode,1,0,452712,0.12731552124023438,0.615916955017301,1
forward_start,1780281096.5551703,57,57,57,64,FULL,1780281096.5551703,1780281096.5555253,0.35500526428222656,decode,0,0,452715,0.35500526428222656,1.0,1
forward_start,1780281096.5658097,57,57,57,64,FULL,1780281096.5658097,1780281096.566015,0.2052783966064453,decode,0,0,452715,0.2052783966064453,1.0,1
forward_start,1780281096.5658305,59,59,59,64,FULL,1780281096.5658305,1780281096.5660164,0.18596649169921875,decode,1,0,452712,0.18596649169921875,1.0,1
forward_start,1780281096.5785255,56,56,56,64,FULL,1780281096.5785255,1780281096.5787292,0.20360946655273438,decode,0,0,452715,0.0,0.0,0
forward_start,1780281096.578535,58,58,58,64,FULL,1780281096.578535,1780281096.57872,0.1850128173828125,decode,1,0,452712,0.0,0.0,0
forward_start,1780281096.5908427,57,57,57,64,FULL,1780281096.5908427,1780281096.591046,0.2033710479736328,decode,0,0,452715,0.0,0.0,0
forward_start,1780281096.5908675,56,56,56,64,FULL,1780281096.5908675,1780281096.5910547,0.18715858459472656,decode,1,0,452712,0.0,0.0,0
forward_start,1780281096.6030889,56,56,56,56,FULL,1780281096.6030889,1780281096.6033173,0.22840499877929688,decode,0,0,452715,0.0,0.0,0
forward_start,1780281096.603096,56,56,56,56,FULL,1780281096.603096,1780281096.6032865,0.19049644470214844,decode,1,0,452712,0.0,0.0,0
forward_start,1780281096.6156185,56,56,56,56,FULL,1780281096.6156185,1780281096.6158261,0.20766258239746094,decode,0,0,452715,0.0,0.0,0
forward_start,1780281096.6205087,56,56,56,56,FULL,1780281096.6205087,1780281096.6207252,0.21648406982421875,decode,1,0,452712,0.21648406982421875,1.0,1
forward_start,1780281096.6277127,56,56,56,56,FULL,1780281096.6277127,1780281096.627915,0.202178955078125,decode,0,0,452715,0.202178955078125,1.0,1
forward_start,1780281096.6277575,56,56,56,56,FULL,1780281096.6277575,1780281096.6279538,0.19621849060058594,decode,1,0,452712,0.19621849060058594,1.0,1
forward_start,1780281096.6402357,56,56,56,56,FULL,1780281096.6402357,1780281096.6404603,0.22459030151367188,decode,0,0,452715,0.22459030151367188,1.0,1
forward_start,1780281096.6402822,56,56,56,56,FULL,1780281096.6402822,1780281096.6404922,0.21004676818847656,decode,1,0,452712,0.21004676818847656,1.0,1
forward_start,1780281096.6523862,56,56,56,56,FULL,1780281096.6523862,1780281096.6526074,0.22125244140625,decode,0,0,452715,0.0,0.0,0
forward_start,1780281096.6524894,56,56,56,56,FULL,1780281096.6524894,1780281096.6526754,0.18596649169921875,decode,1,0,452712,0.0,0.0,0
forward_start,1780281096.6651375,56,56,56,64,FULL,1780281096.6651375,1780281096.6653566,0.21910667419433594,decode,0,0,452715,0.0,0.0,0
forward_start,1780281096.6651947,57,57,57,64,FULL,1780281096.6651947,1780281096.6654022,0.20742416381835938,decode,1,0,452712,0.0,0.0,0
forward_start,1780281096.677111,56,56,56,56,FULL,1780281096.677111,1780281096.6773117,0.20074844360351562,decode,0,0,452715,0.0,0.0,0
forward_start,1780281096.6771424,56,56,56,56,FULL,1780281096.6771424,1780281096.6773317,0.18930435180664062,decode,1,0,452712,0.0,0.0,0
forward_start,1780281096.6898015,56,56,56,56,FULL,1780281096.6898015,1780281096.6900172,0.21576881408691406,decode,1,0,452712,0.0,0.0,0
forward_start,1780281096.696299,56,56,56,56,FULL,1780281096.696299,1780281096.696548,0.24890899658203125,decode,0,0,452715,0.24890899658203125,1.0,1
forward_start,1780281096.7020047,55,55,55,56,FULL,1780281096.7020047,1780281096.702195,0.19025802612304688,decode,1,0,452712,0.19025802612304688,1.0,1
forward_start,1780281096.726505,55,55,55,56,FULL,1780281096.726505,1780281096.7266924,0.18739700317382812,decode,0,0,452715,0.37479400634765625,2.0,2
forward_start,1780281096.7298515,55,55,55,56,FULL,1780281096.7298515,1780281096.7300425,0.19097328186035156,decode,1,0,452712,0.19097328186035156,1.0,1
forward_start,1780281096.7299142,55,55,55,56,FULL,1780281096.7299142,1780281096.7301345,0.22029876708984375,decode,0,0,452715,0.22029876708984375,1.0,1
forward_start,1780281096.7429898,55,55,55,56,FULL,1780281096.7429898,1780281096.7432106,0.22077560424804688,decode,1,0,452712,0.6623268127441406,3.0,3
forward_start,1780281096.7431736,56,56,56,56,FULL,1780281096.7431736,1780281096.7434182,0.24461746215820312,decode,0,0,452715,0.7338523864746094,3.0,3
forward_start,1780281096.7536848,55,55,55,56,FULL,1780281096.7536848,1780281096.7538922,0.20742416381835938,decode,0,0,452715,0.41484832763671875,2.0,2
forward_start,1780281096.7536955,55,55,55,56,FULL,1780281096.7536955,1780281096.753885,0.1895427703857422,decode,1,0,452712,0.3790855407714844,2.0,2
forward_start,1780281096.7705452,56,56,56,56,FULL,1780281096.7705452,1780281096.7708025,0.25725364685058594,decode,0,0,452715,0.5145072937011719,2.0,2
forward_start,1780281096.7706778,55,55,55,56,FULL,1780281096.7706778,1780281096.770899,0.22125244140625,decode,1,0,452712,0.4425048828125,2.0,2
forward_start,1780281096.7784197,57,57,57,64,FULL,1780281096.7784197,1780281096.778641,0.22125244140625,decode,0,0,452715,0.5319118499755859,2.404094827586207,3
forward_start,1780281096.778962,56,56,56,64,FULL,1780281096.778962,1780281096.7791667,0.2048015594482422,decode,1,0,452712,0.6144046783447266,3.0,3
forward_start,1780281096.7904005,57,57,57,64,FULL,1780281096.7904005,1780281096.7905962,0.1957416534423828,decode,0,0,452715,0.5872249603271484,3.0,3
forward_start,1780281096.7904732,56,56,56,64,FULL,1780281096.7904732,1780281096.7906613,0.1881122589111328,decode,1,0,452712,0.5297660827636719,2.8162230671736377,3
forward_start,1780281096.8029177,57,57,57,64,FULL,1780281096.8029177,1780281096.8031173,0.1995563507080078,decode,0,0,452715,0.0,0.0,0
forward_start,1780281096.8029592,56,56,56,64,FULL,1780281096.8029592,1780281096.803148,0.1888275146484375,decode,1,0,452712,0.0,0.0,0
forward_start,1780281096.815576,58,58,58,64,FULL,1780281096.815576,1780281096.8157778,0.20170211791992188,decode,0,0,452715,0.0,0.0,0
forward_start,1780281096.815599,58,58,58,64,FULL,1780281096.815599,1780281096.815789,0.1900196075439453,decode,1,0,452712,0.0,0.0,0
forward_start,1780281096.8278134,58,58,58,64,FULL,1780281096.8278134,1780281096.828002,0.18858909606933594,decode,1,0,452712,0.0,0.0,0
forward_start,1780281096.827836,58,58,58,64,FULL,1780281096.827836,1780281096.8280344,0.1983642578125,decode,0,0,452715,0.0,0.0,0
forward_start,1780281096.8401837,57,57,57,64,FULL,1780281096.8401837,1780281096.8404071,0.22339820861816406,decode,0,0,452715,0.0,0.0,0
forward_start,1780281096.840197,58,58,58,64,FULL,1780281096.840197,1780281096.8404272,0.2300739288330078,decode,1,0,452712,0.0,0.0,0
forward_start,1780281096.8528278,57,57,57,64,FULL,1780281096.8528278,1780281096.8530245,0.19669532775878906,decode,0,0,452715,0.0,0.0,0
forward_start,1780281096.8528423,58,58,58,64,FULL,1780281096.8528423,1780281096.8530288,0.18644332885742188,decode,1,0,452712,0.0,0.0,0
forward_start,1780281096.8651712,57,57,57,64,FULL,1780281096.8651712,1780281096.8653948,0.22363662719726562,decode,0,0,452715,0.0,0.0,0
forward_start,1780281096.8651793,57,57,57,64,FULL,1780281096.8651793,1780281096.8653893,0.21004676818847656,decode,1,0,452712,0.0,0.0,0
forward_start,1780281096.8778915,57,57,57,64,FULL,1780281096.8778915,1780281096.8780904,0.19884109497070312,decode,0,0,452715,0.0,0.0,0
forward_start,1780281096.8779073,57,57,57,64,FULL,1780281096.8779073,1780281096.878093,0.1857280731201172,decode,1,0,452712,0.0,0.0,0
forward_start,1780281096.8899734,57,57,57,64,FULL,1780281096.8899734,1780281096.8901732,0.19979476928710938,decode,0,0,452715,0.0,0.0,0
forward_start,1780281096.8899806,57,57,57,64,FULL,1780281096.8899806,1780281096.890197,0.21648406982421875,decode,1,0,452712,0.0,0.0,0
forward_start,1780281096.902532,56,56,56,64,FULL,1780281096.902532,1780281096.9027307,0.19860267639160156,decode,0,0,452715,0.0,0.0,0
forward_start,1780281096.9025466,57,57,57,64,FULL,1780281096.9025466,1780281096.9027355,0.1888275146484375,decode,1,0,452712,0.0,0.0,0
forward_start,1780281096.9148476,56,56,56,64,FULL,1780281096.9148476,1780281096.9150639,0.2162456512451172,decode,0,0,452715,0.0,0.0,0
forward_start,1780281096.9148908,57,57,57,64,FULL,1780281096.9148908,1780281096.9150817,0.19097328186035156,decode,1,0,452712,0.0,0.0,0
forward_start,1780281096.9274545,56,56,56,56,FULL,1780281096.9274545,1780281096.9276626,0.20813941955566406,decode,0,0,452715,0.0,0.0,0
forward_start,1780281096.9274786,56,56,56,56,FULL,1780281096.9274786,1780281096.927666,0.18739700317382812,decode,1,0,452712,0.0,0.0,0
forward_start,1780281096.9403615,56,56,56,56,FULL,1780281096.9403615,1780281096.9405599,0.1983642578125,decode,0,0,452715,0.0,0.0,0
forward_start,1780281096.9403753,56,56,56,56,FULL,1780281096.9403753,1780281096.9405634,0.1881122589111328,decode,1,0,452712,0.0,0.0,0
forward_start,1780281096.9521997,56,56,56,56,FULL,1780281096.9521997,1780281096.9524233,0.22363662719726562,decode,0,0,452715,0.0,0.0,0
forward_start,1780281096.9522622,56,56,56,56,FULL,1780281096.9522622,1780281096.9524674,0.2052783966064453,decode,1,0,452712,0.0,0.0,0
forward_start,1780281096.964304,56,56,56,56,FULL,1780281096.964304,1780281096.9645288,0.22482872009277344,decode,0,0,452715,0.0,0.0,0
forward_start,1780281096.9643521,56,56,56,56,FULL,1780281096.9643521,1780281096.9645414,0.18930435180664062,decode,1,0,452712,0.0,0.0,0
forward_start,1780281096.9764078,56,56,56,56,FULL,1780281096.9764078,1780281096.9766607,0.2529621124267578,decode,0,0,452715,0.0,0.0,0
forward_start,1780281096.976462,56,56,56,56,FULL,1780281096.976462,1780281096.9766505,0.18858909606933594,decode,1,0,452712,0.0,0.0,0
forward_start,1780281096.9889514,56,56,56,56,FULL,1780281096.9889514,1780281096.9891372,0.1857280731201172,decode,1,0,452712,0.0,0.0,0
forward_start,1780281097.0134258,56,56,56,56,FULL,1780281097.0134258,1780281097.0136724,0.24652481079101562,decode,0,0,452715,0.24652481079101562,1.0,1
forward_start,1780281097.016717,56,56,56,56,FULL,1780281097.016717,1780281097.0169063,0.18930435180664062,decode,1,0,452712,0.18930435180664062,1.0,1
forward_start,1780281097.0167499,56,56,56,56,FULL,1780281097.0167499,1780281097.016974,0.22411346435546875,decode,0,0,452715,0.22411346435546875,1.0,1
forward_start,1780281097.0281556,56,56,56,56,FULL,1780281097.0281556,1780281097.0283298,0.1742839813232422,decode,1,0,452712,0.1742839813232422,1.0,1
forward_start,1780281097.028256,55,55,55,56,FULL,1780281097.028256,1780281097.028491,0.23508071899414062,decode,0,0,452715,0.23508071899414062,1.0,1
forward_start,1780281097.0403776,56,56,56,56,FULL,1780281097.0403776,1780281097.0405703,0.1926422119140625,decode,1,0,452712,0.0,0.0,0
forward_start,1780281097.0403888,55,55,55,56,FULL,1780281097.0403888,1780281097.0406032,0.2143383026123047,decode,0,0,452715,0.0,0.0,0
forward_start,1780281097.0529006,56,56,56,56,FULL,1780281097.0529006,1780281097.053115,0.2143383026123047,decode,0,0,452715,0.0,0.0,0
forward_start,1780281097.0529172,56,56,56,56,FULL,1780281097.0529172,1780281097.0531058,0.18858909606933594,decode,1,0,452712,0.0,0.0,0
forward_start,1780281097.065034,56,56,56,56,FULL,1780281097.065034,1780281097.065235,0.2009868621826172,decode,0,0,452715,0.0,0.0,0
forward_start,1780281097.0719051,56,56,56,56,FULL,1780281097.0719051,1780281097.0721269,0.22172927856445312,decode,1,0,452712,0.22172927856445312,1.0,1
forward_start,1780281097.0771434,56,56,56,56,FULL,1780281097.0771434,1780281097.0773845,0.2410411834716797,decode,0,0,452715,0.2410411834716797,1.0,1
forward_start,1780281097.0771725,56,56,56,56,FULL,1780281097.0771725,1780281097.0773978,0.22530555725097656,decode,1,0,452712,0.22530555725097656,1.0,1
forward_start,1780281097.0895364,56,56,56,56,FULL,1780281097.0895364,1780281097.0897667,0.23031234741210938,decode,0,0,452715,0.23031234741210938,1.0,1
forward_start,1780281097.0895588,56,56,56,56,FULL,1780281097.0895588,1780281097.089746,0.18715858459472656,decode,1,0,452712,0.18715858459472656,1.0,1
forward_start,1780281097.1016252,56,56,56,56,FULL,1780281097.1016252,1780281097.101818,0.19288063049316406,decode,0,0,452715,0.0,0.0,0
forward_start,1780281097.1017158,56,56,56,56,FULL,1780281097.1017158,1780281097.1018968,0.18095970153808594,decode,1,0,452712,0.0,0.0,0
forward_start,1780281097.1141584,56,56,56,64,FULL,1780281097.1141584,1780281097.1143825,0.22411346435546875,decode,0,0,452715,0.0,0.0,0
forward_start,1780281097.1141999,57,57,57,64,FULL,1780281097.1141999,1780281097.1144085,0.2086162567138672,decode,1,0,452712,0.0,0.0,0
forward_start,1780281097.126223,56,56,56,64,FULL,1780281097.126223,1780281097.1264603,0.2372264862060547,decode,0,0,452715,0.0,0.0,0
forward_start,1780281097.1262553,57,57,57,64,FULL,1780281097.1262553,1780281097.1264658,0.2105236053466797,decode,1,0,452712,0.0,0.0,0
forward_start,1780281097.1388745,57,57,57,64,FULL,1780281097.1388745,1780281097.139062,0.18739700317382812,decode,1,0,452712,0.0,0.0,0
forward_start,1780281097.1439135,56,56,56,64,FULL,1780281097.1439135,1780281097.144152,0.2384185791015625,decode,0,0,452715,0.2384185791015625,1.0,1
forward_start,1780281097.1511638,56,56,56,64,FULL,1780281097.1511638,1780281097.151407,0.24318695068359375,decode,0,0,452715,0.24318695068359375,1.0,1
forward_start,1780281097.1552858,57,57,57,64,FULL,1780281097.1552858,1780281097.1555116,0.2257823944091797,decode,1,0,452712,0.4515647888183594,2.0,2
forward_start,1780281097.1636178,56,56,56,64,FULL,1780281097.1636178,1780281097.1638203,0.20241737365722656,decode,0,0,452715,0.4048347473144531,2.0,2
forward_start,1780281097.1636546,57,57,57,64,FULL,1780281097.1636546,1780281097.1638405,0.18596649169921875,decode,1,0,452712,0.3719329833984375,2.0,2
forward_start,1780281097.176237,57,57,57,64,FULL,1780281097.176237,1780281097.1764393,0.202178955078125,decode,1,0,452712,0.0,0.0,0
forward_start,1780281097.180154,56,56,56,64,FULL,1780281097.180154,1780281097.1804042,0.25010108947753906,decode,0,0,452715,0.25010108947753906,1.0,1
forward_start,1780281097.1889389,58,58,58,64,FULL,1780281097.1889389,1780281097.189118,0.17905235290527344,decode,1,0,452712,0.17905235290527344,1.0,1
forward_start,1780281097.1889417,57,57,57,64,FULL,1780281097.1889417,1780281097.1891441,0.20241737365722656,decode,0,0,452715,0.20241737365722656,1.0,1
forward_start,1780281097.2008867,57,57,57,64,FULL,1780281097.2008867,1780281097.2010756,0.1888275146484375,decode,0,0,452715,0.0,0.0,0
forward_start,1780281097.2009418,58,58,58,64,FULL,1780281097.2009418,1780281097.2011247,0.18286705017089844,decode,1,0,452712,0.0,0.0,0
forward_start,1780281097.2136447,58,58,58,64,FULL,1780281097.2136447,1780281097.2138345,0.18978118896484375,decode,0,0,452715,0.0,0.0,0
forward_start,1780281097.2137272,58,58,58,64,FULL,1780281097.2137272,1780281097.21391,0.18286705017089844,decode,1,0,452712,0.0,0.0,0
forward_start,1780281097.2260125,58,58,58,64,FULL,1780281097.2260125,1780281097.2262573,0.2448558807373047,decode,0,0,452715,0.0,0.0,0
forward_start,1780281097.2260408,58,58,58,64,FULL,1780281097.2260408,1780281097.226224,0.18310546875,decode,1,0,452712,0.0,0.0,0
forward_start,1780281097.2386568,58,58,58,64,FULL,1780281097.2386568,1780281097.2388568,0.20003318786621094,decode,0,0,452715,0.0,0.0,0
forward_start,1780281097.238692,58,58,58,64,FULL,1780281097.238692,1780281097.238877,0.1850128173828125,decode,1,0,452712,0.0,0.0,0
forward_start,1780281097.251095,58,58,58,64,FULL,1780281097.251095,1780281097.251295,0.20003318786621094,decode,0,0,452715,0.0,0.0,0
forward_start,1780281097.271273,58,58,58,64,FULL,1780281097.271273,1780281097.2714682,0.1952648162841797,decode,1,0,452712,0.1952648162841797,1.0,1
forward_start,1780281097.27437,58,58,58,64,FULL,1780281097.27437,1780281097.2745721,0.202178955078125,decode,1,0,452712,0.2646446228027344,1.3089622641509433,2
forward_start,1780281097.2766101,58,58,58,64,FULL,1780281097.2766101,1780281097.2768276,0.217437744140625,decode,0,0,452715,0.43487548828125,2.0,2
forward_start,1780281097.2903705,57,57,57,64,FULL,1780281097.2903705,1780281097.2905872,0.2167224884033203,decode,1,0,452712,0.8668899536132812,4.0,4
forward_start,1780281097.2930102,58,58,58,64,FULL,1780281097.2930102,1780281097.2932312,0.22101402282714844,decode,0,0,452715,0.6630420684814453,3.0,3
forward_start,1780281097.298793,58,58,58,64,FULL,1780281097.298793,1780281097.2990456,0.2524852752685547,decode,0,0,452715,0.5049705505371094,2.0,2
forward_start,1780281097.2988331,57,57,57,64,FULL,1780281097.2988331,1780281097.2990186,0.18548965454101562,decode,1,0,452712,0.37097930908203125,2.0,2
forward_start,1780281097.3112192,59,59,59,64,FULL,1780281097.3112192,1780281097.3114607,0.2415180206298828,decode,0,0,452715,0.0,0.0,0
forward_start,1780281097.3112326,58,58,58,64,FULL,1780281097.3112326,1780281097.3114417,0.2090930938720703,decode,1,0,452712,0.0,0.0,0
forward_start,1780281097.3240745,60,60,60,64,FULL,1780281097.3240745,1780281097.3242714,0.19693374633789062,decode,0,0,452715,0.0,0.0,0
forward_start,1780281097.3241208,58,58,58,64,FULL,1780281097.3241208,1780281097.3243055,0.18477439880371094,decode,1,0,452712,0.0,0.0,0
forward_start,1780281097.336124,60,60,60,64,FULL,1780281097.336124,1780281097.3363245,0.20051002502441406,decode,0,0,452715,0.0,0.0,0
forward_start,1780281097.3361392,58,58,58,64,FULL,1780281097.3361392,1780281097.3363216,0.1823902130126953,decode,1,0,452712,0.0,0.0,0
forward_start,1780281097.348681,60,60,60,64,FULL,1780281097.348681,1780281097.3488839,0.2028942108154297,decode,0,0,452715,0.0,0.0,0
forward_start,1780281097.3487172,58,58,58,64,FULL,1780281097.3487172,1780281097.3489034,0.1862049102783203,decode,1,0,452712,0.0,0.0,0
forward_start,1780281097.3667808,58,58,58,64,FULL,1780281097.3667808,1780281097.3669994,0.2186298370361328,decode,1,0,452712,0.4372596740722656,2.0,2
forward_start,1780281097.3995247,60,60,60,64,FULL,1780281097.3995247,1780281097.3997703,0.24557113647460938,decode,0,0,452715,0.7367134094238281,3.0,3
forward_start,1780281097.4028246,59,59,59,64,FULL,1780281097.4028246,1780281097.4030826,0.2579689025878906,decode,0,0,452715,0.7739067077636719,3.0,3
forward_start,1780281097.4030619,58,58,58,64,FULL,1780281097.4030619,1780281097.403246,0.18405914306640625,decode,1,0,452712,0.5521774291992188,3.0,3
forward_start,1780281097.4143615,59,59,59,64,FULL,1780281097.4143615,1780281097.414578,0.21648406982421875,decode,0,0,452715,0.4329681396484375,2.0,2
forward_start,1780281097.4143987,58,58,58,64,FULL,1780281097.4143987,1780281097.4145827,0.18405914306640625,decode,1,0,452712,0.3681182861328125,2.0,2
forward_start,1780281097.4270594,59,59,59,64,FULL,1780281097.4270594,1780281097.4272676,0.20813941955566406,decode,0,0,452715,0.0,0.0,0
forward_start,1780281097.4472103,59,59,59,64,FULL,1780281097.4472103,1780281097.4474084,0.19812583923339844,decode,1,0,452712,0.19812583923339844,1.0,1
forward_start,1780281097.4503584,59,59,59,64,FULL,1780281097.4503584,1780281097.4505498,0.1914501190185547,decode,1,0,452712,0.2906322479248047,1.518057285180573,2
forward_start,1780281097.4521544,61,61,61,64,FULL,1780281097.4521544,1780281097.4523957,0.24127960205078125,decode,0,0,452715,0.4825592041015625,2.0,2
forward_start,1780281097.4622288,59,59,59,64,FULL,1780281097.4622288,1780281097.462458,0.22912025451660156,decode,1,0,452712,0.4582405090332031,2.0,2
forward_start,1780281097.4622567,61,61,61,64,FULL,1780281097.4622567,1780281097.462491,0.23436546325683594,decode,0,0,452715,0.4687309265136719,2.0,2
forward_start,1780281097.4746764,61,61,61,64,FULL,1780281097.4746764,1780281097.4748783,0.20194053649902344,decode,0,0,452715,0.0,0.0,0
forward_start,1780281097.4747005,59,59,59,64,FULL,1780281097.4747005,1780281097.4749184,0.21791458129882812,decode,1,0,452712,0.0,0.0,0
forward_start,1780281097.487568,62,62,62,64,FULL,1780281097.487568,1780281097.4877856,0.21767616271972656,decode,0,0,452715,0.1659393310546875,0.7623220153340635,1
forward_start,1780281097.489231,60,60,60,64,FULL,1780281097.489231,1780281097.4894822,0.2510547637939453,decode,1,0,452712,0.2510547637939453,1.0,1
forward_start,1780281097.4995837,62,62,62,64,FULL,1780281097.4995837,1780281097.4997911,0.20742416381835938,decode,0,0,452715,0.20742416381835938,1.0,1
forward_start,1780281097.4996107,60,60,60,64,FULL,1780281097.4996107,1780281097.4998035,0.19288063049316406,decode,1,0,452712,0.19288063049316406,1.0,1
forward_start,1780281097.5121057,60,60,60,64,FULL,1780281097.5121057,1780281097.5122926,0.186920166015625,decode,1,0,452712,0.0,0.0,0
forward_start,1780281097.5121517,62,62,62,64,FULL,1780281097.5121517,1780281097.5123918,0.24008750915527344,decode,0,0,452715,0.0,0.0,0
forward_start,1780281097.5247276,62,62,62,64,FULL,1780281097.5247276,1780281097.5249517,0.22411346435546875,decode,0,0,452715,0.0,0.0,0
forward_start,1780281097.5247576,61,61,61,64,FULL,1780281097.5247576,1780281097.524972,0.2143383026123047,decode,1,0,452712,0.0,0.0,0
forward_start,1780281097.5371647,61,61,61,64,FULL,1780281097.5371647,1780281097.537394,0.22935867309570312,decode,0,0,452715,0.0,0.0,0
forward_start,1780281097.5372057,61,61,61,64,FULL,1780281097.5372057,1780281097.5374126,0.20694732666015625,decode,1,0,452712,0.0,0.0,0
forward_start,1780281097.5493143,61,61,61,64,FULL,1780281097.5493143,1780281097.5495417,0.22745132446289062,decode,0,0,452715,0.0,0.0,0
forward_start,1780281097.5494256,61,61,61,64,FULL,1780281097.5494256,1780281097.5496466,0.22101402282714844,decode,1,0,452712,0.0,0.0,0
forward_start,1780281097.5621266,60,60,60,64,FULL,1780281097.5621266,1780281097.5623257,0.1990795135498047,decode,0,0,452715,0.0,0.0,0
forward_start,1780281097.5622056,61,61,61,64,FULL,1780281097.5622056,1780281097.562438,0.23245811462402344,decode,1,0,452712,0.0,0.0,0
forward_start,1780281097.5748155,60,60,60,64,FULL,1780281097.5748155,1780281097.5750182,0.20265579223632812,decode,0,0,452715,0.0,0.0,0
forward_start,1780281097.574841,61,61,61,64,FULL,1780281097.574841,1780281097.57506,0.21886825561523438,decode,1,0,452712,0.0,0.0,0
forward_start,1780281097.5870605,60,60,60,64,FULL,1780281097.5870605,1780281097.5872579,0.19741058349609375,decode,0,0,452715,0.0,0.0,0
forward_start,1780281097.5870717,61,61,61,64,FULL,1780281097.5870717,1780281097.5872908,0.21910667419433594,decode,1,0,452712,0.0,0.0,0
forward_start,1780281097.6011648,61,61,61,64,FULL,1780281097.6011648,1780281097.6014137,0.24890899658203125,decode,1,0,452712,0.4978179931640625,2.0,2
forward_start,1780281097.6072345,60,60,60,64,FULL,1780281097.6072345,1780281097.6075535,0.3190040588378906,decode,0,0,452715,0.6380081176757812,2.0,2
forward_start,1780281097.612044,60,60,60,64,FULL,1780281097.612044,1780281097.6122434,0.19931793212890625,decode,0,0,452715,0.3986358642578125,2.0,2
forward_start,1780281097.6120718,61,61,61,64,FULL,1780281097.6120718,1780281097.612262,0.19025802612304688,decode,1,0,452712,0.38051605224609375,2.0,2
forward_start,1780281097.624422,60,60,60,64,FULL,1780281097.624422,1780281097.6246526,0.23055076599121094,decode,0,0,452715,0.0,0.0,0
forward_start,1780281097.624468,61,61,61,64,FULL,1780281097.624468,1780281097.624678,0.209808349609375,decode,1,0,452712,0.0,0.0,0
forward_start,1780281097.6371148,61,61,61,64,FULL,1780281097.6371148,1780281097.637314,0.19931793212890625,decode,0,0,452715,0.0,0.0,0
forward_start,1780281097.6371572,62,62,62,64,FULL,1780281097.6371572,1780281097.6373675,0.21028518676757812,decode,1,0,452712,0.0,0.0,0
forward_start,1780281097.6492105,61,61,61,64,FULL,1780281097.6492105,1780281097.6494489,0.2384185791015625,decode,0,0,452715,0.0,0.0,0
forward_start,1780281097.649262,62,62,62,64,FULL,1780281097.649262,1780281097.6494713,0.20933151245117188,decode,1,0,452712,0.0,0.0,0
forward_start,1780281097.6618996,60,60,60,64,FULL,1780281097.6618996,1780281097.6621153,0.21576881408691406,decode,1,0,452712,0.0,0.0,0
forward_start,1780281097.6685958,61,61,61,64,FULL,1780281097.6685958,1780281097.668832,0.23627281188964844,decode,0,0,452715,0.23627281188964844,1.0,1
forward_start,1780281097.6744583,61,61,61,64,FULL,1780281097.6744583,1780281097.6746686,0.21028518676757812,decode,0,0,452715,0.3292560577392578,1.5657596371882085,2
forward_start,1780281097.6750286,60,60,60,64,FULL,1780281097.6750286,1780281097.6752512,0.22268295288085938,decode,1,0,452712,0.22268295288085938,1.0,1
forward_start,1780281097.6871178,60,60,60,64,FULL,1780281097.6871178,1780281097.6873608,0.2429485321044922,decode,0,0,452715,0.2429485321044922,1.0,1
forward_start,1780281097.6871336,60,60,60,64,FULL,1780281097.6871336,1780281097.6873217,0.1881122589111328,decode,1,0,452712,0.1881122589111328,1.0,1
forward_start,1780281097.699683,60,60,60,64,FULL,1780281097.699683,1780281097.6998672,0.1842975616455078,decode,1,0,452712,0.0,0.0,0
forward_start,1780281097.7078474,61,61,61,64,FULL,1780281097.7078474,1780281097.7081597,0.3123283386230469,decode,0,0,452715,0.3123283386230469,1.0,1
forward_start,1780281097.711991,59,59,59,64,FULL,1780281097.711991,1780281097.7122,0.20885467529296875,decode,0,0,452715,0.20885467529296875,1.0,1
forward_start,1780281097.711997,61,61,61,64,FULL,1780281097.711997,1780281097.7122085,0.21147727966308594,decode,1,0,452712,0.21147727966308594,1.0,1
forward_start,1780281097.7274122,59,59,59,64,FULL,1780281097.7274122,1780281097.727655,0.24271011352539062,decode,0,0,452715,0.7281303405761719,3.0,3
forward_start,1780281097.727684,61,61,61,64,FULL,1780281097.727684,1780281097.727932,0.247955322265625,decode,1,0,452712,0.743865966796875,3.0,3
forward_start,1780281097.7373292,59,59,59,64,FULL,1780281097.7373292,1780281097.7375734,0.244140625,decode,0,0,452715,0.732421875,3.0,3
forward_start,1780281097.7374403,61,61,61,64,FULL,1780281097.7374403,1780281097.7376308,0.19049644470214844,decode,1,0,452712,0.5524158477783203,2.8998748435544432,3
forward_start,1780281097.7493048,61,61,61,64,FULL,1780281097.7493048,1780281097.749529,0.22411346435546875,decode,1,0,452712,0.10514259338378906,0.46914893617021275,1
forward_start,1780281097.749956,59,59,59,64,FULL,1780281097.749956,1780281097.750184,0.2281665802001953,decode,0,0,452715,0.2281665802001953,1.0,1
forward_start,1780281097.762208,63,63,63,64,FULL,1780281097.762208,1780281097.7624445,0.23651123046875,decode,1,0,452712,0.23651123046875,1.0,1
forward_start,1780281097.7622135,60,60,60,64,FULL,1780281097.7622135,1780281097.7624593,0.24580955505371094,decode,0,0,452715,0.24580955505371094,1.0,1
forward_start,1780281097.7741559,63,63,63,64,FULL,1780281097.7741559,1780281097.774366,0.21004676818847656,decode,1,0,452712,0.0,0.0,0
forward_start,1780281097.774173,60,60,60,64,FULL,1780281097.774173,1780281097.7744074,0.23436546325683594,decode,0,0,452715,0.0,0.0,0
forward_start,1780281097.787122,60,60,60,64,FULL,1780281097.787122,1780281097.7873278,0.20575523376464844,decode,0,0,452715,0.0,0.0,0
forward_start,1780281097.7871764,63,63,63,64,FULL,1780281097.7871764,1780281097.787415,0.23865699768066406,decode,1,0,452712,0.0,0.0,0
forward_start,1780281097.8000476,60,60,60,64,FULL,1780281097.8000476,1780281097.8002467,0.1990795135498047,decode,0,0,452715,0.0,0.0,0
forward_start,1780281097.800104,63,63,63,64,FULL,1780281097.800104,1780281097.800289,0.1850128173828125,decode,1,0,452712,0.0,0.0,0
forward_start,1780281097.81167,60,60,60,64,FULL,1780281097.81167,1780281097.81187,0.20003318786621094,decode,0,0,452715,0.0,0.0,0
forward_start,1780281097.8117154,62,62,62,64,FULL,1780281097.8117154,1780281097.8119016,0.1862049102783203,decode,1,0,452712,0.0,0.0,0
forward_start,1780281097.8239627,62,62,62,64,FULL,1780281097.8239627,1780281097.8241472,0.18453598022460938,decode,1,0,452712,0.060558319091796875,0.3281653746770026,1
forward_start,1780281097.826023,60,60,60,64,FULL,1780281097.826023,1780281097.8262565,0.2334117889404297,decode,0,0,452715,0.2334117889404297,1.0,1
forward_start,1780281097.836725,60,60,60,64,FULL,1780281097.836725,1780281097.8369322,0.2071857452392578,decode,0,0,452715,0.2071857452392578,1.0,1
forward_start,1780281097.8367324,62,62,62,64,FULL,1780281097.8367324,1780281097.8369203,0.18787384033203125,decode,1,0,452712,0.18787384033203125,1.0,1
forward_start,1780281097.8488867,62,62,62,64,FULL,1780281097.8488867,1780281097.8491032,0.21648406982421875,decode,1,0,452712,0.0,0.0,0
forward_start,1780281097.8488963,59,59,59,64,FULL,1780281097.8488963,1780281097.8490968,0.20051002502441406,decode,0,0,452715,0.0,0.0,0
forward_start,1780281097.8613343,60,60,60,64,FULL,1780281097.8613343,1780281097.8615627,0.22840499877929688,decode,0,0,452715,0.0,0.0,0
forward_start,1780281097.8613973,62,62,62,64,FULL,1780281097.8613973,1780281097.8615854,0.1881122589111328,decode,1,0,452712,0.0,0.0,0
forward_start,1780281097.8737125,60,60,60,64,FULL,1780281097.8737125,1780281097.873915,0.20241737365722656,decode,0,0,452715,0.0,0.0,0
forward_start,1780281097.8786726,62,62,62,64,FULL,1780281097.8786726,1780281097.8788948,0.22220611572265625,decode,1,0,452712,0.22220611572265625,1.0,1
forward_start,1780281097.8862293,60,60,60,64,FULL,1780281097.8862293,1780281097.8864691,0.23984909057617188,decode,0,0,452715,0.23984909057617188,1.0,1
forward_start,1780281097.8862724,62,62,62,64,FULL,1780281097.8862724,1780281097.8864858,0.21338462829589844,decode,1,0,452712,0.21338462829589844,1.0,1
forward_start,1780281097.8986354,62,62,62,64,FULL,1780281097.8986354,1780281097.8988242,0.1888275146484375,decode,1,0,452712,0.1888275146484375,1.0,1
forward_start,1780281097.8988411,60,60,60,64,FULL,1780281097.8988411,1780281097.8990445,0.2033710479736328,decode,0,0,452715,0.017642974853515625,0.08675263774912075,1
forward_start,1780281097.9115224,60,60,60,64,FULL,1780281097.9115224,1780281097.9117222,0.19979476928710938,decode,0,0,452715,0.0,0.0,0
forward_start,1780281097.9115546,61,61,61,64,FULL,1780281097.9115546,1780281097.9117618,0.2071857452392578,decode,1,0,452712,0.0,0.0,0
forward_start,1780281097.9242356,60,60,60,64,FULL,1780281097.9242356,1780281097.9244642,0.22864341735839844,decode,0,0,452715,0.0,0.0,0
forward_start,1780281097.9242773,62,62,62,64,FULL,1780281097.9242773,1780281097.924499,0.22172927856445312,decode,1,0,452712,0.0,0.0,0
forward_start,1780281097.9361033,60,60,60,64,FULL,1780281097.9361033,1780281097.9363053,0.20194053649902344,decode,0,0,452715,0.0,0.0,0
forward_start,1780281097.9361312,62,62,62,64,FULL,1780281097.9361312,1780281097.936313,0.18167495727539062,decode,1,0,452712,0.0,0.0,0
forward_start,1780281097.9484837,60,60,60,64,FULL,1780281097.9484837,1780281097.9486856,0.20194053649902344,decode,0,0,452715,0.0,0.0,0
forward_start,1780281097.9485245,62,62,62,64,FULL,1780281097.9485245,1780281097.9487493,0.22482872009277344,decode,1,0,452712,0.0,0.0,0
forward_start,1780281097.9611316,60,60,60,64,FULL,1780281097.9611316,1780281097.961333,0.2014636993408203,decode,0,0,452715,0.0,0.0,0
forward_start,1780281097.9611487,62,62,62,64,FULL,1780281097.9611487,1780281097.9613745,0.2257823944091797,decode,1,0,452712,0.0,0.0,0
forward_start,1780281097.9731984,60,60,60,64,FULL,1780281097.9731984,1780281097.973417,0.2186298370361328,decode,0,0,452715,0.0,0.0,0
forward_start,1780281097.973293,62,62,62,64,FULL,1780281097.973293,1780281097.9734943,0.20122528076171875,decode,1,0,452712,0.0,0.0,0
forward_start,1780281097.9860742,60,60,60,64,FULL,1780281097.9860742,1780281097.9862728,0.19860267639160156,decode,0,0,452715,0.0,0.0,0
forward_start,1780281097.9861364,61,61,61,64,FULL,1780281097.9861364,1780281097.986326,0.1895427703857422,decode,1,0,452712,0.0,0.0,0
forward_start,1780281097.9983525,60,60,60,64,FULL,1780281097.9983525,1780281097.998586,0.2334117889404297,decode,0,0,452715,0.0,0.0,0
forward_start,1780281097.9983964,61,61,61,64,FULL,1780281097.9983964,1780281097.9985836,0.18715858459472656,decode,1,0,452712,0.0,0.0,0
forward_start,1780281098.0109265,61,61,61,64,FULL,1780281098.0109265,1780281098.0111153,0.1888275146484375,decode,1,0,452712,0.0,0.0,0
forward_start,1780281098.021262,60,60,60,64,FULL,1780281098.021262,1780281098.0215774,0.3154277801513672,decode,0,0,452715,0.3154277801513672,1.0,1
forward_start,1780281098.0243943,61,61,61,64,FULL,1780281098.0243943,1780281098.0245876,0.1933574676513672,decode,1,0,452712,0.27632713317871094,1.4290998766954377,2
forward_start,1780281098.0395913,60,60,60,64,FULL,1780281098.0395913,1780281098.0397832,0.1919269561767578,decode,0,0,452715,0.3838539123535156,2.0,2
forward_start,1780281098.042717,61,61,61,64,FULL,1780281098.042717,1780281098.0429358,0.21886825561523438,decode,1,0,452712,0.21886825561523438,1.0,1
forward_start,1780281098.042729,60,60,60,64,FULL,1780281098.042729,1780281098.0429432,0.2143383026123047,decode,0,0,452715,0.2143383026123047,1.0,1
forward_start,1780281098.054581,61,61,61,64,FULL,1780281098.054581,1780281098.054794,0.21314620971679688,decode,0,0,452715,0.39267539978027344,1.842281879194631,2
forward_start,1780281098.056854,61,61,61,64,FULL,1780281098.056854,1780281098.0571084,0.2543926239013672,decode,1,0,452712,0.2543926239013672,1.0,1
forward_start,1780281098.0671299,61,61,61,64,FULL,1780281098.0671299,1780281098.067331,0.20122528076171875,decode,0,0,452715,0.20122528076171875,1.0,1
forward_start,1780281098.067157,61,61,61,64,FULL,1780281098.067157,1780281098.067359,0.20194053649902344,decode,1,0,452712,0.20194053649902344,1.0,1
forward_start,1780281098.0795736,62,62,62,64,FULL,1780281098.0795736,1780281098.079777,0.2033710479736328,decode,0,0,452715,0.0,0.0,0
forward_start,1780281098.0796003,61,61,61,64,FULL,1780281098.0796003,1780281098.0797875,0.18715858459472656,decode,1,0,452712,0.0,0.0,0
forward_start,1780281098.0919473,62,62,62,64,FULL,1780281098.0919473,1780281098.0921392,0.1919269561767578,decode,0,0,452715,0.0,0.0,0
forward_start,1780281098.092035,62,62,62,64,FULL,1780281098.092035,1780281098.092222,0.186920166015625,decode,1,0,452712,0.0,0.0,0
forward_start,1780281098.1041908,62,62,62,64,FULL,1780281098.1041908,1780281098.1044219,0.23102760314941406,decode,0,0,452715,0.0,0.0,0
forward_start,1780281098.1042309,62,62,62,64,FULL,1780281098.1042309,1780281098.1044376,0.2067089080810547,decode,1,0,452712,0.0,0.0,0
forward_start,1780281098.1168978,61,61,61,64,FULL,1780281098.1168978,1780281098.117125,0.22721290588378906,decode,0,0,452715,0.0,0.0,0
forward_start,1780281098.1169462,62,62,62,64,FULL,1780281098.1169462,1780281098.1171305,0.1842975616455078,decode,1,0,452712,0.0,0.0,0
forward_start,1780281098.12919,61,61,61,64,FULL,1780281098.12919,1780281098.129436,0.2460479736328125,decode,0,0,452715,0.0,0.0,0
forward_start,1780281098.1292436,62,62,62,64,FULL,1780281098.1292436,1780281098.1294515,0.2079010009765625,decode,1,0,452712,0.0,0.0,0
forward_start,1780281098.1418667,61,61,61,64,FULL,1780281098.1418667,1780281098.1420705,0.20384788513183594,decode,0,0,452715,0.06198883056640625,0.30409356725146197,1
forward_start,1780281098.1436229,62,62,62,64,FULL,1780281098.1436229,1780281098.1438653,0.24247169494628906,decode,1,0,452712,0.24247169494628906,1.0,1
forward_start,1780281098.1542096,62,62,62,64,FULL,1780281098.1542096,1780281098.154419,0.20933151245117188,decode,1,0,452712,0.20933151245117188,1.0,1
forward_start,1780281098.1542377,61,61,61,64,FULL,1780281098.1542377,1780281098.154506,0.2682209014892578,decode,0,0,452715,0.2148151397705078,0.8008888888888889,1
forward_start,1780281098.1668823,61,61,61,64,FULL,1780281098.1668823,1780281098.1670873,0.20503997802734375,decode,0,0,452715,0.0,0.0,0
forward_start,1780281098.1668987,62,62,62,64,FULL,1780281098.1668987,1780281098.1670854,0.18668174743652344,decode,1,0,452712,0.0,0.0,0
forward_start,1780281098.1791794,61,61,61,64,FULL,1780281098.1791794,1780281098.1794038,0.2243518829345703,decode,0,0,452715,0.0,0.0,0
forward_start,1780281098.1792018,63,63,63,64,FULL,1780281098.1792018,1780281098.1794105,0.2086162567138672,decode,1,0,452712,0.0,0.0,0
forward_start,1780281098.1917505,61,61,61,64,FULL,1780281098.1917505,1780281098.1919506,0.20003318786621094,decode,0,0,452715,0.0,0.0,0
forward_start,1780281098.1917808,63,63,63,64,FULL,1780281098.1917808,1780281098.191966,0.18525123596191406,decode,1,0,452712,0.0,0.0,0
forward_start,1780281098.2045057,61,61,61,64,FULL,1780281098.2045057,1780281098.2047107,0.20503997802734375,decode,0,0,452715,0.0,0.0,0
forward_start,1780281098.2045376,63,63,63,64,FULL,1780281098.2045376,1780281098.2047236,0.18596649169921875,decode,1,0,452712,0.0,0.0,0
forward_start,1780281098.216679,61,61,61,64,FULL,1780281098.216679,1780281098.216879,0.19979476928710938,decode,0,0,452715,0.0,0.0,0
forward_start,1780281098.2167246,63,63,63,64,FULL,1780281098.2167246,1780281098.2169113,0.18668174743652344,decode,1,0,452712,0.0,0.0,0
forward_start,1780281098.229027,61,61,61,64,FULL,1780281098.229027,1780281098.2292295,0.20241737365722656,decode,0,0,452715,0.0,0.0,0
forward_start,1780281098.2290518,63,63,63,64,FULL,1780281098.2290518,1780281098.2292368,0.1850128173828125,decode,1,0,452712,0.0,0.0,0
forward_start,1780281098.2415543,61,61,61,64,FULL,1780281098.2415543,1780281098.2417552,0.2009868621826172,decode,0,0,452715,0.0,0.0,0
forward_start,1780281098.2416062,63,63,63,64,FULL,1780281098.2416062,1780281098.2417924,0.1862049102783203,decode,1,0,452712,0.0,0.0,0
forward_start,1780281098.2538857,63,63,63,64,FULL,1780281098.2538857,1780281098.2540696,0.1838207244873047,decode,1,0,452712,0.09799003601074219,0.5330739299610895,1
forward_start,1780281098.2614796,61,61,61,64,FULL,1780281098.2614796,1780281098.261705,0.22530555725097656,decode,0,0,452715,0.22530555725097656,1.0,1
forward_start,1780281098.2665327,61,61,61,64,FULL,1780281098.2665327,1780281098.2667665,0.2338886260986328,decode,0,0,452715,0.4017353057861328,1.7176350662589195,2
forward_start,1780281098.268165,63,63,63,64,FULL,1780281098.268165,1780281098.2684205,0.25534629821777344,decode,1,0,452712,0.5106925964355469,2.0,2
forward_start,1780281098.278652,61,61,61,64,FULL,1780281098.278652,1780281098.2788532,0.20122528076171875,decode,0,0,452715,0.4024505615234375,2.0,2
forward_start,1780281098.2786677,63,63,63,64,FULL,1780281098.2786677,1780281098.2788548,0.18715858459472656,decode,1,0,452712,0.3743171691894531,2.0,2
forward_start,1780281098.2912316,61,61,61,64,FULL,1780281098.2912316,1780281098.2914724,0.24080276489257812,decode,0,0,452715,0.0,0.0,0
forward_start,1780281098.2945719,63,63,63,64,FULL,1780281098.2945719,1780281098.2948158,0.24390220642089844,decode,1,0,452712,0.24390220642089844,1.0,1
forward_start,1780281098.303732,62,62,62,64,FULL,1780281098.303732,1780281098.3039324,0.20051002502441406,decode,0,0,452715,0.20051002502441406,1.0,1
forward_start,1780281098.3037364,64,64,64,64,FULL,1780281098.3037364,1780281098.303925,0.18858909606933594,decode,1,0,452712,0.18858909606933594,1.0,1
forward_start,1780281098.3159757,64,64,64,64,FULL,1780281098.3159757,1780281098.3161638,0.1881122589111328,decode,1,0,452712,0.11014938354492188,0.5855513307984791,1
forward_start,1780281098.3197799,62,62,62,64,FULL,1780281098.3197799,1780281098.3200076,0.2276897430419922,decode,0,0,452715,0.2276897430419922,1.0,1
forward_start,1780281098.3283362,62,62,62,72,FULL,1780281098.3283362,1780281098.328747,0.4107952117919922,decode,0,0,452715,0.4107952117919922,1.0,1
forward_start,1780281098.3284092,65,65,65,72,FULL,1780281098.3284092,1780281098.328707,0.29778480529785156,decode,1,0,452712,0.29778480529785156,1.0,1
forward_start,1780281098.340805,62,62,62,72,FULL,1780281098.340805,1780281098.3411481,0.34308433532714844,decode,0,0,452715,0.0,0.0,0
forward_start,1780281098.3409154,65,65,65,72,FULL,1780281098.3409154,1780281098.3411677,0.2522468566894531,decode,1,0,452712,0.0,0.0,0
forward_start,1780281098.3537486,63,63,63,72,FULL,1780281098.3537486,1780281098.353963,0.2143383026123047,decode,0,0,452715,0.0,0.0,0
forward_start,1780281098.3538342,65,65,65,72,FULL,1780281098.3538342,1780281098.3540277,0.19359588623046875,decode,1,0,452712,0.0,0.0,0
forward_start,1780281098.3664587,63,63,63,72,FULL,1780281098.3664587,1780281098.366679,0.22029876708984375,decode,0,0,452715,0.0,0.0,0
forward_start,1780281098.3665426,65,65,65,72,FULL,1780281098.3665426,1780281098.3667288,0.1862049102783203,decode,1,0,452712,0.0,0.0,0
forward_start,1780281098.379008,63,63,63,72,FULL,1780281098.379008,1780281098.3792071,0.1990795135498047,decode,0,0,452715,0.0,0.0,0
forward_start,1780281098.379073,65,65,65,72,FULL,1780281098.379073,1780281098.379257,0.18405914306640625,decode,1,0,452712,0.0,0.0,0
forward_start,1780281098.3921132,62,62,62,72,FULL,1780281098.3921132,1780281098.3923128,0.1995563507080078,decode,0,0,452715,0.0,0.0,0
forward_start,1780281098.3921983,65,65,65,72,FULL,1780281098.3921983,1780281098.3924043,0.20599365234375,decode,1,0,452712,0.0,0.0,0
forward_start,1780281098.404519,62,62,62,64,FULL,1780281098.404519,1780281098.4047048,0.1857280731201172,decode,0,0,452715,0.0,0.0,0
forward_start,1780281098.4045637,64,64,64,64,FULL,1780281098.4045637,1780281098.4047472,0.18358230590820312,decode,1,0,452712,0.0,0.0,0
forward_start,1780281098.4176028,64,64,64,64,FULL,1780281098.4176028,1780281098.417784,0.1811981201171875,decode,1,0,452712,0.0,0.0,0
forward_start,1780281098.4176033,61,61,61,64,FULL,1780281098.4176033,1780281098.4178026,0.19931793212890625,decode,0,0,452715,0.0,0.0,0
forward_start,1780281098.4298437,61,61,61,64,FULL,1780281098.4298437,1780281098.4300454,0.20170211791992188,decode,0,0,452715,0.0,0.0,0
forward_start,1780281098.429859,63,63,63,64,FULL,1780281098.429859,1780281098.4300423,0.18334388732910156,decode,1,0,452712,0.0,0.0,0
forward_start,1780281098.4423103,61,61,61,64,FULL,1780281098.4423103,1780281098.4425771,0.26679039001464844,decode,0,0,452715,0.0,0.0,0
forward_start,1780281098.4423854,63,63,63,64,FULL,1780281098.4423854,1780281098.4425728,0.18739700317382812,decode,1,0,452712,0.0,0.0,0
forward_start,1780281098.4546075,60,60,60,64,FULL,1780281098.4546075,1780281098.4548097,0.202178955078125,decode,0,0,452715,0.0,0.0,0
forward_start,1780281098.4546273,63,63,63,64,FULL,1780281098.4546273,1780281098.454812,0.18477439880371094,decode,1,0,452712,0.0,0.0,0
forward_start,1780281098.4670653,60,60,60,64,FULL,1780281098.4670653,1780281098.4672616,0.19621849060058594,decode,0,0,452715,0.0,0.0,0
forward_start,1780281098.4670987,63,63,63,64,FULL,1780281098.4670987,1780281098.4672844,0.1857280731201172,decode,1,0,452712,0.0,0.0,0
forward_start,1780281098.479562,60,60,60,64,FULL,1780281098.479562,1780281098.4797676,0.20551681518554688,decode,0,0,452715,0.016927719116210938,0.08236658932714618,1
forward_start,1780281098.481288,63,63,63,64,FULL,1780281098.481288,1780281098.4815366,0.2486705780029297,decode,1,0,452712,0.2486705780029297,1.0,1
forward_start,1780281098.492575,62,62,62,64,FULL,1780281098.492575,1780281098.4927619,0.186920166015625,decode,1,0,452712,0.186920166015625,1.0,1
forward_start,1780281098.4926014,59,59,59,64,FULL,1780281098.4926014,1780281098.4928143,0.2129077911376953,decode,0,0,452715,0.19812583923339844,0.9305711086226204,1
forward_start,1780281098.5046616,59,59,59,64,FULL,1780281098.5046616,1780281098.5048625,0.2009868621826172,decode,0,0,452715,0.0,0.0,0
forward_start,1780281098.5047073,62,62,62,64,FULL,1780281098.5047073,1780281098.5048926,0.18525123596191406,decode,1,0,452712,0.0,0.0,0
forward_start,1780281098.5173059,59,59,59,64,FULL,1780281098.5173059,1780281098.5175476,0.24175643920898438,decode,0,0,452715,0.0,0.0,0
forward_start,1780281098.5173593,63,63,63,64,FULL,1780281098.5173593,1780281098.5175452,0.18596649169921875,decode,1,0,452712,0.0,0.0,0
forward_start,1780281098.529277,59,59,59,64,FULL,1780281098.529277,1780281098.5295215,0.24437904357910156,decode,0,0,452715,0.0,0.0,0
forward_start,1780281098.5293279,63,63,63,64,FULL,1780281098.5293279,1780281098.5295362,0.20837783813476562,decode,1,0,452712,0.0,0.0,0
forward_start,1780281098.5420833,63,63,63,64,FULL,1780281098.5420833,1780281098.5422733,0.1900196075439453,decode,1,0,452712,0.1347064971923828,0.7089084065244667,1
forward_start,1780281098.554427,59,59,59,64,FULL,1780281098.554427,1780281098.5546205,0.19359588623046875,decode,0,0,452715,0.19359588623046875,1.0,1
forward_start,1780281098.5573184,59,59,59,64,FULL,1780281098.5573184,1780281098.5575786,0.2601146697998047,decode,0,0,452715,0.2601146697998047,1.0,1
forward_start,1780281098.55741,63,63,63,64,FULL,1780281098.55741,1780281098.5575993,0.18930435180664062,decode,1,0,452712,0.18930435180664062,1.0,1
forward_start,1780281098.5696208,59,59,59,64,FULL,1780281098.5696208,1780281098.5698214,0.20051002502441406,decode,0,0,452715,0.20051002502441406,1.0,1
forward_start,1780281098.5696464,63,63,63,64,FULL,1780281098.5696464,1780281098.5698686,0.22220611572265625,decode,1,0,452712,0.21219253540039062,0.9549356223175965,1
forward_start,1780281098.5820749,58,58,58,64,FULL,1780281098.5820749,1780281098.5822735,0.19860267639160156,decode,0,0,452715,0.0,0.0,0
forward_start,1780281098.5821245,62,62,62,64,FULL,1780281098.5821245,1780281098.5823083,0.1838207244873047,decode,1,0,452712,0.0,0.0,0
forward_start,1780281098.594676,59,59,59,64,FULL,1780281098.594676,1780281098.5948763,0.2002716064453125,decode,0,0,452715,0.0,0.0,0
forward_start,1780281098.5946848,62,62,62,64,FULL,1780281098.5946848,1780281098.5948727,0.18787384033203125,decode,1,0,452712,0.0,0.0,0
forward_start,1780281098.6078115,61,61,61,64,FULL,1780281098.6078115,1780281098.6080267,0.21529197692871094,decode,1,0,452712,0.0,0.0,0
forward_start,1780281098.6078293,58,58,58,64,FULL,1780281098.6078293,1780281098.6080399,0.2105236053466797,decode,0,0,452715,0.0,0.0,0
forward_start,1780281098.6196785,61,61,61,64,FULL,1780281098.6196785,1780281098.6198647,0.1862049102783203,decode,1,0,452712,0.0,0.0,0
forward_start,1780281098.619756,57,57,57,64,FULL,1780281098.619756,1780281098.6199734,0.217437744140625,decode,0,0,452715,0.0,0.0,0
forward_start,1780281098.6317582,57,57,57,64,FULL,1780281098.6317582,1780281098.6319687,0.2105236053466797,decode,0,0,452715,0.0,0.0,0
forward_start,1780281098.6317737,61,61,61,64,FULL,1780281098.6317737,1780281098.6319573,0.18358230590820312,decode,1,0,452712,0.0,0.0,0
forward_start,1780281098.6441295,57,57,57,64,FULL,1780281098.6441295,1780281098.6443558,0.2262592315673828,decode,0,0,452715,0.0,0.0,0
forward_start,1780281098.644165,61,61,61,64,FULL,1780281098.644165,1780281098.6443741,0.2090930938720703,decode,1,0,452712,0.0,0.0,0
forward_start,1780281098.6566362,57,57,57,64,FULL,1780281098.6566362,1780281098.6568346,0.1983642578125,decode,0,0,452715,0.0,0.0,0
forward_start,1780281098.6566937,61,61,61,64,FULL,1780281098.6566937,1780281098.656881,0.18739700317382812,decode,1,0,452712,0.0,0.0,0
forward_start,1780281098.6693048,56,56,56,64,FULL,1780281098.6693048,1780281098.6695476,0.24271011352539062,decode,0,0,452715,0.0,0.0,0
forward_start,1780281098.6693575,61,61,61,64,FULL,1780281098.6693575,1780281098.6695426,0.1850128173828125,decode,1,0,452712,0.0,0.0,0
forward_start,1780281098.6816642,56,56,56,64,FULL,1780281098.6816642,1780281098.681857,0.19288063049316406,decode,0,0,452715,0.0,0.0,0
forward_start,1780281098.681715,61,61,61,64,FULL,1780281098.681715,1780281098.6819184,0.2033710479736328,decode,1,0,452712,0.0,0.0,0
forward_start,1780281098.6941893,56,56,56,64,FULL,1780281098.6941893,1780281098.6944065,0.21719932556152344,decode,0,0,452715,0.0,0.0,0
forward_start,1780281098.6942608,61,61,61,64,FULL,1780281098.6942608,1780281098.6944642,0.2033710479736328,decode,1,0,452712,0.0,0.0,0
forward_start,1780281098.7067707,61,61,61,64,FULL,1780281098.7067707,1780281098.7069802,0.20956993103027344,decode,1,0,452712,0.0,0.0,0
forward_start,1780281098.7067726,56,56,56,64,FULL,1780281098.7067726,1780281098.7069695,0.19693374633789062,decode,0,0,452715,0.0,0.0,0
forward_start,1780281098.719297,56,56,56,64,FULL,1780281098.719297,1780281098.719552,0.2551078796386719,decode,0,0,452715,0.0,0.0,0
forward_start,1780281098.7194374,61,61,61,64,FULL,1780281098.7194374,1780281098.719689,0.25153160095214844,decode,1,0,452712,0.0,0.0,0
forward_start,1780281098.7317886,56,56,56,64,FULL,1780281098.7317886,1780281098.7319891,0.20051002502441406,decode,0,0,452715,0.0,0.0,0
forward_start,1780281098.7317915,61,61,61,64,FULL,1780281098.7317915,1780281098.7319772,0.1857280731201172,decode,1,0,452712,0.0,0.0,0
forward_start,1780281098.744335,61,61,61,64,FULL,1780281098.744335,1780281098.7445796,0.24461746215820312,decode,1,0,452712,0.0,0.0,0
forward_start,1780281098.7544792,56,56,56,64,FULL,1780281098.7544792,1780281098.754768,0.2887248992919922,decode,0,0,452715,0.2887248992919922,1.0,1
forward_start,1780281098.7574894,56,56,56,64,FULL,1780281098.7574894,1780281098.757718,0.22864341735839844,decode,0,0,452715,0.22864341735839844,1.0,1
forward_start,1780281098.7575076,61,61,61,64,FULL,1780281098.7575076,1780281098.7576954,0.18787384033203125,decode,1,0,452712,0.18787384033203125,1.0,1
forward_start,1780281098.7696276,61,61,61,64,FULL,1780281098.7696276,1780281098.7698154,0.18787384033203125,decode,1,0,452712,0.09989738464355469,0.5317258883248731,1
forward_start,1780281098.773621,56,56,56,64,FULL,1780281098.773621,1780281098.7738566,0.23555755615234375,decode,0,0,452715,0.23555755615234375,1.0,1
forward_start,1780281098.782198,60,60,60,64,FULL,1780281098.782198,1780281098.7824032,0.2052783966064453,decode,1,0,452712,0.2052783966064453,1.0,1
forward_start,1780281098.78222,57,57,57,64,FULL,1780281098.78222,1780281098.78246,0.24008750915527344,decode,0,0,452715,0.24008750915527344,1.0,1
forward_start,1780281098.79423,60,60,60,64,FULL,1780281098.79423,1780281098.79444,0.21004676818847656,decode,1,0,452712,0.13136863708496094,0.6254256526674233,1
forward_start,1780281098.7962613,57,57,57,64,FULL,1780281098.7962613,1780281098.7965465,0.28514862060546875,decode,0,0,452715,0.28514862060546875,1.0,1
forward_start,1780281098.8072467,60,60,60,64,FULL,1780281098.8072467,1780281098.8074534,0.2067089080810547,decode,1,0,452712,0.2067089080810547,1.0,1
forward_start,1780281098.807275,57,57,57,64,FULL,1780281098.807275,1780281098.8075347,0.25963783264160156,decode,0,0,452715,0.25963783264160156,1.0,1
forward_start,1780281098.8193886,57,57,57,64,FULL,1780281098.8193886,1780281098.8195994,0.21076202392578125,decode,0,0,452715,0.13971328735351562,0.6628959276018099,1
forward_start,1780281098.8199422,60,60,60,64,FULL,1780281098.8199422,1780281098.820173,0.2307891845703125,decode,1,0,452712,0.2307891845703125,1.0,1
forward_start,1780281098.831862,60,60,60,64,FULL,1780281098.831862,1780281098.832049,0.186920166015625,decode,1,0,452712,0.19121170043945312,1.0229591836734695,2
forward_start,1780281098.8357987,56,56,56,64,FULL,1780281098.8357987,1780281098.8360353,0.23651123046875,decode,0,0,452715,0.23651123046875,1.0,1
forward_start,1780281098.8442981,56,56,56,64,FULL,1780281098.8442981,1780281098.8445187,0.2205371856689453,decode,0,0,452715,0.2205371856689453,1.0,1
forward_start,1780281098.844382,60,60,60,64,FULL,1780281098.844382,1780281098.8445687,0.18668174743652344,decode,1,0,452712,0.16951560974121094,0.9080459770114943,1
forward_start,1780281098.856659,56,56,56,64,FULL,1780281098.856659,1780281098.8568606,0.20170211791992188,decode,0,0,452715,0.0,0.0,0
forward_start,1780281098.8609712,61,61,61,64,FULL,1780281098.8609712,1780281098.861182,0.21076202392578125,decode,1,0,452712,0.21076202392578125,1.0,1
forward_start,1780281098.8693004,61,61,61,64,FULL,1780281098.8693004,1780281098.8695037,0.2033710479736328,decode,1,0,452712,0.3783702850341797,1.8604923798358735,2
forward_start,1780281098.8714836,57,57,57,64,FULL,1780281098.8714836,1780281098.8717098,0.2262592315673828,decode,0,0,452715,0.2262592315673828,1.0,1
forward_start,1780281098.881555,57,57,57,64,FULL,1780281098.881555,1780281098.8817558,0.20074844360351562,decode,0,0,452715,0.20074844360351562,1.0,1
forward_start,1780281098.8815563,61,61,61,64,FULL,1780281098.8815563,1780281098.8817408,0.18453598022460938,decode,1,0,452712,0.18453598022460938,1.0,1
forward_start,1780281098.8942747,57,57,57,64,FULL,1780281098.8942747,1780281098.894518,0.24318695068359375,decode,0,0,452715,0.0,0.0,0
forward_start,1780281098.8943126,62,62,62,64,FULL,1780281098.8943126,1780281098.894517,0.20432472229003906,decode,1,0,452712,0.0,0.0,0
forward_start,1780281098.9066951,62,62,62,64,FULL,1780281098.9066951,1780281098.906877,0.1819133758544922,decode,1,0,452712,0.0,0.0,0
forward_start,1780281098.906733,58,58,58,64,FULL,1780281098.906733,1780281098.906938,0.20503997802734375,decode,0,0,452715,0.0,0.0,0
forward_start,1780281098.9190135,58,58,58,64,FULL,1780281098.9190135,1780281098.9192123,0.19884109497070312,decode,0,0,452715,0.0,0.0,0
forward_start,1780281098.9190688,62,62,62,64,FULL,1780281098.9190688,1780281098.9192533,0.18453598022460938,decode,1,0,452712,0.0,0.0,0
forward_start,1780281098.931559,62,62,62,64,FULL,1780281098.931559,1780281098.9317434,0.1842975616455078,decode,1,0,452712,0.0,0.0,0
forward_start,1780281098.931583,58,58,58,64,FULL,1780281098.931583,1780281098.9317982,0.21529197692871094,decode,0,0,452715,0.0,0.0,0
forward_start,1780281098.944021,62,62,62,64,FULL,1780281098.944021,1780281098.9442239,0.2028942108154297,decode,1,0,452712,0.0,0.0,0
forward_start,1780281098.9787934,58,58,58,64,FULL,1780281098.9787934,1780281098.9790041,0.21076202392578125,decode,0,0,452715,0.4215240478515625,2.0,2
forward_start,1780281098.9817114,58,58,58,64,FULL,1780281098.9817114,1780281098.9819207,0.20933151245117188,decode,0,0,452715,0.20933151245117188,1.0,1
forward_start,1780281098.9836073,62,62,62,64,FULL,1780281098.9836073,1780281098.983842,0.2346038818359375,decode,1,0,452712,0.469207763671875,2.0,2
forward_start,1780281098.993877,62,62,62,64,FULL,1780281098.993877,1780281098.9940548,0.17786026000976562,decode,1,0,452712,0.4558563232421875,2.5630026809651474,3
forward_start,1780281098.9959824,59,59,59,64,FULL,1780281098.9959824,1780281098.9962113,0.2288818359375,decode,0,0,452715,0.457763671875,2.0,2
forward_start,1780281099.00621,59,59,59,64,FULL,1780281099.00621,1780281099.0064485,0.2384185791015625,decode,0,0,452715,0.2384185791015625,1.0,1
forward_start,1780281099.0062587,62,62,62,64,FULL,1780281099.0062587,1780281099.0064666,0.2079010009765625,decode,1,0,452712,0.2079010009765625,1.0,1
forward_start,1780281099.0191376,60,60,60,64,FULL,1780281099.0191376,1780281099.0193522,0.21457672119140625,decode,0,0,452715,0.0,0.0,0
forward_start,1780281099.019153,62,62,62,64,FULL,1780281099.019153,1780281099.0193617,0.2086162567138672,decode,1,0,452712,0.0,0.0,0
forward_start,1780281099.0321198,62,62,62,64,FULL,1780281099.0321198,1780281099.0323048,0.1850128173828125,decode,1,0,452712,0.01811981201171875,0.0979381443298969,1
forward_start,1780281099.0401127,61,61,61,64,FULL,1780281099.0401127,1780281099.0404184,0.3056526184082031,decode,0,0,452715,0.3056526184082031,1.0,1
forward_start,1780281099.0441647,61,61,61,64,FULL,1780281099.0441647,1780281099.0443728,0.20813941955566406,decode,1,0,452712,0.34737586975097656,1.6689576174112257,2
forward_start,1780281099.0447037,61,61,61,64,FULL,1780281099.0447037,1780281099.0449252,0.22149085998535156,decode,0,0,452715,0.4429817199707031,2.0,2
forward_start,1780281099.0566473,61,61,61,64,FULL,1780281099.0566473,1780281099.0568464,0.1990795135498047,decode,0,0,452715,0.1990795135498047,1.0,1
forward_start,1780281099.0615,61,61,61,64,FULL,1780281099.0615,1780281099.061717,0.21696090698242188,decode,1,0,452712,0.21696090698242188,1.0,1
forward_start,1780281099.069568,61,61,61,64,FULL,1780281099.069568,1780281099.0697687,0.20074844360351562,decode,1,0,452712,0.3657341003417969,1.821852731591449,2
forward_start,1780281099.0700831,62,62,62,64,FULL,1780281099.0700831,1780281099.070303,0.21982192993164062,decode,0,0,452715,0.43964385986328125,2.0,2
forward_start,1780281099.0816448,63,63,63,64,FULL,1780281099.0816448,1780281099.0818484,0.20360946655273438,decode,0,0,452715,0.40721893310546875,2.0,2
forward_start,1780281099.0816922,61,61,61,64,FULL,1780281099.0816922,1780281099.0818796,0.18739700317382812,decode,1,0,452712,0.37479400634765625,2.0,2
forward_start,1780281099.0943658,63,63,63,64,FULL,1780281099.0943658,1780281099.0945828,0.21696090698242188,decode,0,0,452715,0.0,0.0,0
forward_start,1780281099.0944173,61,61,61,64,FULL,1780281099.0944173,1780281099.094605,0.1876354217529297,decode,1,0,452712,0.0,0.0,0
forward_start,1780281099.106925,64,64,64,64,FULL,1780281099.106925,1780281099.1071496,0.22459030151367188,decode,0,0,452715,0.0,0.0,0
forward_start,1780281099.1070404,62,62,62,64,FULL,1780281099.1070404,1780281099.1072245,0.18405914306640625,decode,1,0,452712,0.0,0.0,0
forward_start,1780281099.1192784,64,64,64,64,FULL,1780281099.1192784,1780281099.119526,0.24747848510742188,decode,0,0,452715,0.0,0.0,0
forward_start,1780281099.1194146,62,62,62,64,FULL,1780281099.1194146,1780281099.119594,0.17952919006347656,decode,1,0,452712,0.0,0.0,0
forward_start,1780281099.132074,64,64,64,64,FULL,1780281099.132074,1780281099.1322613,0.18715858459472656,decode,0,0,452715,0.0,0.0,0
forward_start,1780281099.13219,62,62,62,64,FULL,1780281099.13219,1780281099.1323917,0.20170211791992188,decode,1,0,452712,0.0,0.0,0
forward_start,1780281099.1445405,64,64,64,64,FULL,1780281099.1445405,1780281099.1447363,0.1957416534423828,decode,0,0,452715,0.0,0.0,0
forward_start,1780281099.1446319,62,62,62,64,FULL,1780281099.1446319,1780281099.1448128,0.18095970153808594,decode,1,0,452712,0.0,0.0,0
forward_start,1780281099.1567378,64,64,64,64,FULL,1780281099.1567378,1780281099.1569383,0.20051002502441406,decode,0,0,452715,0.0,0.0,0
forward_start,1780281099.1567905,62,62,62,64,FULL,1780281099.1567905,1780281099.1569743,0.1838207244873047,decode,1,0,452712,0.0,0.0,0
forward_start,1780281099.1690469,64,64,64,64,FULL,1780281099.1690469,1780281099.1692379,0.19097328186035156,decode,0,0,452715,0.0,0.0,0
forward_start,1780281099.1691773,62,62,62,64,FULL,1780281099.1691773,1780281099.1693833,0.20599365234375,decode,1,0,452712,0.0,0.0,0
forward_start,1780281099.181651,64,64,64,64,FULL,1780281099.181651,1780281099.1818428,0.19168853759765625,decode,0,0,452715,0.0,0.0,0
forward_start,1780281099.1817462,62,62,62,64,FULL,1780281099.1817462,1780281099.1819284,0.18215179443359375,decode,1,0,452712,0.0,0.0,0
forward_start,1780281099.1940346,64,64,64,64,FULL,1780281099.1940346,1780281099.1942463,0.2117156982421875,decode,0,0,452715,0.0,0.0,0
forward_start,1780281099.194129,62,62,62,64,FULL,1780281099.194129,1780281099.194316,0.186920166015625,decode,1,0,452712,0.0,0.0,0
forward_start,1780281099.2064638,64,64,64,64,FULL,1780281099.2064638,1780281099.206656,0.19216537475585938,decode,0,0,452715,0.0,0.0,0
forward_start,1780281099.2065623,62,62,62,64,FULL,1780281099.2065623,1780281099.2067435,0.1811981201171875,decode,1,0,452712,0.0,0.0,0
forward_start,1780281099.219089,63,63,63,64,FULL,1780281099.219089,1780281099.2192793,0.19025802612304688,decode,0,0,452715,0.0,0.0,0
forward_start,1780281099.219195,62,62,62,64,FULL,1780281099.219195,1780281099.2194006,0.20575523376464844,decode,1,0,452712,0.0,0.0,0
forward_start,1780281099.2316363,63,63,63,64,FULL,1780281099.2316363,1780281099.231833,0.19669532775878906,decode,0,0,452715,0.0,0.0,0
forward_start,1780281099.2316654,62,62,62,64,FULL,1780281099.2316654,1780281099.2318509,0.18548965454101562,decode,1,0,452712,0.0,0.0,0
forward_start,1780281099.2441432,63,63,63,64,FULL,1780281099.2441432,1780281099.2443624,0.21910667419433594,decode,0,0,452715,0.0,0.0,0
forward_start,1780281099.2441943,62,62,62,64,FULL,1780281099.2441943,1780281099.2444026,0.20837783813476562,decode,1,0,452712,0.0,0.0,0
forward_start,1780281099.2565098,63,63,63,64,FULL,1780281099.2565098,1780281099.2567163,0.20647048950195312,decode,0,0,452715,0.0,0.0,0
forward_start,1780281099.2615726,62,62,62,64,FULL,1780281099.2615726,1780281099.261788,0.21529197692871094,decode,1,0,452712,0.21529197692871094,1.0,1
forward_start,1780281099.2689235,63,63,63,64,FULL,1780281099.2689235,1780281099.2691233,0.19979476928710938,decode,0,0,452715,0.19979476928710938,1.0,1
forward_start,1780281099.2689657,62,62,62,64,FULL,1780281099.2689657,1780281099.269166,0.2002716064453125,decode,1,0,452712,0.2002716064453125,1.0,1
forward_start,1780281099.281326,62,62,62,64,FULL,1780281099.281326,1780281099.2815366,0.2105236053466797,decode,1,0,452712,0.30541419982910156,1.4507361268403172,2
forward_start,1780281099.285351,63,63,63,64,FULL,1780281099.285351,1780281099.285597,0.2460479736328125,decode,0,0,452715,0.2460479736328125,1.0,1
forward_start,1780281099.2940638,62,62,62,64,FULL,1780281099.2940638,1780281099.2942665,0.20265579223632812,decode,0,0,452715,0.26345252990722656,1.3,2
forward_start,1780281099.2957296,61,61,61,64,FULL,1780281099.2957296,1780281099.2959702,0.24056434631347656,decode,1,0,452712,0.24056434631347656,1.0,1
forward_start,1780281099.306743,61,61,61,64,FULL,1780281099.306743,1780281099.306929,0.1862049102783203,decode,1,0,452712,0.3466606140136719,1.8617157490396927,2
forward_start,1780281099.3086643,62,62,62,64,FULL,1780281099.3086643,1780281099.3088987,0.23436546325683594,decode,0,0,452715,0.23436546325683594,1.0,1
forward_start,1780281099.3190427,61,61,61,64,FULL,1780281099.3190427,1780281099.3192286,0.18596649169921875,decode,1,0,452712,0.18596649169921875,1.0,1
forward_start,1780281099.3190725,62,62,62,64,FULL,1780281099.3190725,1780281099.3192823,0.209808349609375,decode,0,0,452715,0.209808349609375,1.0,1
forward_start,1780281099.3316033,62,62,62,64,FULL,1780281099.3316033,1780281099.331813,0.209808349609375,decode,0,0,452715,0.0,0.0,0
forward_start,1780281099.3316288,62,62,62,64,FULL,1780281099.3316288,1780281099.3318138,0.1850128173828125,decode,1,0,452712,0.0,0.0,0
forward_start,1780281099.344089,63,63,63,64,FULL,1780281099.344089,1780281099.344286,0.19693374633789062,decode,0,0,452715,0.0,0.0,0
forward_start,1780281099.3441262,62,62,62,64,FULL,1780281099.3441262,1780281099.3443139,0.1876354217529297,decode,1,0,452712,0.0,0.0,0
forward_start,1780281099.3561964,63,63,63,64,FULL,1780281099.3561964,1780281099.3564286,0.23221969604492188,decode,0,0,452715,0.0,0.0,0
forward_start,1780281099.3562407,62,62,62,64,FULL,1780281099.3562407,1780281099.3564475,0.2067089080810547,decode,1,0,452712,0.0,0.0,0
forward_start,1780281099.3691297,62,62,62,64,FULL,1780281099.3691297,1780281099.3693347,0.20503997802734375,decode,0,0,452715,0.0,0.0,0
forward_start,1780281099.3691733,62,62,62,64,FULL,1780281099.3691733,1780281099.3693783,0.20503997802734375,decode,1,0,452712,0.0,0.0,0
forward_start,1780281099.3811884,62,62,62,64,FULL,1780281099.3811884,1780281099.381433,0.24461746215820312,decode,0,0,452715,0.12540817260742188,0.5126705653021443,1
forward_start,1780281099.38288,62,62,62,64,FULL,1780281099.38288,1780281099.3831213,0.24127960205078125,decode,1,0,452712,0.24127960205078125,1.0,1
forward_start,1780281099.3938763,62,62,62,64,FULL,1780281099.3938763,1780281099.3940988,0.2224445343017578,decode,0,0,452715,0.28443336486816406,1.2786709539121115,2
forward_start,1780281099.3956273,62,62,62,64,FULL,1780281099.3956273,1780281099.3958542,0.2269744873046875,decode,1,0,452712,0.453948974609375,2.0,2
forward_start,1780281099.4060562,62,62,62,64,FULL,1780281099.4060562,1780281099.4062555,0.19931793212890625,decode,0,0,452715,0.19931793212890625,1.0,1
forward_start,1780281099.4060724,62,62,62,64,FULL,1780281099.4060724,1780281099.4062579,0.18548965454101562,decode,1,0,452712,0.18548965454101562,1.0,1
forward_start,1780281099.4187188,63,63,63,64,FULL,1780281099.4187188,1780281099.4189043,0.18548965454101562,decode,1,0,452712,0.0,0.0,0
forward_start,1780281099.4187586,62,62,62,64,FULL,1780281099.4187586,1780281099.4189727,0.21409988403320312,decode,0,0,452715,0.0,0.0,0
forward_start,1780281099.431505,62,62,62,64,FULL,1780281099.431505,1780281099.4317162,0.21123886108398438,decode,0,0,452715,0.0,0.0,0
forward_start,1780281099.4315686,64,64,64,64,FULL,1780281099.4315686,1780281099.431757,0.18835067749023438,decode,1,0,452712,0.0,0.0,0
forward_start,1780281099.4435227,62,62,62,64,FULL,1780281099.4435227,1780281099.4437232,0.20051002502441406,decode,0,0,452715,0.0,0.0,0
forward_start,1780281099.4435363,64,64,64,64,FULL,1780281099.4435363,1780281099.4437258,0.1895427703857422,decode,1,0,452712,0.0,0.0,0
forward_start,1780281099.4561944,64,64,64,64,FULL,1780281099.4561944,1780281099.4563863,0.1919269561767578,decode,1,0,452712,0.0,0.0,0
forward_start,1780281099.4562008,62,62,62,64,FULL,1780281099.4562008,1780281099.4564195,0.2186298370361328,decode,0,0,452715,0.0,0.0,0
forward_start,1780281099.4687886,64,64,64,64,FULL,1780281099.4687886,1780281099.4689777,0.18906593322753906,decode,1,0,452712,0.0,0.0,0
forward_start,1780281099.4687948,61,61,61,64,FULL,1780281099.4687948,1780281099.4689934,0.19860267639160156,decode,0,0,452715,0.0,0.0,0
forward_start,1780281099.4807196,64,64,64,64,FULL,1780281099.4807196,1780281099.4809105,0.19097328186035156,decode,1,0,452712,0.0,0.0,0
forward_start,1780281099.4807274,61,61,61,64,FULL,1780281099.4807274,1780281099.4809299,0.20241737365722656,decode,0,0,452715,0.0,0.0,0
forward_start,1780281099.4934003,64,64,64,64,FULL,1780281099.4934003,1780281099.493593,0.1926422119140625,decode,1,0,452712,0.0,0.0,0
forward_start,1780281099.505107,61,61,61,64,FULL,1780281099.505107,1780281099.5054195,0.31256675720214844,decode,0,0,452715,0.31256675720214844,1.0,1
forward_start,1780281099.508192,60,60,60,64,FULL,1780281099.508192,1780281099.5084991,0.3070831298828125,decode,0,0,452715,0.3070831298828125,1.0,1
forward_start,1780281099.508197,64,64,64,64,FULL,1780281099.508197,1780281099.5084038,0.2067089080810547,decode,1,0,452712,0.2067089080810547,1.0,1
forward_start,1780281099.5200732,64,64,64,64,FULL,1780281099.5200732,1780281099.520264,0.19073486328125,decode,1,0,452712,0.19073486328125,1.0,1
forward_start,1780281099.5201309,60,60,60,64,FULL,1780281099.5201309,1780281099.5203726,0.24175643920898438,decode,0,0,452715,0.24175643920898438,1.0,1
forward_start,1780281099.5327592,59,59,59,64,FULL,1780281099.5327592,1780281099.5329587,0.1995563507080078,decode,0,0,452715,0.0,0.0,0
forward_start,1780281099.532779,63,63,63,64,FULL,1780281099.532779,1780281099.5331018,0.3228187561035156,decode,1,0,452712,0.0,0.0,0
forward_start,1780281099.5452719,60,60,60,64,FULL,1780281099.5452719,1780281099.5455127,0.24080276489257812,decode,0,0,452715,0.0,0.0,0
forward_start,1780281099.5452912,63,63,63,64,FULL,1780281099.5452912,1780281099.5456314,0.3402233123779297,decode,1,0,452712,0.0,0.0,0
forward_start,1780281099.557138,60,60,60,64,FULL,1780281099.557138,1780281099.5573602,0.22220611572265625,decode,0,0,452715,0.0,0.0,0
forward_start,1780281099.5571823,63,63,63,64,FULL,1780281099.5571823,1780281099.557536,0.3535747528076172,decode,1,0,452712,0.0,0.0,0
forward_start,1780281099.5700886,60,60,60,64,FULL,1780281099.5700886,1780281099.5702856,0.19693374633789062,decode,0,0,452715,0.0,0.0,0
forward_start,1780281099.5701425,62,62,62,64,FULL,1780281099.5701425,1780281099.5704942,0.3516674041748047,decode,1,0,452712,0.0,0.0,0
forward_start,1780281099.582088,60,60,60,64,FULL,1780281099.582088,1780281099.5822794,0.1914501190185547,decode,0,0,452715,0.0,0.0,0
forward_start,1780281099.5821357,62,62,62,64,FULL,1780281099.5821357,1780281099.5824826,0.34689903259277344,decode,1,0,452712,0.0,0.0,0
forward_start,1780281099.594659,60,60,60,64,FULL,1780281099.594659,1780281099.594863,0.20384788513183594,decode,0,0,452715,0.0,0.0,0
forward_start,1780281099.5947058,62,62,62,64,FULL,1780281099.5947058,1780281099.595048,0.3421306610107422,decode,1,0,452712,0.0,0.0,0
forward_start,1780281099.6067965,60,60,60,64,FULL,1780281099.6067965,1780281099.606995,0.19860267639160156,decode,0,0,452715,0.0,0.0,0
forward_start,1780281099.606833,62,62,62,64,FULL,1780281099.606833,1780281099.6071603,0.3273487091064453,decode,1,0,452712,0.0,0.0,0
forward_start,1780281099.618991,60,60,60,64,FULL,1780281099.618991,1780281099.6191819,0.19097328186035156,decode,0,0,452715,0.0,0.0,0
forward_start,1780281099.6191034,62,62,62,64,FULL,1780281099.6191034,1780281099.619458,0.35452842712402344,decode,1,0,452712,0.0,0.0,0
forward_start,1780281099.6315749,60,60,60,64,FULL,1780281099.6315749,1780281099.6317759,0.2009868621826172,decode,0,0,452715,0.0,0.0,0
forward_start,1780281099.6316137,62,62,62,64,FULL,1780281099.6316137,1780281099.6319404,0.3266334533691406,decode,1,0,452712,0.0,0.0,0
forward_start,1780281099.6440907,60,60,60,64,FULL,1780281099.6440907,1780281099.6442902,0.1995563507080078,decode,0,0,452715,0.0,0.0,0
forward_start,1780281099.644154,62,62,62,64,FULL,1780281099.644154,1780281099.644504,0.34999847412109375,decode,1,0,452712,0.0,0.0,0
forward_start,1780281099.656642,61,61,61,64,FULL,1780281099.656642,1780281099.6569688,0.3268718719482422,decode,1,0,452712,0.0,0.0,0
forward_start,1780281099.667798,60,60,60,64,FULL,1780281099.667798,1780281099.6680858,0.28777122497558594,decode,0,0,452715,0.28777122497558594,1.0,1
forward_start,1780281099.6709144,60,60,60,64,FULL,1780281099.6709144,1780281099.6711757,0.2613067626953125,decode,0,0,452715,0.2613067626953125,1.0,1
forward_start,1780281099.6709478,61,61,61,64,FULL,1780281099.6709478,1780281099.6712778,0.3299713134765625,decode,1,0,452712,0.3299713134765625,1.0,1
forward_start,1780281099.6825886,60,60,60,64,FULL,1780281099.6825886,1780281099.682789,0.20051002502441406,decode,0,0,452715,0.20051002502441406,1.0,1
forward_start,1780281099.6826367,61,61,61,64,FULL,1780281099.6826367,1780281099.6829603,0.3235340118408203,decode,1,0,452712,0.18906593322753906,0.5843773028739867,1
forward_start,1780281099.6955514,60,60,60,64,FULL,1780281099.6955514,1780281099.6957626,0.21123886108398438,decode,0,0,452715,0.0,0.0,0
forward_start,1780281099.6956031,60,60,60,64,FULL,1780281099.6956031,1780281099.6959298,0.3266334533691406,decode,1,0,452712,0.0,0.0,0
forward_start,1780281099.7076344,61,61,61,64,FULL,1780281099.7076344,1780281099.7078593,0.22482872009277344,decode,0,0,452715,0.0,0.0,0
forward_start,1780281099.7076745,60,60,60,64,FULL,1780281099.7076745,1780281099.7080002,0.3256797790527344,decode,1,0,452712,0.0,0.0,0
forward_start,1780281099.7200868,61,61,61,64,FULL,1780281099.7200868,1780281099.7202954,0.2086162567138672,decode,0,0,452715,0.0,0.0,0
forward_start,1780281099.720138,60,60,60,64,FULL,1780281099.720138,1780281099.7204854,0.34737586975097656,decode,1,0,452712,0.0,0.0,0
forward_start,1780281099.7324898,61,61,61,64,FULL,1780281099.7324898,1780281099.7326894,0.1995563507080078,decode,0,0,452715,0.0,0.0,0
forward_start,1780281099.7325273,60,60,60,64,FULL,1780281099.7325273,1780281099.732857,0.32973289489746094,decode,1,0,452712,0.0,0.0,0
forward_start,1780281099.744891,61,61,61,64,FULL,1780281099.744891,1780281099.7450883,0.19741058349609375,decode,0,0,452715,0.0,0.0,0
forward_start,1780281099.7449546,60,60,60,64,FULL,1780281099.7449546,1780281099.7452836,0.32901763916015625,decode,1,0,452712,0.0,0.0,0
forward_start,1780281099.757252,60,60,60,64,FULL,1780281099.757252,1780281099.75748,0.22792816162109375,decode,0,0,452715,0.0,0.0,0
forward_start,1780281099.7573287,60,60,60,64,FULL,1780281099.7573287,1780281099.7576745,0.3457069396972656,decode,1,0,452712,0.0,0.0,0
forward_start,1780281099.7703617,60,60,60,64,FULL,1780281099.7703617,1780281099.7706132,0.25153160095214844,decode,0,0,452715,0.0,0.0,0
forward_start,1780281099.7703974,60,60,60,64,FULL,1780281099.7703974,1780281099.7707274,0.3299713134765625,decode,1,0,452712,0.0,0.0,0
forward_start,1780281099.7822435,60,60,60,64,FULL,1780281099.7822435,1780281099.7824907,0.2472400665283203,decode,0,0,452715,0.0,0.0,0
forward_start,1780281099.7823062,60,60,60,64,FULL,1780281099.7823062,1780281099.782644,0.33783912658691406,decode,1,0,452712,0.0,0.0,0
forward_start,1780281099.7949467,60,60,60,64,FULL,1780281099.7949467,1780281099.7951453,0.19860267639160156,decode,0,0,452715,0.0,0.0,0
forward_start,1780281099.7949638,60,60,60,64,FULL,1780281099.7949638,1780281099.7952955,0.33164024353027344,decode,1,0,452712,0.0,0.0,0
forward_start,1780281099.8071666,60,60,60,64,FULL,1780281099.8071666,1780281099.807392,0.22530555725097656,decode,0,0,452715,0.0,0.0,0
forward_start,1780281099.8072295,60,60,60,64,FULL,1780281099.8072295,1780281099.8075771,0.3476142883300781,decode,1,0,452712,0.0,0.0,0
forward_start,1780281099.8197489,60,60,60,64,FULL,1780281099.8197489,1780281099.8199513,0.20241737365722656,decode,0,0,452715,0.0,0.0,0
forward_start,1780281099.8198,60,60,60,64,FULL,1780281099.8198,1780281099.8201287,0.3287792205810547,decode,1,0,452712,0.0,0.0,0
forward_start,1780281099.832583,59,59,59,64,FULL,1780281099.832583,1780281099.832919,0.33593177795410156,decode,1,0,452712,0.0,0.0,0
forward_start,1780281099.8326051,60,60,60,64,FULL,1780281099.8326051,1780281099.8328176,0.2124309539794922,decode,0,0,452715,0.0,0.0,0
forward_start,1780281099.8447676,60,60,60,64,FULL,1780281099.8447676,1780281099.8449683,0.20074844360351562,decode,0,0,452715,0.0,0.0,0
forward_start,1780281099.844814,59,59,59,64,FULL,1780281099.844814,1780281099.8451395,0.3254413604736328,decode,1,0,452712,0.0,0.0,0
forward_start,1780281099.856892,60,60,60,64,FULL,1780281099.856892,1780281099.8570895,0.19741058349609375,decode,0,0,452715,0.0,0.0,0
forward_start,1780281099.85693,59,59,59,64,FULL,1780281099.85693,1780281099.8572612,0.3311634063720703,decode,1,0,452712,0.0,0.0,0
forward_start,1780281099.8695207,60,60,60,64,FULL,1780281099.8695207,1780281099.8697233,0.20265579223632812,decode,0,0,452715,0.0,0.0,0
forward_start,1780281099.8695655,59,59,59,64,FULL,1780281099.8695655,1780281099.8698938,0.32830238342285156,decode,1,0,452712,0.0,0.0,0
forward_start,1780281099.881752,60,60,60,64,FULL,1780281099.881752,1780281099.8819559,0.20384788513183594,decode,0,0,452715,0.0,0.0,0
forward_start,1780281099.889326,59,59,59,64,FULL,1780281099.889326,1780281099.8896666,0.34046173095703125,decode,1,0,452712,0.34046173095703125,1.0,1
forward_start,1780281099.8942535,59,59,59,64,FULL,1780281099.8942535,1780281099.8945785,0.3249645233154297,decode,1,0,452712,0.6318092346191406,1.9442406456346295,2
forward_start,1780281099.896104,60,60,60,64,FULL,1780281099.896104,1780281099.896328,0.2238750457763672,decode,0,0,452715,0.4477500915527344,2.0,2
forward_start,1780281099.9067876,59,59,59,64,FULL,1780281099.9067876,1780281099.9069831,0.19550323486328125,decode,0,0,452715,0.3910064697265625,2.0,2
forward_start,1780281099.9068716,58,58,58,64,FULL,1780281099.9068716,1780281099.9072022,0.3306865692138672,decode,1,0,452712,0.4687309265136719,1.4174477289113194,2
forward_start,1780281099.919568,59,59,59,64,FULL,1780281099.919568,1780281099.91977,0.20194053649902344,decode,0,0,452715,0.0,0.0,0
forward_start,1780281099.9195912,57,57,57,64,FULL,1780281099.9195912,1780281099.9199183,0.32711029052734375,decode,1,0,452712,0.0,0.0,0
forward_start,1780281099.9318576,60,60,60,64,FULL,1780281099.9318576,1780281099.9320602,0.20265579223632812,decode,0,0,452715,0.0,0.0,0
forward_start,1780281099.9319057,58,58,58,64,FULL,1780281099.9319057,1780281099.9322305,0.3247261047363281,decode,1,0,452712,0.0,0.0,0
forward_start,1780281099.9441378,60,60,60,64,FULL,1780281099.9441378,1780281099.944355,0.21719932556152344,decode,0,0,452715,0.0,0.0,0
forward_start,1780281099.9442022,58,58,58,64,FULL,1780281099.9442022,1780281099.944548,0.3457069396972656,decode,1,0,452712,0.0,0.0,0
forward_start,1780281099.9565566,58,58,58,64,FULL,1780281099.9565566,1780281099.9568794,0.3228187561035156,decode,1,0,452712,0.0,0.0,0
forward_start,1780281099.9565828,60,60,60,64,FULL,1780281099.9565828,1780281099.956799,0.2162456512451172,decode,0,0,452715,0.0,0.0,0
forward_start,1780281099.9697442,58,58,58,64,FULL,1780281099.9697442,1780281099.970107,0.3628730773925781,decode,1,0,452712,0.46634674072265625,1.2851511169513798,2
forward_start,1780281099.9822488,60,60,60,64,FULL,1780281099.9822488,1780281099.9825435,0.29468536376953125,decode,0,0,452715,0.29468536376953125,1.0,1
forward_start,1780281099.985442,60,60,60,64,FULL,1780281099.985442,1780281099.9857318,0.2899169921875,decode,0,0,452715,0.2899169921875,1.0,1
forward_start,1780281099.9854453,58,58,58,64,FULL,1780281099.9854453,1780281099.9857597,0.31447410583496094,decode,1,0,452712,0.31447410583496094,1.0,1
forward_start,1780281099.9973593,60,60,60,64,FULL,1780281099.9973593,1780281099.99756,0.20074844360351562,decode,0,0,452715,0.20074844360351562,1.0,1
forward_start,1780281099.9974325,59,59,59,64,FULL,1780281099.9974325,1780281099.9977598,0.3273487091064453,decode,1,0,452712,0.16117095947265625,0.4923525127458121,1
forward_start,1780281100.0095575,60,60,60,64,FULL,1780281100.0095575,1780281100.0097635,0.20599365234375,decode,0,0,452715,0.0,0.0,0
forward_start,1780281100.0095758,59,59,59,64,FULL,1780281100.0095758,1780281100.0099037,0.32782554626464844,decode,1,0,452712,0.0,0.0,0
forward_start,1780281100.021922,61,61,61,64,FULL,1780281100.021922,1780281100.0221274,0.2052783966064453,decode,0,0,452715,0.0,0.0,0
forward_start,1780281100.021932,59,59,59,64,FULL,1780281100.021932,1780281100.022256,0.32401084899902344,decode,1,0,452712,0.0,0.0,0
forward_start,1780281100.034144,61,61,61,64,FULL,1780281100.034144,1780281100.0343647,0.22077560424804688,decode,0,0,452715,0.0,0.0,0
forward_start,1780281100.0341887,59,59,59,64,FULL,1780281100.0341887,1780281100.0345373,0.3485679626464844,decode,1,0,452712,0.0,0.0,0
forward_start,1780281100.0510247,61,61,61,64,FULL,1780281100.0510247,1780281100.0512595,0.23484230041503906,decode,0,0,452715,0.4696846008300781,2.0,2
forward_start,1780281100.085815,59,59,59,64,FULL,1780281100.085815,1780281100.0860286,0.213623046875,decode,1,0,452712,0.640869140625,3.0,3
forward_start,1780281100.0888267,59,59,59,64,FULL,1780281100.0888267,1780281100.0891268,0.3001689910888672,decode,1,0,452712,0.8745193481445312,2.9134233518665607,3
forward_start,1780281100.0888603,61,61,61,64,FULL,1780281100.0888603,1780281100.0890658,0.20551681518554688,decode,0,0,452715,0.6165504455566406,3.0,3
forward_start,1780281100.100656,59,59,59,64,FULL,1780281100.100656,1780281100.1009665,0.3104209899902344,decode,1,0,452712,0.3592967987060547,1.1574500768049154,2
forward_start,1780281100.1089544,61,61,61,64,FULL,1780281100.1089544,1780281100.1092525,0.2980232238769531,decode,0,0,452715,0.2980232238769531,1.0,1
forward_start,1780281100.1132884,62,62,62,64,FULL,1780281100.1132884,1780281100.1135337,0.2453327178955078,decode,0,0,452715,0.2453327178955078,1.0,1
forward_start,1780281100.1133664,60,60,60,64,FULL,1780281100.1133664,1780281100.1136997,0.3333091735839844,decode,1,0,452712,0.19931793212890625,0.597997138769671,1
forward_start,1780281100.125974,62,62,62,64,FULL,1780281100.125974,1780281100.1261768,0.2028942108154297,decode,0,0,452715,0.0,0.0,0
forward_start,1780281100.1260145,60,60,60,64,FULL,1780281100.1260145,1780281100.1263602,0.3457069396972656,decode,1,0,452712,0.0,0.0,0
forward_start,1780281100.138083,63,63,63,64,FULL,1780281100.138083,1780281100.1382813,0.1983642578125,decode,0,0,452715,0.0,0.0,0
forward_start,1780281100.1381512,60,60,60,64,FULL,1780281100.1381512,1780281100.1385136,0.362396240234375,decode,1,0,452712,0.0,0.0,0
forward_start,1780281100.1505466,63,63,63,64,FULL,1780281100.1505466,1780281100.1507485,0.20194053649902344,decode,0,0,452715,0.0,0.0,0
forward_start,1780281100.1505907,60,60,60,64,FULL,1780281100.1505907,1780281100.1509252,0.3345012664794922,decode,1,0,452712,0.0,0.0,0
forward_start,1780281100.1628814,63,63,63,64,FULL,1780281100.1628814,1780281100.1630828,0.2014636993408203,decode,0,0,452715,0.0,0.0,0
forward_start,1780281100.162908,60,60,60,64,FULL,1780281100.162908,1780281100.1632311,0.3230571746826172,decode,1,0,452712,0.0,0.0,0
forward_start,1780281100.1754708,62,62,62,64,FULL,1780281100.1754708,1780281100.1756852,0.2143383026123047,decode,0,0,452715,0.0,0.0,0
forward_start,1780281100.1755292,60,60,60,64,FULL,1780281100.1755292,1780281100.1758685,0.33926963806152344,decode,1,0,452712,0.0,0.0,0
forward_start,1780281100.1875865,62,62,62,64,FULL,1780281100.1875865,1780281100.1877856,0.1990795135498047,decode,0,0,452715,0.0,0.0,0
forward_start,1780281100.1876197,60,60,60,64,FULL,1780281100.1876197,1780281100.187945,0.32520294189453125,decode,1,0,452712,0.0,0.0,0
forward_start,1780281100.2001674,62,62,62,64,FULL,1780281100.2001674,1780281100.20039,0.22268295288085938,decode,0,0,452715,0.0,0.0,0
forward_start,1780281100.2064114,60,60,60,64,FULL,1780281100.2064114,1780281100.2067354,0.32401084899902344,decode,1,0,452712,0.32401084899902344,1.0,1
forward_start,1780281100.212419,62,62,62,64,FULL,1780281100.212419,1780281100.2126303,0.21123886108398438,decode,0,0,452715,0.21123886108398438,1.0,1
forward_start,1780281100.2124636,60,60,60,64,FULL,1780281100.2124636,1780281100.212768,0.3044605255126953,decode,1,0,452712,0.3044605255126953,1.0,1
forward_start,1780281100.225173,62,62,62,64,FULL,1780281100.225173,1780281100.2254019,0.2288818359375,decode,0,0,452715,0.2288818359375,1.0,1
forward_start,1780281100.2253,59,59,59,64,FULL,1780281100.2253,1780281100.2256453,0.3452301025390625,decode,1,0,452712,0.3452301025390625,1.0,1
forward_start,1780281100.2373114,62,62,62,64,FULL,1780281100.2373114,1780281100.2375631,0.25177001953125,decode,0,0,452715,0.0,0.0,0
forward_start,1780281100.2373574,59,59,59,64,FULL,1780281100.2373574,1780281100.23769,0.3325939178466797,decode,1,0,452712,0.0,0.0,0
forward_start,1780281100.2501383,61,61,61,64,FULL,1780281100.2501383,1780281100.250357,0.2186298370361328,decode,0,0,452715,0.0,0.0,0
forward_start,1780281100.2501721,60,60,60,64,FULL,1780281100.2501721,1780281100.2505324,0.36025047302246094,decode,1,0,452712,0.0,0.0,0
forward_start,1780281100.2628753,61,61,61,64,FULL,1780281100.2628753,1780281100.263076,0.20074844360351562,decode,0,0,452715,0.0,0.0,0
forward_start,1780281100.2629225,60,60,60,64,FULL,1780281100.2629225,1780281100.2632492,0.3266334533691406,decode,1,0,452712,0.0,0.0,0
forward_start,1780281100.2749255,61,61,61,64,FULL,1780281100.2749255,1780281100.2751276,0.202178955078125,decode,0,0,452715,0.0,0.0,0
forward_start,1780281100.2927914,60,60,60,64,FULL,1780281100.2927914,1780281100.293034,0.24271011352539062,decode,1,0,452712,0.24271011352539062,1.0,1
forward_start,1780281100.2960193,61,61,61,64,FULL,1780281100.2960193,1780281100.2962198,0.20051002502441406,decode,0,0,452715,0.20051002502441406,1.0,1
forward_start,1780281100.2960536,60,60,60,64,FULL,1780281100.2960536,1780281100.2963767,0.3230571746826172,decode,1,0,452712,0.3230571746826172,1.0,1
forward_start,1780281100.3096166,60,60,60,64,FULL,1780281100.3096166,1780281100.3099623,0.3457069396972656,decode,1,0,452712,1.0371208190917969,3.0,3
forward_start,1780281100.3173194,61,61,61,64,FULL,1780281100.3173194,1780281100.317618,0.29850006103515625,decode,0,0,452715,0.5970001220703125,2.0,2
forward_start,1780281100.3201861,61,61,61,64,FULL,1780281100.3201861,1780281100.320417,0.2307891845703125,decode,0,0,452715,0.461578369140625,2.0,2
forward_start,1780281100.320291,60,60,60,64,FULL,1780281100.320291,1780281100.3206503,0.3592967987060547,decode,1,0,452712,0.5207061767578125,1.449236894492369,2
forward_start,1780281100.3325028,61,61,61,64,FULL,1780281100.3325028,1780281100.332725,0.22220611572265625,decode,0,0,452715,0.0,0.0,0
forward_start,1780281100.3325222,61,61,61,64,FULL,1780281100.3325222,1780281100.3328478,0.3256797790527344,decode,1,0,452712,0.0,0.0,0
forward_start,1780281100.3449793,62,62,62,64,FULL,1780281100.3449793,1780281100.3451684,0.18906593322753906,decode,0,0,452715,0.0,0.0,0
forward_start,1780281100.3450632,62,62,62,64,FULL,1780281100.3450632,1780281100.3454113,0.34809112548828125,decode,1,0,452712,0.0,0.0,0
forward_start,1780281100.357374,62,62,62,64,FULL,1780281100.357374,1780281100.3575873,0.21338462829589844,decode,0,0,452715,0.0,0.0,0
forward_start,1780281100.35742,61,61,61,64,FULL,1780281100.35742,1780281100.3577535,0.33354759216308594,decode,1,0,452712,0.0,0.0,0
forward_start,1780281100.3697,62,62,62,64,FULL,1780281100.3697,1780281100.3698997,0.19979476928710938,decode,0,0,452715,0.0,0.0,0
forward_start,1780281100.3697486,61,61,61,64,FULL,1780281100.3697486,1780281100.370079,0.3304481506347656,decode,1,0,452712,0.0,0.0,0
forward_start,1780281100.382409,61,61,61,64,FULL,1780281100.382409,1780281100.3827372,0.32806396484375,decode,1,0,452712,0.24557113647460938,0.748546511627907,1
forward_start,1780281100.385482,62,62,62,64,FULL,1780281100.385482,1780281100.385716,0.2338886260986328,decode,0,0,452715,0.2338886260986328,1.0,1
forward_start,1780281100.3948402,62,62,62,64,FULL,1780281100.3948402,1780281100.3950443,0.2040863037109375,decode,0,0,452715,0.2040863037109375,1.0,1
forward_start,1780281100.3948824,61,61,61,64,FULL,1780281100.3948824,1780281100.3952188,0.3364086151123047,decode,1,0,452712,0.19407272338867188,0.5768958185683912,1
forward_start,1780281100.4070654,62,62,62,64,FULL,1780281100.4070654,1780281100.4072654,0.20003318786621094,decode,0,0,452715,0.0,0.0,0
forward_start,1780281100.4071245,61,61,61,64,FULL,1780281100.4071245,1780281100.407473,0.3485679626464844,decode,1,0,452712,0.0,0.0,0
forward_start,1780281100.4195838,63,63,63,64,FULL,1780281100.4195838,1780281100.4197857,0.20194053649902344,decode,0,0,452715,0.0,0.0,0
forward_start,1780281100.4196205,61,61,61,64,FULL,1780281100.4196205,1780281100.4199505,0.3299713134765625,decode,1,0,452712,0.0,0.0,0
forward_start,1780281100.431912,63,63,63,64,FULL,1780281100.431912,1780281100.432114,0.20194053649902344,decode,0,0,452715,0.0,0.0,0
forward_start,1780281100.431945,61,61,61,64,FULL,1780281100.431945,1780281100.4322748,0.32973289489746094,decode,1,0,452712,0.0,0.0,0
forward_start,1780281100.444277,63,63,63,64,FULL,1780281100.444277,1780281100.4445264,0.24938583374023438,decode,0,0,452715,0.0,0.0,0
forward_start,1780281100.4443533,61,61,61,64,FULL,1780281100.4443533,1780281100.4446776,0.324249267578125,decode,1,0,452712,0.0,0.0,0
forward_start,1780281100.4569418,63,63,63,64,FULL,1780281100.4569418,1780281100.457139,0.1971721649169922,decode,0,0,452715,0.0,0.0,0
forward_start,1780281100.4569643,61,61,61,64,FULL,1780281100.4569643,1780281100.4572957,0.3314018249511719,decode,1,0,452712,0.0,0.0,0
forward_start,1780281100.4696805,63,63,63,64,FULL,1780281100.4696805,1780281100.4699101,0.2295970916748047,decode,0,0,452715,0.0,0.0,0
forward_start,1780281100.4697208,60,60,60,64,FULL,1780281100.4697208,1780281100.4700556,0.33473968505859375,decode,1,0,452712,0.0,0.0,0
forward_start,1780281100.4822512,62,62,62,64,FULL,1780281100.4822512,1780281100.4824855,0.23436546325683594,decode,0,0,452715,0.0,0.0,0
forward_start,1780281100.4823103,60,60,60,64,FULL,1780281100.4823103,1780281100.48265,0.33974647521972656,decode,1,0,452712,0.0,0.0,0
forward_start,1780281100.4942074,62,62,62,64,FULL,1780281100.4942074,1780281100.494448,0.24056434631347656,decode,0,0,452715,0.0,0.0,0
forward_start,1780281100.494267,60,60,60,64,FULL,1780281100.494267,1780281100.4946158,0.34880638122558594,decode,1,0,452712,0.0,0.0,0
forward_start,1780281100.5071826,62,62,62,64,FULL,1780281100.5071826,1780281100.5074136,0.23102760314941406,decode,0,0,452715,0.0,0.0,0
forward_start,1780281100.5072293,60,60,60,64,FULL,1780281100.5072293,1780281100.5075758,0.3464221954345703,decode,1,0,452712,0.0,0.0,0
forward_start,1780281100.5193858,61,61,61,64,FULL,1780281100.5193858,1780281100.5196009,0.21505355834960938,decode,0,0,452715,0.0,0.0,0
forward_start,1780281100.519444,60,60,60,64,FULL,1780281100.519444,1780281100.519772,0.32806396484375,decode,1,0,452712,0.0,0.0,0
forward_start,1780281100.5320446,61,61,61,64,FULL,1780281100.5320446,1780281100.532249,0.20432472229003906,decode,0,0,452715,0.06127357482910156,0.2998833138856476,1
forward_start,1780281100.5348814,60,60,60,64,FULL,1780281100.5348814,1780281100.5352578,0.3764629364013672,decode,1,0,452712,0.3764629364013672,1.0,1
forward_start,1780281100.5445426,61,61,61,64,FULL,1780281100.5445426,1780281100.544763,0.2205371856689453,decode,0,0,452715,0.2205371856689453,1.0,1
forward_start,1780281100.544653,59,59,59,64,FULL,1780281100.544653,1780281100.5449855,0.3325939178466797,decode,1,0,452712,0.3325939178466797,1.0,1
forward_start,1780281100.5567648,61,61,61,64,FULL,1780281100.5567648,1780281100.5569546,0.18978118896484375,decode,0,0,452715,0.0,0.0,0
forward_start,1780281100.5568533,59,59,59,64,FULL,1780281100.5568533,1780281100.5571885,0.3352165222167969,decode,1,0,452712,0.0,0.0,0
forward_start,1780281100.5693293,61,61,61,64,FULL,1780281100.5693293,1780281100.5695739,0.24461746215820312,decode,0,0,452715,0.0,0.0,0
forward_start,1780281100.569357,60,60,60,64,FULL,1780281100.569357,1780281100.5696752,0.31828880310058594,decode,1,0,452712,0.0,0.0,0
forward_start,1780281100.581773,61,61,61,64,FULL,1780281100.581773,1780281100.5819838,0.21076202392578125,decode,0,0,452715,0.0,0.0,0
forward_start,1780281100.5818758,60,60,60,64,FULL,1780281100.5818758,1780281100.582197,0.3211498260498047,decode,1,0,452712,0.0,0.0,0
forward_start,1780281100.5941687,61,61,61,64,FULL,1780281100.5941687,1780281100.5943944,0.2257823944091797,decode,0,0,452715,0.0,0.0,0
forward_start,1780281100.5942414,60,60,60,64,FULL,1780281100.5942414,1780281100.594592,0.35071372985839844,decode,1,0,452712,0.0,0.0,0
forward_start,1780281100.6067133,61,61,61,64,FULL,1780281100.6067133,1780281100.6069326,0.2193450927734375,decode,0,0,452715,0.0,0.0,0
forward_start,1780281100.606798,60,60,60,64,FULL,1780281100.606798,1780281100.6071231,0.32520294189453125,decode,1,0,452712,0.0,0.0,0
forward_start,1780281100.6190207,61,61,61,64,FULL,1780281100.6190207,1780281100.6192198,0.1990795135498047,decode,0,0,452715,0.0,0.0,0
forward_start,1780281100.6190712,60,60,60,64,FULL,1780281100.6190712,1780281100.6194308,0.35953521728515625,decode,1,0,452712,0.0,0.0,0
forward_start,1780281100.6316614,60,60,60,64,FULL,1780281100.6316614,1780281100.6319861,0.3247261047363281,decode,1,0,452712,0.23245811462402344,0.7158590308370044,1
forward_start,1780281100.6375785,61,61,61,64,FULL,1780281100.6375785,1780281100.6377969,0.21839141845703125,decode,0,0,452715,0.21839141845703125,1.0,1
forward_start,1780281100.6437843,61,61,61,64,FULL,1780281100.6437843,1780281100.643976,0.19168853759765625,decode,0,0,452715,0.19168853759765625,1.0,1
forward_start,1780281100.643903,60,60,60,64,FULL,1780281100.643903,1780281100.6442375,0.3345012664794922,decode,1,0,452712,0.11277198791503906,0.33713471133285816,1
forward_start,1780281100.6565814,60,60,60,64,FULL,1780281100.6565814,1780281100.6568995,0.3180503845214844,decode,1,0,452712,0.0,0.0,0
forward_start,1780281100.6566064,61,61,61,64,FULL,1780281100.6566064,1780281100.656809,0.20265579223632812,decode,0,0,452715,0.0,0.0,0
forward_start,1780281100.6694438,62,62,62,64,FULL,1780281100.6694438,1780281100.669651,0.2071857452392578,decode,0,0,452715,0.0,0.0,0
forward_start,1780281100.669481,60,60,60,64,FULL,1780281100.669481,1780281100.6698108,0.32973289489746094,decode,1,0,452712,0.0,0.0,0
forward_start,1780281100.681086,62,62,62,64,FULL,1780281100.681086,1780281100.6812878,0.20170211791992188,decode,0,0,452715,0.0,0.0,0
forward_start,1780281100.6811218,60,60,60,64,FULL,1780281100.6811218,1780281100.681473,0.35119056701660156,decode,1,0,452712,0.0,0.0,0
forward_start,1780281100.6936367,61,61,61,64,FULL,1780281100.6936367,1780281100.693829,0.19240379333496094,decode,0,0,452715,0.0,0.0,0
forward_start,1780281100.6936998,58,58,58,64,FULL,1780281100.6936998,1780281100.6940436,0.3437995910644531,decode,1,0,452712,0.0,0.0,0
forward_start,1780281100.7060568,61,61,61,64,FULL,1780281100.7060568,1780281100.70626,0.20313262939453125,decode,0,0,452715,0.0,0.0,0
forward_start,1780281100.7061293,58,58,58,64,FULL,1780281100.7061293,1780281100.7064722,0.3428459167480469,decode,1,0,452712,0.0,0.0,0
forward_start,1780281100.7183986,61,61,61,64,FULL,1780281100.7183986,1780281100.7186131,0.21457672119140625,decode,0,0,452715,0.0,0.0,0
forward_start,1780281100.7258632,58,58,58,64,FULL,1780281100.7258632,1780281100.7261817,0.3185272216796875,decode,1,0,452712,0.3185272216796875,1.0,1
forward_start,1780281100.7308576,61,61,61,64,FULL,1780281100.7308576,1780281100.7310655,0.2079010009765625,decode,0,0,452715,0.2079010009765625,1.0,1
forward_start,1780281100.730906,58,58,58,64,FULL,1780281100.730906,1780281100.7312143,0.3082752227783203,decode,1,0,452712,0.3082752227783203,1.0,1
forward_start,1780281100.7430067,61,61,61,64,FULL,1780281100.7430067,1780281100.7432034,0.19669532775878906,decode,0,0,452715,0.19669532775878906,1.0,1
forward_start,1780281100.7430434,58,58,58,64,FULL,1780281100.7430434,1780281100.7433908,0.34737586975097656,decode,1,0,452712,0.34737586975097656,1.0,1
forward_start,1780281100.7561173,61,61,61,64,FULL,1780281100.7561173,1780281100.7563226,0.2052783966064453,decode,0,0,452715,0.0,0.0,0
forward_start,1780281100.7561936,58,58,58,64,FULL,1780281100.7561936,1780281100.7565434,0.3497600555419922,decode,1,0,452712,0.0,0.0,0
forward_start,1780281100.768545,61,61,61,64,FULL,1780281100.768545,1780281100.7687469,0.20194053649902344,decode,0,0,452715,0.0,0.0,0
forward_start,1780281100.7685857,59,59,59,64,FULL,1780281100.7685857,1780281100.768916,0.33020973205566406,decode,1,0,452712,0.0,0.0,0
forward_start,1780281100.7803676,61,61,61,64,FULL,1780281100.7803676,1780281100.78059,0.2224445343017578,decode,0,0,452715,0.0,0.0,0
forward_start,1780281100.780447,59,59,59,64,FULL,1780281100.780447,1780281100.780779,0.331878662109375,decode,1,0,452712,0.0,0.0,0
forward_start,1780281100.7929296,61,61,61,64,FULL,1780281100.7929296,1780281100.793136,0.20623207092285156,decode,0,0,452715,0.0,0.0,0
forward_start,1780281100.7929585,59,59,59,64,FULL,1780281100.7929585,1780281100.7932813,0.3228187561035156,decode,1,0,452712,0.0,0.0,0
forward_start,1780281100.8055177,61,61,61,64,FULL,1780281100.8055177,1780281100.8057168,0.1990795135498047,decode,0,0,452715,0.0,0.0,0
forward_start,1780281100.805535,58,58,58,64,FULL,1780281100.805535,1780281100.8058717,0.33664703369140625,decode,1,0,452712,0.0,0.0,0
forward_start,1780281100.8173149,61,61,61,64,FULL,1780281100.8173149,1780281100.8175428,0.22792816162109375,decode,0,0,452715,0.0,0.0,0
forward_start,1780281100.8173711,58,58,58,64,FULL,1780281100.8173711,1780281100.817712,0.3409385681152344,decode,1,0,452712,0.0,0.0,0
forward_start,1780281100.8299804,61,61,61,64,FULL,1780281100.8299804,1780281100.8301926,0.21219253540039062,decode,0,0,452715,0.0,0.0,0
forward_start,1780281100.829983,58,58,58,64,FULL,1780281100.829983,1780281100.8303027,0.3197193145751953,decode,1,0,452712,0.0,0.0,0
forward_start,1780281100.842609,58,58,58,64,FULL,1780281100.842609,1780281100.84293,0.3211498260498047,decode,1,0,452712,0.0,0.0,0
forward_start,1780281100.8426287,60,60,60,64,FULL,1780281100.8426287,1780281100.8428354,0.2067089080810547,decode,0,0,452715,0.0,0.0,0
forward_start,1780281100.854792,60,60,60,64,FULL,1780281100.854792,1780281100.8549943,0.202178955078125,decode,0,0,452715,0.0,0.0,0
forward_start,1780281100.854834,58,58,58,64,FULL,1780281100.854834,1780281100.8551555,0.32138824462890625,decode,1,0,452712,0.0,0.0,0
forward_start,1780281100.8671505,60,60,60,64,FULL,1780281100.8671505,1780281100.867392,0.2415180206298828,decode,0,0,452715,0.0,0.0,0
forward_start,1780281100.8671556,58,58,58,64,FULL,1780281100.8671556,1780281100.8674955,0.3399848937988281,decode,1,0,452712,0.0,0.0,0
forward_start,1780281100.8798587,58,58,58,64,FULL,1780281100.8798587,1780281100.880168,0.30922889709472656,decode,1,0,452712,0.0,0.0,0
forward_start,1780281100.8799267,60,60,60,64,FULL,1780281100.8799267,1780281100.8801374,0.21076202392578125,decode,0,0,452715,0.0,0.0,0
forward_start,1780281100.8950229,58,58,58,64,FULL,1780281100.8950229,1780281100.895389,0.3662109375,decode,1,0,452712,0.732421875,2.0,2
forward_start,1780281100.9003024,60,60,60,64,FULL,1780281100.9003024,1780281100.9006667,0.3643035888671875,decode,0,0,452715,0.728607177734375,2.0,2
forward_start,1780281100.904739,58,58,58,64,FULL,1780281100.904739,1780281100.9050522,0.3132820129394531,decode,1,0,452712,0.6265640258789062,2.0,2
forward_start,1780281100.9048355,60,60,60,64,FULL,1780281100.9048355,1780281100.90506,0.22459030151367188,decode,0,0,452715,0.44918060302734375,2.0,2
forward_start,1780281100.9172142,60,60,60,64,FULL,1780281100.9172142,1780281100.9174664,0.2522468566894531,decode,0,0,452715,0.43702125549316406,1.7325141776937618,2
forward_start,1780281100.9178479,57,57,57,64,FULL,1780281100.9178479,1780281100.9182165,0.3685951232910156,decode,1,0,452712,0.3685951232910156,1.0,1
forward_start,1780281100.9298296,58,58,58,64,FULL,1780281100.9298296,1780281100.9301567,0.32711029052734375,decode,1,0,452712,0.0,0.0,0
forward_start,1780281100.9298663,60,60,60,64,FULL,1780281100.9298663,1780281100.9300778,0.21147727966308594,decode,0,0,452715,0.0,0.0,0
forward_start,1780281100.9421582,61,61,61,64,FULL,1780281100.9421582,1780281100.9423845,0.2262592315673828,decode,0,0,452715,0.0,0.0,0
forward_start,1780281100.9421797,59,59,59,64,FULL,1780281100.9421797,1780281100.9425302,0.3504753112792969,decode,1,0,452712,0.0,0.0,0
forward_start,1780281100.9544964,61,61,61,64,FULL,1780281100.9544964,1780281100.9547248,0.22840499877929688,decode,0,0,452715,0.0,0.0,0
forward_start,1780281100.954535,59,59,59,64,FULL,1780281100.954535,1780281100.9548569,0.3218650817871094,decode,1,0,452712,0.0,0.0,0
forward_start,1780281100.9667757,61,61,61,64,FULL,1780281100.9667757,1780281100.9669926,0.21696090698242188,decode,0,0,452715,0.0,0.0,0
forward_start,1780281100.966776,59,59,59,64,FULL,1780281100.966776,1780281100.9671,0.32401084899902344,decode,1,0,452712,0.0,0.0,0
forward_start,1780281100.9795568,59,59,59,64,FULL,1780281100.9795568,1780281100.9798734,0.316619873046875,decode,1,0,452712,0.0,0.0,0
forward_start,1780281100.9795766,60,60,60,64,FULL,1780281100.9795766,1780281100.9797947,0.2181529998779297,decode,0,0,452715,0.0,0.0,0
forward_start,1780281100.9915483,60,60,60,64,FULL,1780281100.9915483,1780281100.991735,0.18668174743652344,decode,0,0,452715,0.0,0.0,0
forward_start,1780281100.991609,59,59,59,64,FULL,1780281100.991609,1780281100.9919384,0.3292560577392578,decode,1,0,452712,0.0,0.0,0
forward_start,1780281101.0039837,60,60,60,64,FULL,1780281101.0039837,1780281101.0041869,0.20313262939453125,decode,0,0,452715,0.0,0.0,0
forward_start,1780281101.0040312,59,59,59,64,FULL,1780281101.0040312,1780281101.0043879,0.3566741943359375,decode,1,0,452712,0.0,0.0,0
forward_start,1780281101.0165553,59,59,59,64,FULL,1780281101.0165553,1780281101.0168788,0.3235340118408203,decode,1,0,452712,0.0,0.0,0
forward_start,1780281101.016607,60,60,60,64,FULL,1780281101.016607,1780281101.0168228,0.21576881408691406,decode,0,0,452715,0.0,0.0,0
forward_start,1780281101.0290744,60,60,60,64,FULL,1780281101.0290744,1780281101.0292833,0.20885467529296875,decode,0,0,452715,0.0,0.0,0
forward_start,1780281101.0291226,59,59,59,64,FULL,1780281101.0291226,1780281101.0294635,0.3409385681152344,decode,1,0,452712,0.0,0.0,0
forward_start,1780281101.0413818,60,60,60,64,FULL,1780281101.0413818,1780281101.0415845,0.20265579223632812,decode,0,0,452715,0.0,0.0,0
forward_start,1780281101.041444,59,59,59,64,FULL,1780281101.041444,1780281101.0417693,0.32520294189453125,decode,1,0,452712,0.0,0.0,0
forward_start,1780281101.0540714,59,59,59,64,FULL,1780281101.0540714,1780281101.0542684,0.19693374633789062,decode,0,0,452715,0.0,0.0,0
forward_start,1780281101.054128,59,59,59,64,FULL,1780281101.054128,1780281101.0544698,0.3418922424316406,decode,1,0,452712,0.0,0.0,0
forward_start,1780281101.067022,59,59,59,64,FULL,1780281101.067022,1780281101.067232,0.209808349609375,decode,0,0,452715,0.06222724914550781,0.29659090909090907,1
forward_start,1780281101.0733027,59,59,59,64,FULL,1780281101.0733027,1780281101.073675,0.37217140197753906,decode,1,0,452712,0.37217140197753906,1.0,1
forward_start,1780281101.0790908,59,59,59,64,FULL,1780281101.0790908,1780281101.079433,0.3421306610107422,decode,1,0,452712,0.5135536193847656,1.5010452961672474,2
forward_start,1780281101.0875413,59,59,59,64,FULL,1780281101.0875413,1780281101.0878491,0.3077983856201172,decode,0,0,452715,0.3077983856201172,1.0,1
forward_start,1780281101.091486,59,59,59,64,FULL,1780281101.091486,1780281101.0917053,0.2193450927734375,decode,0,0,452715,0.2193450927734375,1.0,1
forward_start,1780281101.091519,59,59,59,64,FULL,1780281101.091519,1780281101.0918481,0.32901763916015625,decode,1,0,452712,0.2193450927734375,0.6666666666666666,1
forward_start,1780281101.1043568,59,59,59,64,FULL,1780281101.1043568,1780281101.104575,0.2181529998779297,decode,0,0,452715,0.0,0.0,0
forward_start,1780281101.104406,60,60,60,64,FULL,1780281101.104406,1780281101.104751,0.34499168395996094,decode,1,0,452712,0.0,0.0,0
forward_start,1780281101.1164255,60,60,60,64,FULL,1780281101.1164255,1780281101.1166296,0.2040863037109375,decode,0,0,452715,0.0,0.0,0
forward_start,1780281101.1164727,60,60,60,64,FULL,1780281101.1164727,1780281101.1168022,0.3294944763183594,decode,1,0,452712,0.0,0.0,0
forward_start,1780281101.129306,59,59,59,64,FULL,1780281101.129306,1780281101.1295433,0.2372264862060547,decode,0,0,452715,0.0,0.0,0
forward_start,1780281101.129379,60,60,60,64,FULL,1780281101.129379,1780281101.1297073,0.32830238342285156,decode,1,0,452712,0.0,0.0,0
forward_start,1780281101.1416342,59,59,59,64,FULL,1780281101.1416342,1780281101.141833,0.19884109497070312,decode,0,0,452715,0.0,0.0,0
forward_start,1780281101.141682,59,59,59,64,FULL,1780281101.141682,1780281101.1420248,0.3428459167480469,decode,1,0,452712,0.0,0.0,0
forward_start,1780281101.1539557,58,58,58,64,FULL,1780281101.1539557,1780281101.1541529,0.1971721649169922,decode,0,0,452715,0.0,0.0,0
forward_start,1780281101.1539857,59,59,59,64,FULL,1780281101.1539857,1780281101.1543145,0.3287792205810547,decode,1,0,452712,0.0,0.0,0
forward_start,1780281101.1665468,58,58,58,64,FULL,1780281101.1665468,1780281101.1668775,0.3306865692138672,decode,1,0,452712,0.0,0.0,0
forward_start,1780281101.1666496,57,57,57,64,FULL,1780281101.1666496,1780281101.166855,0.20551681518554688,decode,0,0,452715,0.0,0.0,0
forward_start,1780281101.1788557,57,57,57,64,FULL,1780281101.1788557,1780281101.1790953,0.2396106719970703,decode,0,0,452715,0.0,0.0,0
forward_start,1780281101.1788962,58,58,58,64,FULL,1780281101.1788962,1780281101.1792295,0.3333091735839844,decode,1,0,452712,0.0,0.0,0
forward_start,1780281101.1913965,57,57,57,64,FULL,1780281101.1913965,1780281101.19165,0.25343894958496094,decode,0,0,452715,0.0,0.0,0
forward_start,1780281101.1914504,58,58,58,64,FULL,1780281101.1914504,1780281101.191778,0.3275871276855469,decode,1,0,452712,0.0,0.0,0
forward_start,1780281101.2039428,56,56,56,64,FULL,1780281101.2039428,1780281101.2041457,0.2028942108154297,decode,0,0,452715,0.0,0.0,0
forward_start,1780281101.2039654,58,58,58,64,FULL,1780281101.2039654,1780281101.2042952,0.32973289489746094,decode,1,0,452712,0.0,0.0,0
forward_start,1780281101.2161102,56,56,56,64,FULL,1780281101.2161102,1780281101.2163112,0.2009868621826172,decode,0,0,452715,0.0,0.0,0
forward_start,1780281101.2161286,58,58,58,64,FULL,1780281101.2161286,1780281101.2164874,0.35881996154785156,decode,1,0,452712,0.0,0.0,0
forward_start,1780281101.2288907,55,55,55,64,FULL,1780281101.2288907,1780281101.2290955,0.2048015594482422,decode,0,0,452715,0.0,0.0,0
forward_start,1780281101.2288983,58,58,58,64,FULL,1780281101.2288983,1780281101.2292283,0.3299713134765625,decode,1,0,452712,0.0,0.0,0
forward_start,1780281101.2411501,58,58,58,64,FULL,1780281101.2411501,1780281101.2414825,0.3323554992675781,decode,1,0,452712,0.0,0.0,0
forward_start,1780281101.241154,55,55,55,64,FULL,1780281101.241154,1780281101.2413967,0.24271011352539062,decode,0,0,452715,0.0,0.0,0
forward_start,1780281101.253635,55,55,55,64,FULL,1780281101.253635,1780281101.253847,0.21195411682128906,decode,0,0,452715,0.0,0.0,0
forward_start,1780281101.2536597,58,58,58,64,FULL,1780281101.2536597,1780281101.253988,0.32830238342285156,decode,1,0,452712,0.0,0.0,0
forward_start,1780281101.2662945,55,55,55,64,FULL,1780281101.2662945,1780281101.2665331,0.23865699768066406,decode,0,0,452715,0.0,0.0,0
forward_start,1780281101.2663152,57,57,57,64,FULL,1780281101.2663152,1780281101.2666643,0.3490447998046875,decode,1,0,452712,0.0,0.0,0
forward_start,1780281101.2787178,57,57,57,64,FULL,1780281101.2787178,1780281101.2790399,0.32210350036621094,decode,1,0,452712,0.05221366882324219,0.16210214655810512,1
forward_start,1780281101.2865517,55,55,55,64,FULL,1780281101.2865517,1780281101.2868454,0.293731689453125,decode,0,0,452715,0.293731689453125,1.0,1
forward_start,1780281101.2912161,55,55,55,64,FULL,1780281101.2912161,1780281101.2914884,0.2722740173339844,decode,0,0,452715,0.38814544677734375,1.425569176882662,2
forward_start,1780281101.2919426,57,57,57,64,FULL,1780281101.2919426,1780281101.2923012,0.35858154296875,decode,1,0,452712,0.7171630859375,2.0,2
forward_start,1780281101.3039873,55,55,55,56,FULL,1780281101.3039873,1780281101.3044066,0.41937828063964844,decode,0,0,452715,0.41937828063964844,1.0,1
forward_start,1780281101.304046,56,56,56,56,FULL,1780281101.304046,1780281101.3044436,0.39768218994140625,decode,1,0,452712,0.3948211669921875,0.9928057553956835,1
forward_start,1780281101.3161647,55,55,55,64,FULL,1780281101.3161647,1780281101.3163915,0.22673606872558594,decode,0,0,452715,0.0,0.0,0
forward_start,1780281101.3162107,57,57,57,64,FULL,1780281101.3162107,1780281101.3165503,0.339508056640625,decode,1,0,452712,0.0,0.0,0
forward_start,1780281101.3287024,56,56,56,64,FULL,1780281101.3287024,1780281101.328902,0.1995563507080078,decode,0,0,452715,0.0,0.0,0
forward_start,1780281101.3287597,57,57,57,64,FULL,1780281101.3287597,1780281101.3290825,0.3228187561035156,decode,1,0,452712,0.0,0.0,0
forward_start,1780281101.3411329,56,56,56,64,FULL,1780281101.3411329,1780281101.341383,0.25010108947753906,decode,0,0,452715,0.0,0.0,0
forward_start,1780281101.341174,57,57,57,64,FULL,1780281101.341174,1780281101.34152,0.34618377685546875,decode,1,0,452712,0.0,0.0,0
forward_start,1780281101.3535187,56,56,56,64,FULL,1780281101.3535187,1780281101.3537133,0.194549560546875,decode,0,0,452715,0.0,0.0,0
forward_start,1780281101.3536355,57,57,57,64,FULL,1780281101.3536355,1780281101.353965,0.3294944763183594,decode,1,0,452712,0.0,0.0,0
forward_start,1780281101.3659875,56,56,56,64,FULL,1780281101.3659875,1780281101.3661876,0.20003318786621094,decode,0,0,452715,0.0,0.0,0
forward_start,1780281101.3660119,57,57,57,64,FULL,1780281101.3660119,1780281101.3663585,0.3466606140136719,decode,1,0,452712,0.0,0.0,0
forward_start,1780281101.3835468,56,56,56,64,FULL,1780281101.3835468,1780281101.383772,0.225067138671875,decode,0,0,452715,0.45013427734375,2.0,2
forward_start,1780281101.3840594,57,57,57,64,FULL,1780281101.3840594,1780281101.3844044,0.34499168395996094,decode,1,0,452712,0.6899833679199219,2.0,2
forward_start,1780281101.3910463,56,56,56,64,FULL,1780281101.3910463,1780281101.3912518,0.20551681518554688,decode,0,0,452715,0.41103363037109375,2.0,2
forward_start,1780281101.391072,57,57,57,64,FULL,1780281101.391072,1780281101.3914206,0.3485679626464844,decode,1,0,452712,0.5621910095214844,1.612859097127223,2
forward_start,1780281101.4034948,56,56,56,64,FULL,1780281101.4034948,1780281101.4037156,0.22077560424804688,decode,0,0,452715,0.0,0.0,0
forward_start,1780281101.4035308,57,57,57,64,FULL,1780281101.4035308,1780281101.403856,0.32520294189453125,decode,1,0,452712,0.0,0.0,0
forward_start,1780281101.4160323,57,57,57,64,FULL,1780281101.4160323,1780281101.416244,0.2117156982421875,decode,0,0,452715,0.0,0.0,0
forward_start,1780281101.4212582,58,58,58,64,FULL,1780281101.4212582,1780281101.421584,0.3256797790527344,decode,1,0,452712,0.3256797790527344,1.0,1
forward_start,1780281101.4285805,57,57,57,64,FULL,1780281101.4285805,1780281101.4287825,0.20194053649902344,decode,0,0,452715,0.20194053649902344,1.0,1
forward_start,1780281101.4285908,57,57,57,64,FULL,1780281101.4285908,1780281101.4289334,0.3426074981689453,decode,1,0,452712,0.3426074981689453,1.0,1
forward_start,1780281101.440883,56,56,56,64,FULL,1780281101.440883,1780281101.4410853,0.20241737365722656,decode,0,0,452715,0.0,0.0,0
forward_start,1780281101.4409082,57,57,57,64,FULL,1780281101.4409082,1780281101.4412417,0.33354759216308594,decode,1,0,452712,0.0,0.0,0
forward_start,1780281101.4534223,56,56,56,64,FULL,1780281101.4534223,1780281101.453632,0.209808349609375,decode,0,0,452715,0.0,0.0,0
forward_start,1780281101.4534633,58,58,58,64,FULL,1780281101.4534633,1780281101.453796,0.3325939178466797,decode,1,0,452712,0.0,0.0,0
forward_start,1780281101.466071,58,58,58,64,FULL,1780281101.466071,1780281101.466424,0.35309791564941406,decode,1,0,452712,0.0,0.0,0
forward_start,1780281101.4660814,56,56,56,64,FULL,1780281101.4660814,1780281101.466287,0.20551681518554688,decode,0,0,452715,0.0,0.0,0
forward_start,1780281101.4780877,58,58,58,64,FULL,1780281101.4780877,1780281101.478428,0.3402233123779297,decode,1,0,452712,0.15234947204589844,0.4477925718290119,1
forward_start,1780281101.4827428,56,56,56,64,FULL,1780281101.4827428,1780281101.4829798,0.23698806762695312,decode,0,0,452715,0.23698806762695312,1.0,1
forward_start,1780281101.4905798,56,56,56,64,FULL,1780281101.4905798,1780281101.4907925,0.21266937255859375,decode,0,0,452715,0.2856254577636719,1.34304932735426,2
forward_start,1780281101.4942627,58,58,58,64,FULL,1780281101.4942627,1780281101.4946423,0.3795623779296875,decode,1,0,452712,0.759124755859375,2.0,2
forward_start,1780281101.5030677,56,56,56,64,FULL,1780281101.5030677,1780281101.5032656,0.19788742065429688,decode,0,0,452715,0.39577484130859375,2.0,2
forward_start,1780281101.5031173,58,58,58,64,FULL,1780281101.5031173,1780281101.5034783,0.3609657287597656,decode,1,0,452712,0.5390644073486328,1.4933949801849407,2
forward_start,1780281101.5157835,57,57,57,64,FULL,1780281101.5157835,1780281101.51609,0.3063678741455078,decode,1,0,452712,0.09036064147949219,0.29494163424124514,1
forward_start,1780281101.5225568,56,56,56,64,FULL,1780281101.5225568,1780281101.5227993,0.24247169494628906,decode,0,0,452715,0.24247169494628906,1.0,1
forward_start,1780281101.528495,57,57,57,64,FULL,1780281101.528495,1780281101.5287013,0.20623207092285156,decode,0,0,452715,0.20623207092285156,1.0,1
forward_start,1780281101.5285308,58,58,58,64,FULL,1780281101.5285308,1780281101.5288587,0.32782554626464844,decode,1,0,452712,0.20170211791992188,0.6152727272727273,1
forward_start,1780281101.540537,57,57,57,64,FULL,1780281101.540537,1780281101.5407417,0.20456314086914062,decode,0,0,452715,0.0,0.0,0
forward_start,1780281101.5405872,58,58,58,64,FULL,1780281101.5405872,1780281101.540929,0.3418922424316406,decode,1,0,452712,0.0,0.0,0
forward_start,1780281101.5533793,58,58,58,64,FULL,1780281101.5533793,1780281101.5536323,0.2529621124267578,decode,0,0,452715,0.0,0.0,0
forward_start,1780281101.5534143,58,58,58,64,FULL,1780281101.5534143,1780281101.5537417,0.3273487091064453,decode,1,0,452712,0.0,0.0,0
forward_start,1780281101.5656667,58,58,58,64,FULL,1780281101.5656667,1780281101.565867,0.2002716064453125,decode,0,0,452715,0.0,0.0,0
forward_start,1780281101.5656965,58,58,58,64,FULL,1780281101.5656965,1780281101.5660255,0.32901763916015625,decode,1,0,452712,0.0,0.0,0
forward_start,1780281101.5782697,58,58,58,64,FULL,1780281101.5782697,1780281101.578497,0.22721290588378906,decode,0,0,452715,0.0,0.0,0
forward_start,1780281101.5782928,58,58,58,64,FULL,1780281101.5782928,1780281101.5786297,0.3368854522705078,decode,1,0,452712,0.0,0.0,0
forward_start,1780281101.590778,58,58,58,64,FULL,1780281101.590778,1780281101.5909777,0.1995563507080078,decode,0,0,452715,0.0,0.0,0
forward_start,1780281101.590816,58,58,58,64,FULL,1780281101.590816,1780281101.5911438,0.32782554626464844,decode,1,0,452712,0.0,0.0,0
forward_start,1780281101.6031697,58,58,58,64,FULL,1780281101.6031697,1780281101.6033828,0.21314620971679688,decode,0,0,452715,0.0,0.0,0
forward_start,1780281101.6032987,58,58,58,64,FULL,1780281101.6032987,1780281101.6036458,0.347137451171875,decode,1,0,452712,0.0,0.0,0
forward_start,1780281101.6156664,58,58,58,64,FULL,1780281101.6156664,1780281101.6158745,0.20813941955566406,decode,0,0,452715,0.0,0.0,0
forward_start,1780281101.6157715,55,55,55,64,FULL,1780281101.6157715,1780281101.6161013,0.32973289489746094,decode,1,0,452712,0.0,0.0,0
forward_start,1780281101.628526,58,58,58,64,FULL,1780281101.628526,1780281101.6287267,0.20074844360351562,decode,0,0,452715,0.0,0.0,0
forward_start,1780281101.6285615,55,55,55,64,FULL,1780281101.6285615,1780281101.6288898,0.32830238342285156,decode,1,0,452712,0.0,0.0,0
forward_start,1780281101.6406608,58,58,58,64,FULL,1780281101.6406608,1780281101.640877,0.2162456512451172,decode,0,0,452715,0.0,0.0,0
forward_start,1780281101.6406798,55,55,55,64,FULL,1780281101.6406798,1780281101.6410115,0.33164024353027344,decode,1,0,452712,0.0,0.0,0
forward_start,1780281101.6611164,55,55,55,64,FULL,1780281101.6611164,1780281101.6614573,0.3409385681152344,decode,1,0,452712,0.6818771362304688,2.0,2
forward_start,1780281101.664382,58,58,58,64,FULL,1780281101.664382,1780281101.6646938,0.31185150146484375,decode,0,0,452715,0.6237030029296875,2.0,2
forward_start,1780281101.6678371,57,57,57,64,FULL,1780281101.6678371,1780281101.6680946,0.2574920654296875,decode,0,0,452715,0.514984130859375,2.0,2
forward_start,1780281101.6679008,55,55,55,64,FULL,1780281101.6679008,1780281101.668207,0.30612945556640625,decode,1,0,452712,0.6122589111328125,2.0,2
forward_start,1780281101.679603,57,57,57,64,FULL,1780281101.679603,1780281101.679808,0.2048015594482422,decode,0,0,452715,0.4096031188964844,2.0,2
forward_start,1780281101.684658,55,55,55,64,FULL,1780281101.684658,1780281101.6849937,0.335693359375,decode,1,0,452712,0.67138671875,2.0,2
forward_start,1780281101.6919394,57,57,57,64,FULL,1780281101.6919394,1780281101.692163,0.22363662719726562,decode,0,0,452715,0.22363662719726562,1.0,1
forward_start,1780281101.691964,55,55,55,64,FULL,1780281101.691964,1780281101.692292,0.32806396484375,decode,1,0,452712,0.32806396484375,1.0,1
forward_start,1780281101.7048237,58,58,58,64,FULL,1780281101.7048237,1780281101.7050261,0.20241737365722656,decode,0,0,452715,0.0,0.0,0
forward_start,1780281101.7048345,56,56,56,64,FULL,1780281101.7048345,1780281101.7051587,0.324249267578125,decode,1,0,452712,0.0,0.0,0
forward_start,1780281101.7170455,58,58,58,64,FULL,1780281101.7170455,1780281101.7172492,0.20360946655273438,decode,0,0,452715,0.0,0.0,0
forward_start,1780281101.7170944,57,57,57,64,FULL,1780281101.7170944,1780281101.7174456,0.35119056701660156,decode,1,0,452712,0.0,0.0,0
forward_start,1780281101.7297423,58,58,58,64,FULL,1780281101.7297423,1780281101.7299707,0.22840499877929688,decode,0,0,452715,0.0,0.0,0
forward_start,1780281101.736315,57,57,57,64,FULL,1780281101.736315,1780281101.7366421,0.32711029052734375,decode,1,0,452712,0.32711029052734375,1.0,1
forward_start,1780281101.742191,58,58,58,64,FULL,1780281101.742191,1780281101.7424111,0.2200603485107422,decode,0,0,452715,0.2200603485107422,1.0,1
forward_start,1780281101.7423098,57,57,57,64,FULL,1780281101.7423098,1780281101.7426455,0.335693359375,decode,1,0,452712,0.335693359375,1.0,1
forward_start,1780281101.7548873,58,58,58,64,FULL,1780281101.7548873,1780281101.7550752,0.18787384033203125,decode,0,0,452715,0.18787384033203125,1.0,1
forward_start,1780281101.754997,57,57,57,64,FULL,1780281101.754997,1780281101.7553318,0.33473968505859375,decode,1,0,452712,0.33473968505859375,1.0,1
forward_start,1780281101.7673073,58,58,58,64,FULL,1780281101.7673073,1780281101.7675717,0.2644062042236328,decode,0,0,452715,0.0,0.0,0
forward_start,1780281101.7673643,57,57,57,64,FULL,1780281101.7673643,1780281101.7676973,0.3330707550048828,decode,1,0,452712,0.0,0.0,0
forward_start,1780281101.780084,58,58,58,64,FULL,1780281101.780084,1780281101.7802858,0.20194053649902344,decode,0,0,452715,0.0,0.0,0
forward_start,1780281101.7801175,58,58,58,64,FULL,1780281101.7801175,1780281101.7804706,0.35309791564941406,decode,1,0,452712,0.0,0.0,0
forward_start,1780281101.792362,58,58,58,64,FULL,1780281101.792362,1780281101.79258,0.21791458129882812,decode,0,0,452715,0.0,0.0,0
forward_start,1780281101.7924151,58,58,58,64,FULL,1780281101.7924151,1780281101.7927377,0.32258033752441406,decode,1,0,452712,0.0,0.0,0
forward_start,1780281101.805089,58,58,58,64,FULL,1780281101.805089,1780281101.8052921,0.20313262939453125,decode,0,0,452715,0.0,0.0,0
forward_start,1780281101.805114,58,58,58,64,FULL,1780281101.805114,1780281101.8054576,0.34356117248535156,decode,1,0,452712,0.0,0.0,0
forward_start,1780281101.8176603,58,58,58,64,FULL,1780281101.8176603,1780281101.8178775,0.21719932556152344,decode,0,0,452715,0.0,0.0,0
forward_start,1780281101.8252614,56,56,56,64,FULL,1780281101.8252614,1780281101.8256032,0.3418922424316406,decode,1,0,452712,0.3418922424316406,1.0,1
forward_start,1780281101.8299417,57,57,57,64,FULL,1780281101.8299417,1780281101.8301475,0.20575523376464844,decode,0,0,452715,0.20575523376464844,1.0,1
forward_start,1780281101.8299618,56,56,56,64,FULL,1780281101.8299618,1780281101.8302755,0.31375885009765625,decode,1,0,452712,0.31375885009765625,1.0,1
forward_start,1780281101.8422751,57,57,57,64,FULL,1780281101.8422751,1780281101.8425257,0.2505779266357422,decode,0,0,452715,0.2505779266357422,1.0,1
forward_start,1780281101.8423207,56,56,56,64,FULL,1780281101.8423207,1780281101.8426676,0.34689903259277344,decode,1,0,452712,0.34689903259277344,1.0,1
forward_start,1780281101.8551714,57,57,57,64,FULL,1780281101.8551714,1780281101.8554049,0.2334117889404297,decode,0,0,452715,0.0,0.0,0
forward_start,1780281101.8552153,56,56,56,64,FULL,1780281101.8552153,1780281101.85556,0.3447532653808594,decode,1,0,452712,0.0,0.0,0
forward_start,1780281101.8681056,56,56,56,64,FULL,1780281101.8681056,1780281101.868352,0.24628639221191406,decode,0,0,452715,0.0,0.0,0
forward_start,1780281101.8681517,57,57,57,64,FULL,1780281101.8681517,1780281101.868506,0.3542900085449219,decode,1,0,452712,0.0,0.0,0
forward_start,1780281101.8799398,56,56,56,64,FULL,1780281101.8799398,1780281101.8801384,0.19860267639160156,decode,0,0,452715,0.0,0.0,0
forward_start,1780281101.8799624,57,57,57,64,FULL,1780281101.8799624,1780281101.8802924,0.3299713134765625,decode,1,0,452712,0.0,0.0,0
forward_start,1780281101.8926392,57,57,57,64,FULL,1780281101.8926392,1780281101.8929672,0.32806396484375,decode,1,0,452712,0.06747245788574219,0.2056686046511628,1
forward_start,1780281101.9166076,56,56,56,64,FULL,1780281101.9166076,1780281101.9168713,0.2636909484863281,decode,0,0,452715,0.7910728454589844,3.0,3
forward_start,1780281101.9200428,55,55,55,64,FULL,1780281101.9200428,1780281101.920254,0.21123886108398438,decode,0,0,452715,0.21123886108398438,1.0,1
forward_start,1780281101.925665,57,57,57,64,FULL,1780281101.925665,1780281101.9260113,0.3464221954345703,decode,1,0,452712,0.6928443908691406,2.0,2
forward_start,1780281101.9317334,57,57,57,64,FULL,1780281101.9317334,1780281101.9320562,0.3228187561035156,decode,1,0,452712,0.8931159973144531,2.7666174298375186,3
forward_start,1780281101.9338017,57,57,57,64,FULL,1780281101.9338017,1780281101.9340456,0.24390220642089844,decode,0,0,452715,0.4878044128417969,2.0,2
forward_start,1780281101.944014,57,57,57,64,FULL,1780281101.944014,1780281101.9442275,0.21338462829589844,decode,0,0,452715,0.21338462829589844,1.0,1
forward_start,1780281101.9440181,57,57,57,64,FULL,1780281101.9440181,1780281101.944359,0.3409385681152344,decode,1,0,452712,0.24461746215820312,0.7174825174825175,1
forward_start,1780281101.9567451,58,58,58,64,FULL,1780281101.9567451,1780281101.9570737,0.3285408020019531,decode,1,0,452712,0.0,0.0,0
forward_start,1780281101.9567783,58,58,58,64,FULL,1780281101.9567783,1780281101.957013,0.2346038818359375,decode,0,0,452715,0.0,0.0,0
forward_start,1780281101.9692068,59,59,59,64,FULL,1780281101.9692068,1780281101.969434,0.22721290588378906,decode,0,0,452715,0.0,0.0,0
forward_start,1780281101.9692485,57,57,57,64,FULL,1780281101.9692485,1780281101.969607,0.35858154296875,decode,1,0,452712,0.0,0.0,0
forward_start,1780281101.9817455,59,59,59,64,FULL,1780281101.9817455,1780281101.9819505,0.20503997802734375,decode,0,0,452715,0.20503997802734375,1.0,1
forward_start,1780281101.983403,57,57,57,64,FULL,1780281101.983403,1780281101.9837718,0.3688335418701172,decode,1,0,452712,0.3688335418701172,1.0,1
forward_start,1780281101.9939334,59,59,59,64,FULL,1780281101.9939334,1780281101.9941368,0.2033710479736328,decode,0,0,452715,0.2033710479736328,1.0,1
forward_start,1780281101.9939387,57,57,57,64,FULL,1780281101.9939387,1780281101.994272,0.3333091735839844,decode,1,0,452712,0.3333091735839844,1.0,1
forward_start,1780281102.0066462,58,58,58,64,FULL,1780281102.0066462,1780281102.0068467,0.20051002502441406,decode,0,0,452715,0.0,0.0,0
forward_start,1780281102.0089123,56,56,56,64,FULL,1780281102.0089123,1780281102.0092728,0.3604888916015625,decode,1,0,452712,0.3604888916015625,1.0,1
forward_start,1780281102.0192366,57,57,57,64,FULL,1780281102.0192366,1780281102.0194895,0.2529621124267578,decode,0,0,452715,0.2529621124267578,1.0,1
forward_start,1780281102.026544,57,57,57,64,FULL,1780281102.026544,1780281102.0268722,0.32806396484375,decode,1,0,452712,0.6561279296875,2.0,2
forward_start,1780281102.031707,57,57,57,64,FULL,1780281102.031707,1780281102.0319085,0.2014636993408203,decode,0,0,452715,0.2014636993408203,1.0,1
forward_start,1780281102.0317497,57,57,57,64,FULL,1780281102.0317497,1780281102.03205,0.3001689910888672,decode,1,0,452712,0.3001689910888672,1.0,1
forward_start,1780281102.0443194,57,57,57,64,FULL,1780281102.0443194,1780281102.0445423,0.22292137145996094,decode,0,0,452715,0.22292137145996094,1.0,1
forward_start,1780281102.0443752,58,58,58,64,FULL,1780281102.0443752,1780281102.044706,0.33092498779296875,decode,1,0,452712,0.33092498779296875,1.0,1
forward_start,1780281102.0561242,57,57,57,64,FULL,1780281102.0561242,1780281102.0563254,0.20122528076171875,decode,0,0,452715,0.0,0.0,0
forward_start,1780281102.056186,58,58,58,64,FULL,1780281102.056186,1780281102.0565486,0.36263465881347656,decode,1,0,452712,0.0,0.0,0
forward_start,1780281102.0692556,57,57,57,64,FULL,1780281102.0692556,1780281102.0695302,0.274658203125,decode,0,0,452715,0.0,0.0,0
forward_start,1780281102.0693111,59,59,59,64,FULL,1780281102.0693111,1780281102.0696588,0.3476142883300781,decode,1,0,452712,0.0,0.0,0
forward_start,1780281102.0812197,57,57,57,64,FULL,1780281102.0812197,1780281102.081463,0.2434253692626953,decode,0,0,452715,0.0,0.0,0
forward_start,1780281102.0812645,59,59,59,64,FULL,1780281102.0812645,1780281102.0816162,0.3516674041748047,decode,1,0,452712,0.0,0.0,0
forward_start,1780281102.094134,59,59,59,64,FULL,1780281102.094134,1780281102.0944774,0.34332275390625,decode,1,0,452712,0.0,0.0,0
forward_start,1780281102.1044888,57,57,57,64,FULL,1780281102.1044888,1780281102.1047766,0.28777122497558594,decode,0,0,452715,0.28777122497558594,1.0,1
forward_start,1780281102.1075997,57,57,57,64,FULL,1780281102.1075997,1780281102.1078553,0.255584716796875,decode,0,0,452715,0.255584716796875,1.0,1
forward_start,1780281102.107644,59,59,59,64,FULL,1780281102.107644,1780281102.1079798,0.335693359375,decode,1,0,452712,0.335693359375,1.0,1
forward_start,1780281102.1194103,59,59,59,64,FULL,1780281102.1194103,1780281102.1197543,0.3440380096435547,decode,1,0,452712,0.6716251373291016,1.9521829521829521,2
forward_start,1780281102.1214356,57,57,57,64,FULL,1780281102.1214356,1780281102.121682,0.24628639221191406,decode,0,0,452715,0.4925727844238281,2.0,2
forward_start,1780281102.132064,57,57,57,64,FULL,1780281102.132064,1780281102.1322684,0.20432472229003906,decode,0,0,452715,0.2760887145996094,1.3512252042007,2
forward_start,1780281102.1327877,59,59,59,64,FULL,1780281102.1327877,1780281102.1331372,0.3495216369628906,decode,1,0,452712,0.3495216369628906,1.0,1
forward_start,1780281102.1448002,58,58,58,64,FULL,1780281102.1448002,1780281102.1449976,0.19741058349609375,decode,0,0,452715,0.0,0.0,0
forward_start,1780281102.1448553,58,58,58,64,FULL,1780281102.1448553,1780281102.1451967,0.3414154052734375,decode,1,0,452712,0.0,0.0,0
forward_start,1780281102.1571896,59,59,59,64,FULL,1780281102.1571896,1780281102.1574218,0.23221969604492188,decode,0,0,452715,0.0,0.0,0
forward_start,1780281102.1572444,59,59,59,64,FULL,1780281102.1572444,1780281102.157587,0.3426074981689453,decode,1,0,452712,0.0,0.0,0
forward_start,1780281102.1698964,59,59,59,64,FULL,1780281102.1698964,1780281102.1701,0.20360946655273438,decode,0,0,452715,0.0,0.0,0
forward_start,1780281102.169925,59,59,59,64,FULL,1780281102.169925,1780281102.1702547,0.32973289489746094,decode,1,0,452712,0.0,0.0,0
forward_start,1780281102.1823294,58,58,58,64,FULL,1780281102.1823294,1780281102.1825674,0.23794174194335938,decode,0,0,452715,0.0,0.0,0
forward_start,1780281102.1823924,59,59,59,64,FULL,1780281102.1823924,1780281102.1827416,0.34928321838378906,decode,1,0,452712,0.0,0.0,0
forward_start,1780281102.194622,58,58,58,64,FULL,1780281102.194622,1780281102.1948266,0.20456314086914062,decode,0,0,452715,0.0,0.0,0
forward_start,1780281102.1946683,59,59,59,64,FULL,1780281102.1946683,1780281102.1949928,0.32448768615722656,decode,1,0,452712,0.0,0.0,0
forward_start,1780281102.2069333,58,58,58,64,FULL,1780281102.2069333,1780281102.2071364,0.20313262939453125,decode,0,0,452715,0.0,0.0,0
forward_start,1780281102.2069535,59,59,59,64,FULL,1780281102.2069535,1780281102.207286,0.3323554992675781,decode,1,0,452712,0.0,0.0,0
forward_start,1780281102.2203662,59,59,59,64,FULL,1780281102.2203662,1780281102.2207322,0.36597251892089844,decode,1,0,452712,0.7319450378417969,2.0,2
forward_start,1780281102.229652,58,58,58,64,FULL,1780281102.229652,1780281102.2299204,0.2684593200683594,decode,0,0,452715,0.2684593200683594,1.0,1
forward_start,1780281102.234658,59,59,59,64,FULL,1780281102.234658,1780281102.2350156,0.35762786865234375,decode,1,0,452712,1.0728836059570312,3.0,3
forward_start,1780281102.2485442,58,58,58,64,FULL,1780281102.2485442,1780281102.2487557,0.21147727966308594,decode,0,0,452715,0.8459091186523438,4.0,4
forward_start,1780281102.251751,58,58,58,64,FULL,1780281102.251751,1780281102.2519484,0.19741058349609375,decode,0,0,452715,0.6279945373535156,3.181159420289855,4
forward_start,1780281102.254779,60,60,60,64,FULL,1780281102.254779,1780281102.2551274,0.3483295440673828,decode,1,0,452712,0.6966590881347656,2.0,2
forward_start,1780281102.2637515,60,60,60,64,FULL,1780281102.2637515,1780281102.2640684,0.31685829162597656,decode,1,0,452712,0.58746337890625,1.854025583145222,2
forward_start,1780281102.2643492,59,59,59,64,FULL,1780281102.2643492,1780281102.2646267,0.27751922607421875,decode,0,0,452715,0.27751922607421875,1.0,1
forward_start,1780281102.2762892,61,61,61,64,FULL,1780281102.2762892,1780281102.2765563,0.26702880859375,decode,0,0,452715,0.26702880859375,1.0,1
forward_start,1780281102.276384,60,60,60,64,FULL,1780281102.276384,1780281102.2767124,0.32830238342285156,decode,1,0,452712,0.20360946655273438,0.6201888162672476,1
forward_start,1780281102.2888708,61,61,61,64,FULL,1780281102.2888708,1780281102.2890728,0.20194053649902344,decode,0,0,452715,0.0,0.0,0
forward_start,1780281102.288878,61,61,61,64,FULL,1780281102.288878,1780281102.2892056,0.3275871276855469,decode,1,0,452712,0.0,0.0,0
forward_start,1780281102.3010695,62,62,62,64,FULL,1780281102.3010695,1780281102.3012683,0.19884109497070312,decode,0,0,452715,0.0,0.0,0
forward_start,1780281102.3011146,60,60,60,64,FULL,1780281102.3011146,1780281102.301476,0.36144256591796875,decode,1,0,452712,0.0,0.0,0
forward_start,1780281102.3130376,62,62,62,64,FULL,1780281102.3130376,1780281102.3132405,0.2028942108154297,decode,0,0,452715,0.0,0.0,0
forward_start,1780281102.313069,60,60,60,64,FULL,1780281102.313069,1780281102.313425,0.3559589385986328,decode,1,0,452712,0.0,0.0,0
forward_start,1780281102.3255847,62,62,62,64,FULL,1780281102.3255847,1780281102.325787,0.20241737365722656,decode,0,0,452715,0.0,0.0,0
forward_start,1780281102.3256273,60,60,60,64,FULL,1780281102.3256273,1780281102.3259554,0.32806396484375,decode,1,0,452712,0.0,0.0,0
forward_start,1780281102.3380299,62,62,62,64,FULL,1780281102.3380299,1780281102.3382277,0.19788742065429688,decode,0,0,452715,0.0,0.0,0
forward_start,1780281102.3380861,60,60,60,64,FULL,1780281102.3380861,1780281102.338437,0.3509521484375,decode,1,0,452712,0.0,0.0,0
forward_start,1780281102.3505065,62,62,62,64,FULL,1780281102.3505065,1780281102.3507113,0.2048015594482422,decode,0,0,452715,0.0,0.0,0
forward_start,1780281102.3505173,60,60,60,64,FULL,1780281102.3505173,1780281102.3508444,0.32711029052734375,decode,1,0,452712,0.0,0.0,0
forward_start,1780281102.3629014,62,62,62,64,FULL,1780281102.3629014,1780281102.3631022,0.20074844360351562,decode,0,0,452715,0.0,0.0,0
forward_start,1780281102.362944,60,60,60,64,FULL,1780281102.362944,1780281102.363278,0.33402442932128906,decode,1,0,452712,0.0,0.0,0
forward_start,1780281102.3752813,62,62,62,64,FULL,1780281102.3752813,1780281102.3755307,0.24938583374023438,decode,0,0,452715,0.0,0.0,0
forward_start,1780281102.3753116,60,60,60,64,FULL,1780281102.3753116,1780281102.3756485,0.3368854522705078,decode,1,0,452712,0.0,0.0,0
forward_start,1780281102.3879032,62,62,62,64,FULL,1780281102.3879032,1780281102.3881066,0.2033710479736328,decode,0,0,452715,0.0,0.0,0
forward_start,1780281102.3879223,60,60,60,64,FULL,1780281102.3879223,1780281102.388244,0.3216266632080078,decode,1,0,452712,0.0,0.0,0
forward_start,1780281102.4002485,62,62,62,64,FULL,1780281102.4002485,1780281102.4004736,0.225067138671875,decode,0,0,452715,0.0,0.0,0
forward_start,1780281102.4003756,60,60,60,64,FULL,1780281102.4003756,1780281102.40071,0.3345012664794922,decode,1,0,452712,0.0,0.0,0
forward_start,1780281102.4125733,62,62,62,64,FULL,1780281102.4125733,1780281102.412762,0.18858909606933594,decode,0,0,452715,0.0,0.0,0
forward_start,1780281102.4126692,60,60,60,64,FULL,1780281102.4126692,1780281102.4130044,0.3352165222167969,decode,1,0,452712,0.0,0.0,0
forward_start,1780281102.4252512,62,62,62,64,FULL,1780281102.4252512,1780281102.4254756,0.2243518829345703,decode,0,0,452715,0.0,0.0,0
forward_start,1780281102.4252925,60,60,60,64,FULL,1780281102.4252925,1780281102.4256396,0.347137451171875,decode,1,0,452712,0.0,0.0,0
forward_start,1780281102.437809,61,61,61,64,FULL,1780281102.437809,1780281102.43801,0.2009868621826172,decode,0,0,452715,0.0,0.0,0
forward_start,1780281102.4378371,60,60,60,64,FULL,1780281102.4378371,1780281102.438166,0.3287792205810547,decode,1,0,452712,0.0,0.0,0
forward_start,1780281102.4509838,61,61,61,64,FULL,1780281102.4509838,1780281102.4511926,0.20885467529296875,decode,0,0,452715,0.0,0.0,0
forward_start,1780281102.4658904,58,58,58,64,FULL,1780281102.4658904,1780281102.4661024,0.21195411682128906,decode,1,0,452712,0.21195411682128906,1.0,1
forward_start,1780281102.4692678,58,58,58,64,FULL,1780281102.4692678,1780281102.469585,0.3170967102050781,decode,1,0,452712,0.42128562927246094,1.3285714285714285,2
forward_start,1780281102.4767563,60,60,60,64,FULL,1780281102.4767563,1780281102.4770687,0.3123283386230469,decode,0,0,452715,0.6246566772460938,2.0,2
forward_start,1780281102.4811532,60,60,60,64,FULL,1780281102.4811532,1780281102.4813895,0.23627281188964844,decode,0,0,452715,0.5993843078613281,2.5368314833501513,3
forward_start,1780281102.4848254,58,58,58,64,FULL,1780281102.4848254,1780281102.485186,0.36072731018066406,decode,1,0,452712,0.7214546203613281,2.0,2
forward_start,1780281102.4934828,59,59,59,64,FULL,1780281102.4934828,1780281102.4937134,0.23055076599121094,decode,0,0,452715,0.23055076599121094,1.0,1
forward_start,1780281102.493488,58,58,58,64,FULL,1780281102.493488,1780281102.4938114,0.32329559326171875,decode,1,0,452712,0.32329559326171875,1.0,1
forward_start,1780281102.5061476,59,59,59,64,FULL,1780281102.5061476,1780281102.5064993,0.3516674041748047,decode,1,0,452712,0.34356117248535156,0.9769491525423729,1
forward_start,1780281102.5068061,60,60,60,64,FULL,1780281102.5068061,1780281102.507016,0.209808349609375,decode,0,0,452715,0.0,0.0,0
forward_start,1780281102.5182881,60,60,60,64,FULL,1780281102.5182881,1780281102.5186334,0.3452301025390625,decode,1,0,452712,0.0,0.0,0
forward_start,1780281102.5183265,60,60,60,64,FULL,1780281102.5183265,1780281102.5185788,0.2522468566894531,decode,0,0,452715,0.0,0.0,0
forward_start,1780281102.530667,61,61,61,64,FULL,1780281102.530667,1780281102.5308692,0.202178955078125,decode,0,0,452715,0.0,0.0,0
forward_start,1780281102.5307136,60,60,60,64,FULL,1780281102.5307136,1780281102.5310395,0.32591819763183594,decode,1,0,452712,0.0,0.0,0
forward_start,1780281102.5429814,61,61,61,64,FULL,1780281102.5429814,1780281102.5431805,0.1990795135498047,decode,0,0,452715,0.0,0.0,0
forward_start,1780281102.5430214,60,60,60,64,FULL,1780281102.5430214,1780281102.5433698,0.3483295440673828,decode,1,0,452712,0.0,0.0,0
forward_start,1780281102.5557332,61,61,61,64,FULL,1780281102.5557332,1780281102.5559342,0.2009868621826172,decode,0,0,452715,0.0,0.0,0
forward_start,1780281102.5557568,60,60,60,64,FULL,1780281102.5557568,1780281102.5560906,0.3337860107421875,decode,1,0,452712,0.0,0.0,0
forward_start,1780281102.5681574,61,61,61,64,FULL,1780281102.5681574,1780281102.5683768,0.2193450927734375,decode,0,0,452715,0.0,0.0,0
forward_start,1780281102.5682101,60,60,60,64,FULL,1780281102.5682101,1780281102.5685654,0.3552436828613281,decode,1,0,452712,0.0,0.0,0
forward_start,1780281102.5811675,61,61,61,64,FULL,1780281102.5811675,1780281102.5813894,0.2219676971435547,decode,0,0,452715,0.0,0.0,0
forward_start,1780281102.581172,60,60,60,64,FULL,1780281102.581172,1780281102.581517,0.34499168395996094,decode,1,0,452712,0.0,0.0,0
forward_start,1780281102.593279,61,61,61,64,FULL,1780281102.593279,1780281102.5935283,0.24938583374023438,decode,0,0,452715,0.0,0.0,0
forward_start,1780281102.59336,60,60,60,64,FULL,1780281102.59336,1780281102.593691,0.3311634063720703,decode,1,0,452712,0.0,0.0,0
forward_start,1780281102.6061926,61,61,61,64,FULL,1780281102.6061926,1780281102.6064398,0.2472400665283203,decode,0,0,452715,0.0,0.0,0
forward_start,1780281102.6062095,60,60,60,64,FULL,1780281102.6062095,1780281102.6065505,0.3409385681152344,decode,1,0,452712,0.0,0.0,0
forward_start,1780281102.618568,60,60,60,64,FULL,1780281102.618568,1780281102.6189032,0.3352165222167969,decode,1,0,452712,0.0,0.0,0
forward_start,1780281102.618573,61,61,61,64,FULL,1780281102.618573,1780281102.61878,0.20694732666015625,decode,0,0,452715,0.0,0.0,0
forward_start,1780281102.631127,61,61,61,64,FULL,1780281102.631127,1780281102.631361,0.2338886260986328,decode,0,0,452715,0.0,0.0,0
forward_start,1780281102.6311634,60,60,60,64,FULL,1780281102.6311634,1780281102.6315129,0.3495216369628906,decode,1,0,452712,0.0,0.0,0
forward_start,1780281102.6433582,61,61,61,64,FULL,1780281102.6433582,1780281102.6436074,0.2491474151611328,decode,0,0,452715,0.0,0.0,0
forward_start,1780281102.6434155,60,60,60,64,FULL,1780281102.6434155,1780281102.643749,0.33354759216308594,decode,1,0,452712,0.0,0.0,0
forward_start,1780281102.656047,61,61,61,64,FULL,1780281102.656047,1780281102.6562543,0.2071857452392578,decode,0,0,452715,0.0,0.0,0
forward_start,1780281102.6560588,60,60,60,64,FULL,1780281102.6560588,1780281102.656417,0.3581047058105469,decode,1,0,452712,0.0,0.0,0
forward_start,1780281102.6687143,61,61,61,64,FULL,1780281102.6687143,1780281102.6689134,0.1990795135498047,decode,0,0,452715,0.0,0.0,0
forward_start,1780281102.668761,60,60,60,64,FULL,1780281102.668761,1780281102.6690907,0.32973289489746094,decode,1,0,452712,0.0,0.0,0
forward_start,1780281102.6813164,61,61,61,64,FULL,1780281102.6813164,1780281102.6815429,0.22649765014648438,decode,0,0,452715,0.0,0.0,0
forward_start,1780281102.681361,60,60,60,64,FULL,1780281102.681361,1780281102.681688,0.32711029052734375,decode,1,0,452712,0.0,0.0,0
forward_start,1780281102.694564,60,60,60,64,FULL,1780281102.694564,1780281102.694763,0.19884109497070312,decode,0,0,452715,0.0,0.0,0
forward_start,1780281102.7001808,58,58,58,64,FULL,1780281102.7001808,1780281102.7005343,0.3535747528076172,decode,1,0,452712,0.3535747528076172,1.0,1
forward_start,1780281102.70624,60,60,60,64,FULL,1780281102.70624,1780281102.7064672,0.22721290588378906,decode,0,0,452715,0.22721290588378906,1.0,1
forward_start,1780281102.7063215,58,58,58,64,FULL,1780281102.7063215,1780281102.7066607,0.33926963806152344,decode,1,0,452712,0.33926963806152344,1.0,1
forward_start,1780281102.7186906,58,58,58,64,FULL,1780281102.7186906,1780281102.7190156,0.3249645233154297,decode,1,0,452712,0.0,0.0,0
forward_start,1780281102.7187047,60,60,60,64,FULL,1780281102.7187047,1780281102.7189069,0.202178955078125,decode,0,0,452715,0.0,0.0,0
forward_start,1780281102.7317088,60,60,60,64,FULL,1780281102.7317088,1780281102.731912,0.20313262939453125,decode,0,0,452715,0.0,0.0,0
forward_start,1780281102.7317522,58,58,58,64,FULL,1780281102.7317522,1780281102.73208,0.32782554626464844,decode,1,0,452712,0.0,0.0,0
forward_start,1780281102.7439387,60,60,60,64,FULL,1780281102.7439387,1780281102.744173,0.23436546325683594,decode,0,0,452715,0.0,0.0,0
forward_start,1780281102.7439985,58,58,58,64,FULL,1780281102.7439985,1780281102.7443252,0.3266334533691406,decode,1,0,452712,0.0,0.0,0
forward_start,1780281102.757001,57,57,57,64,FULL,1780281102.757001,1780281102.7573154,0.31447410583496094,decode,1,0,452712,0.0,0.0,0
forward_start,1780281102.7570186,60,60,60,64,FULL,1780281102.7570186,1780281102.757227,0.20837783813476562,decode,0,0,452715,0.0,0.0,0
forward_start,1780281102.7687616,57,57,57,64,FULL,1780281102.7687616,1780281102.7690818,0.32019615173339844,decode,1,0,452712,0.0,0.0,0
forward_start,1780281102.7687883,60,60,60,64,FULL,1780281102.7687883,1780281102.7690208,0.23245811462402344,decode,0,0,452715,0.0,0.0,0
forward_start,1780281102.781421,59,59,59,64,FULL,1780281102.781421,1780281102.781624,0.20313262939453125,decode,0,0,452715,0.0,0.0,0
forward_start,1780281102.7814655,57,57,57,64,FULL,1780281102.7814655,1780281102.7817883,0.3228187561035156,decode,1,0,452712,0.0,0.0,0
forward_start,1780281102.7936893,57,57,57,64,FULL,1780281102.7936893,1780281102.7940261,0.3368854522705078,decode,1,0,452712,0.0,0.0,0
forward_start,1780281102.7937005,59,59,59,64,FULL,1780281102.7937005,1780281102.7939048,0.20432472229003906,decode,0,0,452715,0.0,0.0,0
forward_start,1780281102.8063178,59,59,59,64,FULL,1780281102.8063178,1780281102.8065777,0.2598762512207031,decode,0,0,452715,0.0,0.0,0
forward_start,1780281102.8063855,57,57,57,64,FULL,1780281102.8063855,1780281102.806717,0.3314018249511719,decode,1,0,452712,0.0,0.0,0
forward_start,1780281102.8185844,59,59,59,64,FULL,1780281102.8185844,1780281102.8187857,0.20122528076171875,decode,0,0,452715,0.0,0.0,0
forward_start,1780281102.8252907,57,57,57,64,FULL,1780281102.8252907,1780281102.8256228,0.33211708068847656,decode,1,0,452712,0.33211708068847656,1.0,1
forward_start,1780281102.8310375,57,57,57,64,FULL,1780281102.8310375,1780281102.8313696,0.33211708068847656,decode,1,0,452712,0.33211708068847656,1.0,1
forward_start,1780281102.8310976,59,59,59,64,FULL,1780281102.8310976,1780281102.8313267,0.22912025451660156,decode,0,0,452715,0.22912025451660156,1.0,1
forward_start,1780281102.8434079,59,59,59,64,FULL,1780281102.8434079,1780281102.8436139,0.20599365234375,decode,0,0,452715,0.20599365234375,1.0,1
forward_start,1780281102.8434396,57,57,57,64,FULL,1780281102.8434396,1780281102.8437667,0.32711029052734375,decode,1,0,452712,0.32711029052734375,1.0,1
forward_start,1780281102.8562222,59,59,59,64,FULL,1780281102.8562222,1780281102.856462,0.23984909057617188,decode,0,0,452715,0.0,0.0,0
forward_start,1780281102.8562539,56,56,56,64,FULL,1780281102.8562539,1780281102.8565974,0.34356117248535156,decode,1,0,452712,0.0,0.0,0
forward_start,1780281102.8688958,59,59,59,64,FULL,1780281102.8688958,1780281102.8690948,0.1990795135498047,decode,0,0,452715,0.0,0.0,0
forward_start,1780281102.868923,56,56,56,64,FULL,1780281102.868923,1780281102.869249,0.3261566162109375,decode,1,0,452712,0.0,0.0,0
forward_start,1780281102.88093,56,56,56,64,FULL,1780281102.88093,1780281102.881252,0.32210350036621094,decode,1,0,452712,0.0,0.0,0
forward_start,1780281102.8852673,59,59,59,64,FULL,1780281102.8852673,1780281102.88554,0.2727508544921875,decode,0,0,452715,0.2727508544921875,1.0,1
forward_start,1780281102.8934941,59,59,59,64,FULL,1780281102.8934941,1780281102.8936946,0.20051002502441406,decode,0,0,452715,0.20051002502441406,1.0,1
forward_start,1780281102.893511,56,56,56,64,FULL,1780281102.893511,1780281102.8938365,0.3254413604736328,decode,1,0,452712,0.217437744140625,0.6681318681318681,1
forward_start,1780281102.9061756,59,59,59,64,FULL,1780281102.9061756,1780281102.9064064,0.2307891845703125,decode,0,0,452715,0.0,0.0,0
forward_start,1780281102.9062088,55,55,55,64,FULL,1780281102.9062088,1780281102.9065492,0.34046173095703125,decode,1,0,452712,0.0,0.0,0
forward_start,1780281102.9181154,55,55,55,64,FULL,1780281102.9181154,1780281102.9184604,0.34499168395996094,decode,1,0,452712,0.0,0.0,0
forward_start,1780281102.9182978,60,60,60,64,FULL,1780281102.9182978,1780281102.9185276,0.22983551025390625,decode,0,0,452715,0.0,0.0,0
forward_start,1780281102.9306571,60,60,60,64,FULL,1780281102.9306571,1780281102.9308612,0.2040863037109375,decode,0,0,452715,0.0,0.0,0
forward_start,1780281102.9307067,55,55,55,64,FULL,1780281102.9307067,1780281102.931039,0.3323554992675781,decode,1,0,452712,0.0,0.0,0
forward_start,1780281102.9432142,60,60,60,64,FULL,1780281102.9432142,1780281102.9434597,0.24557113647460938,decode,0,0,452715,0.0,0.0,0
forward_start,1780281102.9432504,55,55,55,64,FULL,1780281102.9432504,1780281102.9436047,0.3542900085449219,decode,1,0,452712,0.0,0.0,0
forward_start,1780281102.9560149,60,60,60,64,FULL,1780281102.9560149,1780281102.9562151,0.2002716064453125,decode,0,0,452715,0.0,0.0,0
forward_start,1780281102.956056,55,55,55,64,FULL,1780281102.956056,1780281102.9564133,0.3571510314941406,decode,1,0,452712,0.0,0.0,0
forward_start,1780281102.9681072,60,60,60,64,FULL,1780281102.9681072,1780281102.9683058,0.19860267639160156,decode,0,0,452715,0.0,0.0,0
forward_start,1780281102.9681592,55,55,55,64,FULL,1780281102.9681592,1780281102.9685113,0.3521442413330078,decode,1,0,452712,0.0,0.0,0
forward_start,1780281102.9808743,55,55,55,64,FULL,1780281102.9808743,1780281102.9812057,0.3314018249511719,decode,1,0,452712,0.20813941955566406,0.6280575539568345,1
forward_start,1780281102.9838529,60,60,60,64,FULL,1780281102.9838529,1780281102.9840722,0.2193450927734375,decode,0,0,452715,0.2193450927734375,1.0,1
forward_start,1780281102.9931123,60,60,60,64,FULL,1780281102.9931123,1780281102.9933066,0.19431114196777344,decode,0,0,452715,0.19431114196777344,1.0,1
forward_start,1780281102.993216,55,55,55,64,FULL,1780281102.993216,1780281102.993565,0.3490447998046875,decode,1,0,452712,0.13947486877441406,0.39959016393442626,1
forward_start,1780281103.0057244,60,60,60,64,FULL,1780281103.0057244,1780281103.005924,0.1995563507080078,decode,0,0,452715,0.0,0.0,0
forward_start,1780281103.005772,55,55,55,64,FULL,1780281103.005772,1780281103.006099,0.3268718719482422,decode,1,0,452712,0.0,0.0,0
forward_start,1780281103.0182931,61,61,61,64,FULL,1780281103.0182931,1780281103.0185375,0.24437904357910156,decode,0,0,452715,0.0,0.0,0
forward_start,1780281103.0367496,54,54,54,64,FULL,1780281103.0367496,1780281103.036944,0.19431114196777344,decode,1,0,452712,0.3886222839355469,2.0,2
forward_start,1780281103.040215,61,61,61,64,FULL,1780281103.040215,1780281103.0404558,0.24080276489257812,decode,0,0,452715,0.24080276489257812,1.0,1
forward_start,1780281103.040244,54,54,54,64,FULL,1780281103.040244,1780281103.0405674,0.32329559326171875,decode,1,0,452712,0.32329559326171875,1.0,1
forward_start,1780281103.0516338,61,61,61,64,FULL,1780281103.0516338,1780281103.0518222,0.18835067749023438,decode,0,0,452715,0.18835067749023438,1.0,1
forward_start,1780281103.0516367,55,55,55,64,FULL,1780281103.0516367,1780281103.051942,0.30541419982910156,decode,1,0,452712,0.30541419982910156,1.0,1
forward_start,1780281103.0642722,61,61,61,64,FULL,1780281103.0642722,1780281103.0645173,0.24509429931640625,decode,0,0,452715,0.0,0.0,0
forward_start,1780281103.064307,55,55,55,64,FULL,1780281103.064307,1780281103.064657,0.34999847412109375,decode,1,0,452712,0.0,0.0,0
forward_start,1780281103.0771182,61,61,61,64,FULL,1780281103.0771182,1780281103.0773203,0.202178955078125,decode,0,0,452715,0.0,0.0,0
forward_start,1780281103.0771542,56,56,56,64,FULL,1780281103.0771542,1780281103.077501,0.34689903259277344,decode,1,0,452712,0.0,0.0,0
forward_start,1780281103.089046,61,61,61,64,FULL,1780281103.089046,1780281103.0892348,0.1888275146484375,decode,0,0,452715,0.0,0.0,0
forward_start,1780281103.089134,55,55,55,64,FULL,1780281103.089134,1780281103.089484,0.34999847412109375,decode,1,0,452712,0.0,0.0,0
forward_start,1780281103.102365,61,61,61,64,FULL,1780281103.102365,1780281103.1025863,0.22125244140625,decode,0,0,452715,0.0,0.0,0
forward_start,1780281103.1024172,55,55,55,64,FULL,1780281103.1024172,1780281103.1027439,0.3266334533691406,decode,1,0,452712,0.0,0.0,0
forward_start,1780281103.1140437,61,61,61,64,FULL,1780281103.1140437,1780281103.114244,0.2002716064453125,decode,0,0,452715,0.0,0.0,0
forward_start,1780281103.1140983,55,55,55,64,FULL,1780281103.1140983,1780281103.1144474,0.3490447998046875,decode,1,0,452712,0.0,0.0,0
forward_start,1780281103.12658,55,55,55,64,FULL,1780281103.12658,1780281103.1269045,0.32448768615722656,decode,1,0,452712,0.0,0.0,0
forward_start,1780281103.1436882,61,61,61,64,FULL,1780281103.1436882,1780281103.143998,0.3097057342529297,decode,0,0,452715,0.3097057342529297,1.0,1
forward_start,1780281103.1469324,61,61,61,64,FULL,1780281103.1469324,1780281103.147202,0.2696514129638672,decode,0,0,452715,0.4138946533203125,1.5349248452696729,2
forward_start,1780281103.1497302,54,54,54,64,FULL,1780281103.1497302,1780281103.1500914,0.3612041473388672,decode,1,0,452712,0.7224082946777344,2.0,2
forward_start,1780281103.1586185,54,54,54,64,FULL,1780281103.1586185,1780281103.158928,0.3094673156738281,decode,1,0,452712,0.5977153778076172,1.931432973805855,2
forward_start,1780281103.1586637,60,60,60,64,FULL,1780281103.1586637,1780281103.1588683,0.20456314086914062,decode,0,0,452715,0.40912628173828125,2.0,2
forward_start,1780281103.171211,60,60,60,64,FULL,1780281103.171211,1780281103.171437,0.22602081298828125,decode,0,0,452715,0.0,0.0,0
forward_start,1780281103.1713295,54,54,54,64,FULL,1780281103.1713295,1780281103.1716812,0.3516674041748047,decode,1,0,452712,0.0,0.0,0
forward_start,1780281103.1837063,61,61,61,64,FULL,1780281103.1837063,1780281103.183904,0.1976490020751953,decode,0,0,452715,0.0,0.0,0
forward_start,1780281103.1837153,55,55,55,64,FULL,1780281103.1837153,1780281103.1840415,0.3261566162109375,decode,1,0,452712,0.0,0.0,0
forward_start,1780281103.196072,60,60,60,64,FULL,1780281103.196072,1780281103.1962798,0.20766258239746094,decode,0,0,452715,0.0,0.0,0
forward_start,1780281103.1960814,54,54,54,64,FULL,1780281103.1960814,1780281103.1964188,0.33736228942871094,decode,1,0,452712,0.0,0.0,0
forward_start,1780281103.2081766,60,60,60,64,FULL,1780281103.2081766,1780281103.2084095,0.23293495178222656,decode,0,0,452715,0.0,0.0,0
forward_start,1780281103.2082174,54,54,54,64,FULL,1780281103.2082174,1780281103.20856,0.3426074981689453,decode,1,0,452712,0.0,0.0,0
forward_start,1780281103.220743,60,60,60,64,FULL,1780281103.220743,1780281103.2209444,0.2014636993408203,decode,0,0,452715,0.0,0.0,0
forward_start,1780281103.2368584,54,54,54,64,FULL,1780281103.2368584,1780281103.237078,0.21958351135253906,decode,1,0,452712,0.21958351135253906,1.0,1
forward_start,1780281103.240034,59,59,59,64,FULL,1780281103.240034,1780281103.2402377,0.20360946655273438,decode,0,0,452715,0.20360946655273438,1.0,1
forward_start,1780281103.2558353,52,52,52,64,FULL,1780281103.2558353,1780281103.2560194,0.18405914306640625,decode,1,0,452712,0.3681182861328125,2.0,2
forward_start,1780281103.259579,52,52,52,64,FULL,1780281103.259579,1780281103.259888,0.308990478515625,decode,1,0,452712,0.61798095703125,2.0,2
forward_start,1780281103.2595956,59,59,59,64,FULL,1780281103.2595956,1780281103.2597964,0.20074844360351562,decode,0,0,452715,0.40149688720703125,2.0,2
forward_start,1780281103.2705717,52,52,52,64,FULL,1780281103.2705717,1780281103.270873,0.301361083984375,decode,1,0,452712,0.301361083984375,1.0,1
forward_start,1780281103.2706182,59,59,59,64,FULL,1780281103.2706182,1780281103.2708282,0.21004676818847656,decode,0,0,452715,0.21004676818847656,1.0,1
forward_start,1780281103.2835872,59,59,59,64,FULL,1780281103.2835872,1780281103.2838008,0.213623046875,decode,0,0,452715,0.0,0.0,0
forward_start,1780281103.2836225,53,53,53,64,FULL,1780281103.2836225,1780281103.2839637,0.34117698669433594,decode,1,0,452712,0.0,0.0,0
forward_start,1780281103.2958088,59,59,59,64,FULL,1780281103.2958088,1780281103.296009,0.2002716064453125,decode,0,0,452715,0.0,0.0,0
forward_start,1780281103.2958405,54,54,54,64,FULL,1780281103.2958405,1780281103.2961736,0.3330707550048828,decode,1,0,452712,0.0,0.0,0
forward_start,1780281103.3080442,59,59,59,64,FULL,1780281103.3080442,1780281103.308246,0.20170211791992188,decode,0,0,452715,0.0,0.0,0
forward_start,1780281103.3081625,54,54,54,64,FULL,1780281103.3081625,1780281103.3085113,0.34880638122558594,decode,1,0,452712,0.0,0.0,0
forward_start,1780281103.3204353,59,59,59,64,FULL,1780281103.3204353,1780281103.3206375,0.202178955078125,decode,0,0,452715,0.0,0.0,0
forward_start,1780281103.3205254,54,54,54,64,FULL,1780281103.3205254,1780281103.3208537,0.32830238342285156,decode,1,0,452712,0.0,0.0,0
forward_start,1780281103.3329458,59,59,59,64,FULL,1780281103.3329458,1780281103.3331373,0.1914501190185547,decode,0,0,452715,0.0,0.0,0
forward_start,1780281103.33302,54,54,54,64,FULL,1780281103.33302,1780281103.3333669,0.34689903259277344,decode,1,0,452712,0.0,0.0,0
forward_start,1780281103.345529,59,59,59,64,FULL,1780281103.345529,1780281103.3457212,0.19216537475585938,decode,0,0,452715,0.0,0.0,0
forward_start,1780281103.3456252,54,54,54,64,FULL,1780281103.3456252,1780281103.3459568,0.33164024353027344,decode,1,0,452712,0.0,0.0,0
forward_start,1780281103.358093,59,59,59,64,FULL,1780281103.358093,1780281103.3582807,0.1876354217529297,decode,0,0,452715,0.0,0.0,0
forward_start,1780281103.358203,54,54,54,64,FULL,1780281103.358203,1780281103.3585615,0.35858154296875,decode,1,0,452712,0.0,0.0,0
forward_start,1780281103.3702493,59,59,59,64,FULL,1780281103.3702493,1780281103.3704834,0.23412704467773438,decode,0,0,452715,0.0,0.0,0
forward_start,1780281103.370398,54,54,54,64,FULL,1780281103.370398,1780281103.3707404,0.34236907958984375,decode,1,0,452712,0.0,0.0,0
forward_start,1780281103.3830497,59,59,59,64,FULL,1780281103.3830497,1780281103.3832455,0.1957416534423828,decode,0,0,452715,0.0,0.0,0
forward_start,1780281103.3830733,54,54,54,64,FULL,1780281103.3830733,1780281103.3834207,0.34737586975097656,decode,1,0,452712,0.0,0.0,0
forward_start,1780281103.3953943,59,59,59,64,FULL,1780281103.3953943,1780281103.3955958,0.2014636993408203,decode,0,0,452715,0.0,0.0,0
forward_start,1780281103.4006252,54,54,54,64,FULL,1780281103.4006252,1780281103.4009626,0.33736228942871094,decode,1,0,452712,0.33736228942871094,1.0,1
forward_start,1780281103.4080791,59,59,59,64,FULL,1780281103.4080791,1780281103.4082787,0.1995563507080078,decode,0,0,452715,0.1995563507080078,1.0,1
forward_start,1780281103.4081466,54,54,54,64,FULL,1780281103.4081466,1780281103.4084966,0.34999847412109375,decode,1,0,452712,0.34999847412109375,1.0,1
forward_start,1780281103.4205155,54,54,54,64,FULL,1780281103.4205155,1780281103.4208245,0.308990478515625,decode,1,0,452712,0.0,0.0,0
forward_start,1780281103.4205587,59,59,59,64,FULL,1780281103.4205587,1780281103.4207714,0.21266937255859375,decode,0,0,452715,0.0,0.0,0
forward_start,1780281103.4333215,59,59,59,64,FULL,1780281103.4333215,1780281103.433557,0.23555755615234375,decode,0,0,452715,0.0,0.0,0
forward_start,1780281103.4333677,55,55,55,64,FULL,1780281103.4333677,1780281103.4336944,0.3266334533691406,decode,1,0,452712,0.0,0.0,0
forward_start,1780281103.4451928,59,59,59,64,FULL,1780281103.4451928,1780281103.445425,0.23221969604492188,decode,0,0,452715,0.0,0.0,0
forward_start,1780281103.4452431,55,55,55,64,FULL,1780281103.4452431,1780281103.4455867,0.34356117248535156,decode,1,0,452712,0.0,0.0,0
forward_start,1780281103.4578798,59,59,59,64,FULL,1780281103.4578798,1780281103.4580793,0.1995563507080078,decode,0,0,452715,0.0,0.0,0
forward_start,1780281103.4579265,55,55,55,64,FULL,1780281103.4579265,1780281103.4582503,0.3237724304199219,decode,1,0,452712,0.0,0.0,0
forward_start,1780281103.4700742,58,58,58,64,FULL,1780281103.4700742,1780281103.470274,0.19979476928710938,decode,0,0,452715,0.0,0.0,0
forward_start,1780281103.4701118,55,55,55,64,FULL,1780281103.4701118,1780281103.47047,0.3581047058105469,decode,1,0,452712,0.0,0.0,0
forward_start,1780281103.4826233,58,58,58,64,FULL,1780281103.4826233,1780281103.482823,0.1995563507080078,decode,0,0,452715,0.0,0.0,0
forward_start,1780281103.4826674,55,55,55,64,FULL,1780281103.4826674,1780281103.4829962,0.3287792205810547,decode,1,0,452712,0.0,0.0,0
forward_start,1780281103.4949718,58,58,58,64,FULL,1780281103.4949718,1780281103.4951727,0.2009868621826172,decode,0,0,452715,0.0,0.0,0
forward_start,1780281103.4949858,55,55,55,64,FULL,1780281103.4949858,1780281103.4953196,0.3337860107421875,decode,1,0,452712,0.0,0.0,0
forward_start,1780281103.507761,58,58,58,64,FULL,1780281103.507761,1780281103.507959,0.19788742065429688,decode,0,0,452715,0.06318092346191406,0.3192771084337349,1
forward_start,1780281103.5098867,55,55,55,64,FULL,1780281103.5098867,1780281103.510263,0.3762245178222656,decode,1,0,452712,0.3762245178222656,1.0,1
forward_start,1780281103.5204194,55,55,55,64,FULL,1780281103.5204194,1780281103.5207438,0.32448768615722656,decode,1,0,452712,0.32448768615722656,1.0,1
forward_start,1780281103.5204391,58,58,58,64,FULL,1780281103.5204391,1780281103.5206578,0.2186298370361328,decode,0,0,452715,0.2186298370361328,1.0,1
forward_start,1780281103.532661,58,58,58,64,FULL,1780281103.532661,1780281103.532866,0.20503997802734375,decode,0,0,452715,0.0,0.0,0
forward_start,1780281103.5327182,54,54,54,64,FULL,1780281103.5327182,1780281103.533045,0.3268718719482422,decode,1,0,452712,0.0,0.0,0
forward_start,1780281103.5450442,58,58,58,64,FULL,1780281103.5450442,1780281103.5452445,0.2002716064453125,decode,0,0,452715,0.0,0.0,0
forward_start,1780281103.5450993,55,55,55,64,FULL,1780281103.5450993,1780281103.5454476,0.3483295440673828,decode,1,0,452712,0.0,0.0,0
forward_start,1780281103.5572188,58,58,58,64,FULL,1780281103.5572188,1780281103.557463,0.244140625,decode,0,0,452715,0.0,0.0,0
forward_start,1780281103.5572875,55,55,55,64,FULL,1780281103.5572875,1780281103.5576386,0.35119056701660156,decode,1,0,452712,0.0,0.0,0
forward_start,1780281103.569732,58,58,58,64,FULL,1780281103.569732,1780281103.5699298,0.19788742065429688,decode,0,0,452715,0.0,0.0,0
forward_start,1780281103.5697691,54,54,54,64,FULL,1780281103.5697691,1780281103.5700963,0.32711029052734375,decode,1,0,452712,0.0,0.0,0
forward_start,1780281103.5822468,58,58,58,64,FULL,1780281103.5822468,1780281103.5824816,0.23484230041503906,decode,0,0,452715,0.0,0.0,0
forward_start,1780281103.582304,54,54,54,64,FULL,1780281103.582304,1780281103.5826602,0.3561973571777344,decode,1,0,452712,0.0,0.0,0
forward_start,1780281103.5942638,58,58,58,64,FULL,1780281103.5942638,1780281103.594516,0.2522468566894531,decode,0,0,452715,0.0,0.0,0
forward_start,1780281103.594306,54,54,54,64,FULL,1780281103.594306,1780281103.5946455,0.339508056640625,decode,1,0,452712,0.0,0.0,0
forward_start,1780281103.6071773,57,57,57,64,FULL,1780281103.6071773,1780281103.6073866,0.20933151245117188,decode,0,0,452715,0.0,0.0,0
forward_start,1780281103.6072721,53,53,53,64,FULL,1780281103.6072721,1780281103.6076245,0.3523826599121094,decode,1,0,452712,0.0,0.0,0
forward_start,1780281103.619459,53,53,53,64,FULL,1780281103.619459,1780281103.6198087,0.3497600555419922,decode,1,0,452712,0.0,0.0,0
forward_start,1780281103.6196802,57,57,57,64,FULL,1780281103.6196802,1780281103.6198697,0.1895427703857422,decode,0,0,452715,0.0,0.0,0
forward_start,1780281103.6318634,56,56,56,56,FULL,1780281103.6318634,1780281103.6322582,0.3948211669921875,decode,0,0,452715,0.0,0.0,0
forward_start,1780281103.6320193,53,53,53,56,FULL,1780281103.6320193,1780281103.6324263,0.4069805145263672,decode,1,0,452712,0.0,0.0,0
forward_start,1780281103.6444075,56,56,56,56,FULL,1780281103.6444075,1780281103.6447003,0.29277801513671875,decode,0,0,452715,0.0,0.0,0
forward_start,1780281103.64448,53,53,53,56,FULL,1780281103.64448,1780281103.6448376,0.35762786865234375,decode,1,0,452712,0.0,0.0,0
forward_start,1780281103.656932,56,56,56,56,FULL,1780281103.656932,1780281103.6571622,0.2300739288330078,decode,0,0,452715,0.08344650268554688,0.3626943005181347,1
forward_start,1780281103.6598096,53,53,53,56,FULL,1780281103.6598096,1780281103.6601937,0.3840923309326172,decode,1,0,452712,0.3840923309326172,1.0,1
forward_start,1780281103.6688945,56,56,56,56,FULL,1780281103.6688945,1780281103.6691058,0.21123886108398438,decode,0,0,452715,0.21123886108398438,1.0,1
forward_start,1780281103.6689758,53,53,53,56,FULL,1780281103.6689758,1780281103.6693134,0.3376007080078125,decode,1,0,452712,0.3376007080078125,1.0,1
forward_start,1780281103.6811986,56,56,56,56,FULL,1780281103.6811986,1780281103.6814177,0.21910667419433594,decode,0,0,452715,0.0,0.0,0
forward_start,1780281103.681366,53,53,53,56,FULL,1780281103.681366,1780281103.6817029,0.3368854522705078,decode,1,0,452712,0.0,0.0,0
forward_start,1780281103.6934521,55,55,55,56,FULL,1780281103.6934521,1780281103.6936595,0.20742416381835938,decode,0,0,452715,0.0,0.0,0
forward_start,1780281103.6935077,54,54,54,56,FULL,1780281103.6935077,1780281103.6938343,0.3266334533691406,decode,1,0,452712,0.0,0.0,0
forward_start,1780281103.7055788,55,55,55,56,FULL,1780281103.7055788,1780281103.7057846,0.20575523376464844,decode,0,0,452715,0.0,0.0,0
forward_start,1780281103.7055926,54,54,54,56,FULL,1780281103.7055926,1780281103.705923,0.3304481506347656,decode,1,0,452712,0.0,0.0,0
forward_start,1780281103.7177932,53,53,53,56,FULL,1780281103.7177932,1780281103.7181249,0.33164024353027344,decode,1,0,452712,0.0,0.0,0
forward_start,1780281103.7180882,54,54,54,56,FULL,1780281103.7180882,1780281103.7182894,0.20122528076171875,decode,0,0,452715,0.0,0.0,0
forward_start,1780281103.730688,53,53,53,56,FULL,1780281103.730688,1780281103.7308936,0.20551681518554688,decode,0,0,452715,0.0,0.0,0
forward_start,1780281103.7537966,52,52,52,56,FULL,1780281103.7537966,1780281103.7540443,0.24771690368652344,decode,1,0,452712,0.24771690368652344,1.0,1
forward_start,1780281103.7570107,52,52,52,56,FULL,1780281103.7570107,1780281103.7573092,0.29850006103515625,decode,1,0,452712,0.29850006103515625,1.0,1
forward_start,1780281103.760831,53,53,53,56,FULL,1780281103.760831,1780281103.7610655,0.23436546325683594,decode,0,0,452715,0.4687309265136719,2.0,2
forward_start,1780281103.76874,53,53,53,56,FULL,1780281103.76874,1780281103.7689483,0.20837783813476562,decode,0,0,452715,0.6153583526611328,2.9530892448512587,3
forward_start,1780281103.7707348,52,52,52,56,FULL,1780281103.7707348,1780281103.7710898,0.35500526428222656,decode,1,0,452712,0.7100105285644531,2.0,2
forward_start,1780281103.7808464,52,52,52,56,FULL,1780281103.7808464,1780281103.7811742,0.32782554626464844,decode,1,0,452712,0.4572868347167969,1.3949090909090909,2
forward_start,1780281103.7851505,53,53,53,56,FULL,1780281103.7851505,1780281103.785407,0.25653839111328125,decode,0,0,452715,0.25653839111328125,1.0,1
forward_start,1780281103.79369,53,53,53,56,FULL,1780281103.79369,1780281103.7940066,0.316619873046875,decode,1,0,452712,0.27871131896972656,0.8802710843373494,1
forward_start,1780281103.7937195,54,54,54,56,FULL,1780281103.7937195,1780281103.7939322,0.21266937255859375,decode,0,0,452715,0.21266937255859375,1.0,1
forward_start,1780281103.80581,54,54,54,56,FULL,1780281103.80581,1780281103.806128,0.3180503845214844,decode,1,0,452712,0.0,0.0,0
forward_start,1780281103.8058152,54,54,54,56,FULL,1780281103.8058152,1780281103.806021,0.20575523376464844,decode,0,0,452715,0.0,0.0,0
forward_start,1780281103.817863,55,55,55,56,FULL,1780281103.817863,1780281103.818093,0.2300739288330078,decode,0,0,452715,0.0,0.0,0
forward_start,1780281103.8179722,54,54,54,56,FULL,1780281103.8179722,1780281103.8183074,0.3352165222167969,decode,1,0,452712,0.0,0.0,0
forward_start,1780281103.8302248,53,53,53,56,FULL,1780281103.8302248,1780281103.830473,0.24819374084472656,decode,0,0,452715,0.0,0.0,0
forward_start,1780281103.8302882,54,54,54,56,FULL,1780281103.8302882,1780281103.8306355,0.34737586975097656,decode,1,0,452712,0.0,0.0,0
forward_start,1780281103.8427033,53,53,53,56,FULL,1780281103.8427033,1780281103.8429067,0.2033710479736328,decode,0,0,452715,0.0,0.0,0
forward_start,1780281103.847893,54,54,54,56,FULL,1780281103.847893,1780281103.848235,0.3418922424316406,decode,1,0,452712,0.3418922424316406,1.0,1
forward_start,1780281103.8546324,53,53,53,56,FULL,1780281103.8546324,1780281103.8548412,0.20885467529296875,decode,0,0,452715,0.20885467529296875,1.0,1
forward_start,1780281103.8546689,54,54,54,56,FULL,1780281103.8546689,1780281103.8549938,0.3249645233154297,decode,1,0,452712,0.3249645233154297,1.0,1
forward_start,1780281103.8673885,52,52,52,56,FULL,1780281103.8673885,1780281103.867611,0.2224445343017578,decode,0,0,452715,0.0,0.0,0
forward_start,1780281103.8674536,53,53,53,56,FULL,1780281103.8674536,1780281103.8677814,0.32782554626464844,decode,1,0,452712,0.0,0.0,0
forward_start,1780281103.8796296,52,52,52,56,FULL,1780281103.8796296,1780281103.8798285,0.19884109497070312,decode,0,0,452715,0.0,0.0,0
forward_start,1780281103.8796463,54,54,54,56,FULL,1780281103.8796463,1780281103.8799736,0.3273487091064453,decode,1,0,452712,0.0,0.0,0
forward_start,1780281103.8917708,52,52,52,56,FULL,1780281103.8917708,1780281103.8920057,0.23484230041503906,decode,0,0,452715,0.0,0.0,0
forward_start,1780281103.8917904,54,54,54,56,FULL,1780281103.8917904,1780281103.8921182,0.32782554626464844,decode,1,0,452712,0.0,0.0,0
forward_start,1780281103.903944,52,52,52,56,FULL,1780281103.903944,1780281103.9041483,0.20432472229003906,decode,0,0,452715,0.0,0.0,0
forward_start,1780281103.903966,53,53,53,56,FULL,1780281103.903966,1780281103.904294,0.32806396484375,decode,1,0,452712,0.0,0.0,0
forward_start,1780281103.9161792,52,52,52,56,FULL,1780281103.9161792,1780281103.9164066,0.22745132446289062,decode,0,0,452715,0.0,0.0,0
forward_start,1780281103.9162545,52,52,52,56,FULL,1780281103.9162545,1780281103.9165995,0.34499168395996094,decode,1,0,452712,0.0,0.0,0
forward_start,1780281103.9289625,52,52,52,56,FULL,1780281103.9289625,1780281103.9292707,0.3082752227783203,decode,1,0,452712,0.17118453979492188,0.5552977571539056,1
forward_start,1780281103.9328935,52,52,52,56,FULL,1780281103.9328935,1780281103.9331186,0.225067138671875,decode,0,0,452715,0.225067138671875,1.0,1
forward_start,1780281103.9407377,52,52,52,56,FULL,1780281103.9407377,1780281103.94094,0.202178955078125,decode,0,0,452715,0.202178955078125,1.0,1
forward_start,1780281103.940746,52,52,52,56,FULL,1780281103.940746,1780281103.9410708,0.3247261047363281,decode,1,0,452712,0.22459030151367188,0.6916299559471366,1
forward_start,1780281103.9530327,52,52,52,56,FULL,1780281103.9530327,1780281103.95325,0.21719932556152344,decode,0,0,452715,0.0,0.0,0
forward_start,1780281103.9530609,52,52,52,56,FULL,1780281103.9530609,1780281103.9534009,0.3399848937988281,decode,1,0,452712,0.0,0.0,0
forward_start,1780281103.9654326,53,53,53,56,FULL,1780281103.9654326,1780281103.9656324,0.19979476928710938,decode,0,0,452715,0.0,0.0,0
forward_start,1780281103.965461,52,52,52,56,FULL,1780281103.965461,1780281103.9657848,0.3237724304199219,decode,1,0,452712,0.0,0.0,0
forward_start,1780281103.977496,52,52,52,56,FULL,1780281103.977496,1780281103.9776995,0.20360946655273438,decode,0,0,452715,0.0,0.0,0
forward_start,1780281103.9775567,52,52,52,56,FULL,1780281103.9775567,1780281103.9778898,0.3330707550048828,decode,1,0,452712,0.0,0.0,0
forward_start,1780281103.9897962,52,52,52,56,FULL,1780281103.9897962,1780281103.9899957,0.1995563507080078,decode,0,0,452715,0.0,0.0,0
forward_start,1780281103.9898248,52,52,52,56,FULL,1780281103.9898248,1780281103.9901528,0.32806396484375,decode,1,0,452712,0.0,0.0,0
forward_start,1780281104.0015981,52,52,52,56,FULL,1780281104.0015981,1780281104.0017974,0.19931793212890625,decode,0,0,452715,0.0,0.0,0
forward_start,1780281104.0016289,52,52,52,56,FULL,1780281104.0016289,1780281104.0019538,0.3249645233154297,decode,1,0,452712,0.0,0.0,0
forward_start,1780281104.0142257,51,51,51,56,FULL,1780281104.0142257,1780281104.0145745,0.34880638122558594,decode,1,0,452712,0.0,0.0,0
forward_start,1780281104.0145,51,51,51,56,FULL,1780281104.0145,1780281104.0147057,0.20575523376464844,decode,0,0,452715,0.0,0.0,0
forward_start,1780281104.0264072,51,51,51,56,FULL,1780281104.0264072,1780281104.0266154,0.20813941955566406,decode,0,0,452715,0.0,0.0,0
forward_start,1780281104.0264478,51,51,51,56,FULL,1780281104.0264478,1780281104.026776,0.32830238342285156,decode,1,0,452712,0.0,0.0,0
forward_start,1780281104.0387578,51,51,51,56,FULL,1780281104.0387578,1780281104.0389812,0.22339820861816406,decode,0,0,452715,0.0,0.0,0
forward_start,1780281104.038796,51,51,51,56,FULL,1780281104.038796,1780281104.0391238,0.32782554626464844,decode,1,0,452712,0.0,0.0,0
forward_start,1780281104.0509212,51,51,51,56,FULL,1780281104.0509212,1780281104.0511234,0.202178955078125,decode,0,0,452715,0.012636184692382812,0.0625,1
forward_start,1780281104.0581405,51,51,51,56,FULL,1780281104.0581405,1780281104.0585227,0.3821849822998047,decode,1,0,452712,0.3821849822998047,1.0,1
forward_start,1780281104.0634136,51,51,51,56,FULL,1780281104.0634136,1780281104.0637472,0.33354759216308594,decode,1,0,452712,0.6310939788818359,1.8920657612580414,2
forward_start,1780281104.0663474,51,51,51,56,FULL,1780281104.0663474,1780281104.0665846,0.2372264862060547,decode,0,0,452715,0.2372264862060547,1.0,1
forward_start,1780281104.0752585,50,50,50,56,FULL,1780281104.0752585,1780281104.0755136,0.2551078796386719,decode,0,0,452715,0.2551078796386719,1.0,1
forward_start,1780281104.0753248,51,51,51,56,FULL,1780281104.0753248,1780281104.075677,0.3521442413330078,decode,1,0,452712,0.23293495178222656,0.6614759647935003,1
forward_start,1780281104.088168,50,50,50,56,FULL,1780281104.088168,1780281104.0883927,0.22482872009277344,decode,0,0,452715,0.0,0.0,0
forward_start,1780281104.0882223,51,51,51,56,FULL,1780281104.0882223,1780281104.0885677,0.34546852111816406,decode,1,0,452712,0.0,0.0,0
forward_start,1780281104.0998123,51,51,51,56,FULL,1780281104.0998123,1780281104.1001298,0.31757354736328125,decode,1,0,452712,0.1533031463623047,0.4827327327327327,1
forward_start,1780281104.1065843,51,51,51,56,FULL,1780281104.1065843,1780281104.1068254,0.2410411834716797,decode,0,0,452715,0.2410411834716797,1.0,1
forward_start,1780281104.1120613,50,50,50,56,FULL,1780281104.1120613,1780281104.112263,0.20170211791992188,decode,0,0,452715,0.20170211791992188,1.0,1
forward_start,1780281104.1121256,51,51,51,56,FULL,1780281104.1121256,1780281104.1124778,0.3521442413330078,decode,1,0,452712,0.1678466796875,0.4766418415707515,1
forward_start,1780281104.1239657,50,50,50,56,FULL,1780281104.1239657,1780281104.124169,0.2033710479736328,decode,0,0,452715,0.0,0.0,0
forward_start,1780281104.1240153,51,51,51,56,FULL,1780281104.1240153,1780281104.1243596,0.34427642822265625,decode,1,0,452712,0.0,0.0,0
forward_start,1780281104.1366127,50,50,50,56,FULL,1780281104.1366127,1780281104.136812,0.19931793212890625,decode,0,0,452715,0.05841255187988281,0.2930622009569378,1
forward_start,1780281104.1403275,50,50,50,56,FULL,1780281104.1403275,1780281104.140713,0.38552284240722656,decode,1,0,452712,0.38552284240722656,1.0,1
forward_start,1780281104.1486726,50,50,50,56,FULL,1780281104.1486726,1780281104.1490002,0.3275871276855469,decode,1,0,452712,0.6151199340820312,1.8777292576419213,2
forward_start,1780281104.149398,49,49,49,56,FULL,1780281104.149398,1780281104.1496074,0.20933151245117188,decode,0,0,452715,0.0,0.0,0
forward_start,1780281104.160749,50,50,50,56,FULL,1780281104.160749,1780281104.161073,0.32401084899902344,decode,1,0,452712,0.0,0.0,0
forward_start,1780281104.1607776,48,48,48,56,FULL,1780281104.1607776,1780281104.1609917,0.21409988403320312,decode,0,0,452715,0.0,0.0,0
forward_start,1780281104.1729376,49,49,49,56,FULL,1780281104.1729376,1780281104.1731412,0.20360946655273438,decode,0,0,452715,0.0,0.0,0
forward_start,1780281104.1749725,51,51,51,56,FULL,1780281104.1749725,1780281104.1753597,0.3871917724609375,decode,1,0,452712,0.3871917724609375,1.0,1
forward_start,1780281104.1849039,49,49,49,56,FULL,1780281104.1849039,1780281104.1851125,0.2086162567138672,decode,0,0,452715,0.2086162567138672,1.0,1
forward_start,1780281104.1849978,51,51,51,56,FULL,1780281104.1849978,1780281104.1853297,0.331878662109375,decode,1,0,452712,0.331878662109375,1.0,1
forward_start,1780281104.1970432,49,49,49,56,FULL,1780281104.1970432,1780281104.1972475,0.20432472229003906,decode,0,0,452715,0.0,0.0,0
forward_start,1780281104.1970658,51,51,51,56,FULL,1780281104.1970658,1780281104.19741,0.34427642822265625,decode,1,0,452712,0.0,0.0,0
forward_start,1780281104.2090936,49,49,49,56,FULL,1780281104.2090936,1780281104.2093086,0.21505355834960938,decode,0,0,452715,0.0,0.0,0
forward_start,1780281104.2091777,52,52,52,56,FULL,1780281104.2091777,1780281104.2095277,0.34999847412109375,decode,1,0,452712,0.0,0.0,0
forward_start,1780281104.221225,52,52,52,56,FULL,1780281104.221225,1780281104.2215583,0.3333091735839844,decode,1,0,452712,0.0,0.0,0
forward_start,1780281104.2212434,49,49,49,56,FULL,1780281104.2212434,1780281104.2214892,0.24580955505371094,decode,0,0,452715,0.0,0.0,0
forward_start,1780281104.2334557,48,48,48,56,FULL,1780281104.2334557,1780281104.2336595,0.20384788513183594,decode,0,0,452715,0.0,0.0,0
forward_start,1780281104.233528,52,52,52,56,FULL,1780281104.233528,1780281104.233855,0.32711029052734375,decode,1,0,452712,0.0,0.0,0
forward_start,1780281104.2456653,52,52,52,56,FULL,1780281104.2456653,1780281104.2459896,0.324249267578125,decode,1,0,452712,0.03600120544433594,0.11102941176470588,1
forward_start,1780281104.2591174,48,48,48,56,FULL,1780281104.2591174,1780281104.2594168,0.2994537353515625,decode,0,0,452715,0.2994537353515625,1.0,1
forward_start,1780281104.2621706,48,48,48,56,FULL,1780281104.2621706,1780281104.262482,0.3113746643066406,decode,0,0,452715,0.3113746643066406,1.0,1
forward_start,1780281104.2622147,52,52,52,56,FULL,1780281104.2622147,1780281104.2625558,0.34117698669433594,decode,1,0,452712,0.34117698669433594,1.0,1
forward_start,1780281104.27351,48,48,48,56,FULL,1780281104.27351,1780281104.27371,0.20003318786621094,decode,0,0,452715,0.20003318786621094,1.0,1
forward_start,1780281104.2735598,52,52,52,56,FULL,1780281104.2735598,1780281104.2738883,0.3285408020019531,decode,1,0,452712,0.18072128295898438,0.5500725689404935,1
forward_start,1780281104.2858822,48,48,48,56,FULL,1780281104.2858822,1780281104.286087,0.2048015594482422,decode,0,0,452715,0.0,0.0,0
forward_start,1780281104.285935,52,52,52,56,FULL,1780281104.285935,1780281104.2862601,0.32520294189453125,decode,1,0,452712,0.0,0.0,0
forward_start,1780281104.2980561,49,49,49,56,FULL,1780281104.2980561,1780281104.298258,0.20194053649902344,decode,0,0,452715,0.0,0.0,0
forward_start,1780281104.2981243,51,51,51,56,FULL,1780281104.2981243,1780281104.298476,0.3516674041748047,decode,1,0,452712,0.0,0.0,0
forward_start,1780281104.3100636,49,49,49,56,FULL,1780281104.3100636,1780281104.310266,0.20241737365722656,decode,0,0,452715,0.0,0.0,0
forward_start,1780281104.3101292,51,51,51,56,FULL,1780281104.3101292,1780281104.3104897,0.3604888916015625,decode,1,0,452712,0.0,0.0,0
forward_start,1780281104.322495,51,51,51,56,FULL,1780281104.322495,1780281104.3228064,0.3113746643066406,decode,1,0,452712,0.0,0.0,0
forward_start,1780281104.331808,49,49,49,56,FULL,1780281104.331808,1780281104.3320787,0.27060508728027344,decode,0,0,452715,0.27060508728027344,1.0,1
forward_start,1780281104.3350573,51,51,51,56,FULL,1780281104.3350573,1780281104.3353984,0.34117698669433594,decode,1,0,452712,0.34117698669433594,1.0,1
forward_start,1780281104.3350706,49,49,49,56,FULL,1780281104.3350706,1780281104.3353558,0.28514862060546875,decode,0,0,452715,0.28514862060546875,1.0,1
forward_start,1780281104.3464527,49,49,49,56,FULL,1780281104.3464527,1780281104.346677,0.2243518829345703,decode,0,0,452715,0.2243518829345703,1.0,1
forward_start,1780281104.346507,51,51,51,56,FULL,1780281104.346507,1780281104.3468385,0.3314018249511719,decode,1,0,452712,0.20265579223632812,0.6115107913669064,1
forward_start,1780281104.358855,49,49,49,56,FULL,1780281104.358855,1780281104.3590646,0.20956993103027344,decode,0,0,452715,0.0,0.0,0
forward_start,1780281104.3589506,51,51,51,56,FULL,1780281104.3589506,1780281104.359279,0.32830238342285156,decode,1,0,452712,0.0,0.0,0
forward_start,1780281104.3706253,50,50,50,56,FULL,1780281104.3706253,1780281104.370825,0.19979476928710938,decode,0,0,452715,0.0,0.0,0
forward_start,1780281104.3706908,51,51,51,56,FULL,1780281104.3706908,1780281104.3710182,0.3273487091064453,decode,1,0,452712,0.0,0.0,0
forward_start,1780281104.3829598,50,50,50,56,FULL,1780281104.3829598,1780281104.3831527,0.19288063049316406,decode,0,0,452715,0.0,0.0,0
forward_start,1780281104.383047,51,51,51,56,FULL,1780281104.383047,1780281104.383399,0.35190582275390625,decode,1,0,452712,0.0,0.0,0
forward_start,1780281104.3949664,50,50,50,56,FULL,1780281104.3949664,1780281104.3951573,0.19097328186035156,decode,0,0,452715,0.0,0.0,0
forward_start,1780281104.3949926,51,51,51,56,FULL,1780281104.3949926,1780281104.3953257,0.3330707550048828,decode,1,0,452712,0.0,0.0,0
forward_start,1780281104.4072032,50,50,50,56,FULL,1780281104.4072032,1780281104.4074283,0.225067138671875,decode,0,0,452715,0.0,0.0,0
forward_start,1780281104.4072986,51,51,51,56,FULL,1780281104.4072986,1780281104.4076376,0.3390312194824219,decode,1,0,452712,0.0,0.0,0
forward_start,1780281104.4193857,49,49,49,56,FULL,1780281104.4193857,1780281104.4196045,0.21886825561523438,decode,0,0,452715,0.0,0.0,0
forward_start,1780281104.4194238,51,51,51,56,FULL,1780281104.4194238,1780281104.4197464,0.32258033752441406,decode,1,0,452712,0.0,0.0,0
forward_start,1780281104.431705,49,49,49,56,FULL,1780281104.431705,1780281104.4319065,0.2014636993408203,decode,0,0,452715,0.0,0.0,0
forward_start,1780281104.431737,51,51,51,56,FULL,1780281104.431737,1780281104.4320707,0.3337860107421875,decode,1,0,452712,0.0,0.0,0
forward_start,1780281104.4438827,49,49,49,56,FULL,1780281104.4438827,1780281104.4441006,0.21791458129882812,decode,0,0,452715,0.0,0.0,0
forward_start,1780281104.461462,51,51,51,56,FULL,1780281104.461462,1780281104.4616783,0.2162456512451172,decode,1,0,452712,0.2162456512451172,1.0,1
forward_start,1780281104.4648907,49,49,49,56,FULL,1780281104.4648907,1780281104.4650924,0.20170211791992188,decode,0,0,452715,0.20170211791992188,1.0,1
forward_start,1780281104.464906,51,51,51,56,FULL,1780281104.464906,1780281104.4652145,0.3085136413574219,decode,1,0,452712,0.3085136413574219,1.0,1
forward_start,1780281104.4757597,51,51,51,56,FULL,1780281104.4757597,1780281104.4760723,0.31256675720214844,decode,1,0,452712,0.31256675720214844,1.0,1
forward_start,1780281104.4757926,49,49,49,56,FULL,1780281104.4757926,1780281104.476006,0.21338462829589844,decode,0,0,452715,0.21338462829589844,1.0,1
forward_start,1780281104.4884295,49,49,49,56,FULL,1780281104.4884295,1780281104.4886718,0.2422332763671875,decode,0,0,452715,0.0,0.0,0
forward_start,1780281104.4885025,51,51,51,56,FULL,1780281104.4885025,1780281104.4888232,0.32067298889160156,decode,1,0,452712,0.0,0.0,0
forward_start,1780281104.5006127,49,49,49,56,FULL,1780281104.5006127,1780281104.5008163,0.20360946655273438,decode,0,0,452715,0.0,0.0,0
forward_start,1780281104.500652,52,52,52,56,FULL,1780281104.500652,1780281104.5009766,0.32448768615722656,decode,1,0,452712,0.0,0.0,0
forward_start,1780281104.5123866,49,49,49,56,FULL,1780281104.5123866,1780281104.5126035,0.21696090698242188,decode,0,0,452715,0.0,0.0,0
forward_start,1780281104.512419,52,52,52,56,FULL,1780281104.512419,1780281104.512751,0.33211708068847656,decode,1,0,452712,0.0,0.0,0
forward_start,1780281104.524721,49,49,49,56,FULL,1780281104.524721,1780281104.5249372,0.2162456512451172,decode,0,0,452715,0.0,0.0,0
forward_start,1780281104.5247972,52,52,52,56,FULL,1780281104.5247972,1780281104.5251386,0.3414154052734375,decode,1,0,452712,0.0,0.0,0
forward_start,1780281104.5369916,49,49,49,56,FULL,1780281104.5369916,1780281104.537194,0.20241737365722656,decode,0,0,452715,0.0,0.0,0
forward_start,1780281104.5370522,52,52,52,56,FULL,1780281104.5370522,1780281104.5373955,0.34332275390625,decode,1,0,452712,0.0,0.0,0
forward_start,1780281104.5491111,49,49,49,56,FULL,1780281104.5491111,1780281104.5493107,0.1995563507080078,decode,0,0,452715,0.0,0.0,0
forward_start,1780281104.5491536,51,51,51,56,FULL,1780281104.5491536,1780281104.5494914,0.33783912658691406,decode,1,0,452712,0.0,0.0,0
forward_start,1780281104.5611703,48,48,48,56,FULL,1780281104.5611703,1780281104.5614014,0.23102760314941406,decode,0,0,452715,0.0,0.0,0
forward_start,1780281104.5612478,51,51,51,56,FULL,1780281104.5612478,1780281104.5616,0.3521442413330078,decode,1,0,452712,0.0,0.0,0
forward_start,1780281104.5735786,51,51,51,56,FULL,1780281104.5735786,1780281104.5738978,0.3192424774169922,decode,1,0,452712,0.2522468566894531,0.7901418969380134,1
forward_start,1780281104.5742674,48,48,48,56,FULL,1780281104.5742674,1780281104.574555,0.2875328063964844,decode,0,0,452715,0.2875328063964844,1.0,1
forward_start,1780281104.5860076,48,48,48,56,FULL,1780281104.5860076,1780281104.5862238,0.2162456512451172,decode,0,0,452715,0.0,0.0,0
forward_start,1780281104.5860772,51,51,51,56,FULL,1780281104.5860772,1780281104.5864275,0.3502368927001953,decode,1,0,452712,0.0,0.0,0
forward_start,1780281104.5980027,49,49,49,56,FULL,1780281104.5980027,1780281104.5982065,0.20384788513183594,decode,0,0,452715,0.0,0.0,0
forward_start,1780281104.5980666,51,51,51,56,FULL,1780281104.5980666,1780281104.5984108,0.34427642822265625,decode,1,0,452712,0.0,0.0,0
forward_start,1780281104.6102164,49,49,49,56,FULL,1780281104.6102164,1780281104.6104589,0.24247169494628906,decode,0,0,452715,0.0,0.0,0
forward_start,1780281104.6102974,51,51,51,56,FULL,1780281104.6102974,1780281104.6106424,0.34499168395996094,decode,1,0,452712,0.0,0.0,0
forward_start,1780281104.6225345,49,49,49,56,FULL,1780281104.6225345,1780281104.6227314,0.19693374633789062,decode,0,0,452715,0.0,0.0,0
forward_start,1780281104.6225631,51,51,51,56,FULL,1780281104.6225631,1780281104.622891,0.32782554626464844,decode,1,0,452712,0.0,0.0,0
forward_start,1780281104.634987,49,49,49,56,FULL,1780281104.634987,1780281104.6351898,0.20265579223632812,decode,0,0,452715,0.0,0.0,0
forward_start,1780281104.6350017,51,51,51,56,FULL,1780281104.6350017,1780281104.6353285,0.3268718719482422,decode,1,0,452712,0.0,0.0,0
forward_start,1780281104.6471655,51,51,51,56,FULL,1780281104.6471655,1780281104.6475086,0.34308433532714844,decode,1,0,452712,0.05888938903808594,0.17164697706740792,1
forward_start,1780281104.6565552,49,49,49,56,FULL,1780281104.6565552,1780281104.656829,0.2739429473876953,decode,0,0,452715,0.2739429473876953,1.0,1
forward_start,1780281104.6596096,49,49,49,56,FULL,1780281104.6596096,1780281104.6598766,0.26702880859375,decode,0,0,452715,0.26702880859375,1.0,1
forward_start,1780281104.659643,51,51,51,56,FULL,1780281104.659643,1780281104.6599717,0.3287792205810547,decode,1,0,452712,0.3287792205810547,1.0,1
forward_start,1780281104.6713886,48,48,48,56,FULL,1780281104.6713886,1780281104.6716113,0.22268295288085938,decode,0,0,452715,0.22268295288085938,1.0,1
forward_start,1780281104.6780472,51,51,51,56,FULL,1780281104.6780472,1780281104.6783862,0.3390312194824219,decode,1,0,452712,0.3390312194824219,1.0,1
forward_start,1780281104.6836128,48,48,48,56,FULL,1780281104.6836128,1780281104.6838076,0.19478797912597656,decode,0,0,452715,0.19478797912597656,1.0,1
forward_start,1780281104.6836307,51,51,51,56,FULL,1780281104.6836307,1780281104.6839485,0.3178119659423828,decode,1,0,452712,0.3178119659423828,1.0,1
forward_start,1780281104.6956685,49,49,49,56,FULL,1780281104.6956685,1780281104.6958675,0.1990795135498047,decode,0,0,452715,0.1990795135498047,1.0,1
forward_start,1780281104.6957176,51,51,51,56,FULL,1780281104.6957176,1780281104.6960404,0.3228187561035156,decode,1,0,452712,0.3228187561035156,1.0,1
forward_start,1780281104.7082741,49,49,49,56,FULL,1780281104.7082741,1780281104.7085123,0.23818016052246094,decode,0,0,452715,0.0,0.0,0
forward_start,1780281104.7083235,51,51,51,56,FULL,1780281104.7083235,1780281104.7086701,0.3466606140136719,decode,1,0,452712,0.0,0.0,0
forward_start,1780281104.7211947,49,49,49,56,FULL,1780281104.7211947,1780281104.7214236,0.2288818359375,decode,0,0,452715,0.0,0.0,0
forward_start,1780281104.7212515,52,52,52,56,FULL,1780281104.7212515,1780281104.7215958,0.34427642822265625,decode,1,0,452712,0.0,0.0,0
forward_start,1780281104.73215,49,49,49,56,FULL,1780281104.73215,1780281104.7323732,0.2231597900390625,decode,0,0,452715,0.0,0.0,0
forward_start,1780281104.7322006,52,52,52,56,FULL,1780281104.7322006,1780281104.7325532,0.35262107849121094,decode,1,0,452712,0.0,0.0,0
forward_start,1780281104.7443917,49,49,49,56,FULL,1780281104.7443917,1780281104.7446089,0.21719932556152344,decode,0,0,452715,0.0,0.0,0
forward_start,1780281104.7444017,52,52,52,56,FULL,1780281104.7444017,1780281104.7447462,0.3445148468017578,decode,1,0,452712,0.0,0.0,0
forward_start,1780281104.7568521,49,49,49,56,FULL,1780281104.7568521,1780281104.7570555,0.2033710479736328,decode,0,0,452715,0.2033710479736328,1.0,1
forward_start,1780281104.7626274,52,52,52,56,FULL,1780281104.7626274,1780281104.7629473,0.3199577331542969,decode,1,0,452712,0.3199577331542969,1.0,1
forward_start,1780281104.7686384,49,49,49,56,FULL,1780281104.7686384,1780281104.7688549,0.21648406982421875,decode,0,0,452715,0.21648406982421875,1.0,1
forward_start,1780281104.768728,52,52,52,56,FULL,1780281104.768728,1780281104.7690363,0.3082752227783203,decode,1,0,452712,0.3082752227783203,1.0,1
forward_start,1780281104.7809842,49,49,49,56,FULL,1780281104.7809842,1780281104.781188,0.20384788513183594,decode,0,0,452715,0.20384788513183594,1.0,1
forward_start,1780281104.7810059,52,52,52,56,FULL,1780281104.7810059,1780281104.7813342,0.32830238342285156,decode,1,0,452712,0.32830238342285156,1.0,1
forward_start,1780281104.7929752,49,49,49,56,FULL,1780281104.7929752,1780281104.7931738,0.19860267639160156,decode,0,0,452715,0.0,0.0,0
forward_start,1780281104.7929878,52,52,52,56,FULL,1780281104.7929878,1780281104.7933152,0.3273487091064453,decode,1,0,452712,0.0,0.0,0
forward_start,1780281104.8055346,49,49,49,56,FULL,1780281104.8055346,1780281104.805731,0.1964569091796875,decode,0,0,452715,0.0,0.0,0
forward_start,1780281104.8056264,53,53,53,56,FULL,1780281104.8056264,1780281104.8059533,0.3268718719482422,decode,1,0,452712,0.0,0.0,0
forward_start,1780281104.8170326,49,49,49,56,FULL,1780281104.8170326,1780281104.8172266,0.19407272338867188,decode,0,0,452715,0.0,0.0,0
forward_start,1780281104.8171456,53,53,53,56,FULL,1780281104.8171456,1780281104.817495,0.3495216369628906,decode,1,0,452712,0.0,0.0,0
forward_start,1780281104.8297272,53,53,53,56,FULL,1780281104.8297272,1780281104.8300505,0.32329559326171875,decode,1,0,452712,0.0,0.0,0
forward_start,1780281104.8302746,49,49,49,56,FULL,1780281104.8302746,1780281104.8306687,0.3941059112548828,decode,0,0,452715,0.0,0.0,0
forward_start,1780281104.8419225,53,53,53,56,FULL,1780281104.8419225,1780281104.8422434,0.3209114074707031,decode,1,0,452712,0.0,0.0,0
forward_start,1780281104.8419871,49,49,49,56,FULL,1780281104.8419871,1780281104.8422894,0.30231475830078125,decode,0,0,452715,0.0,0.0,0
forward_start,1780281104.854082,53,53,53,56,FULL,1780281104.854082,1780281104.854435,0.3528594970703125,decode,1,0,452712,0.0,0.0,0
forward_start,1780281104.854109,49,49,49,56,FULL,1780281104.854109,1780281104.854428,0.3190040588378906,decode,0,0,452715,0.0,0.0,0
forward_start,1780281104.866252,53,53,53,56,FULL,1780281104.866252,1780281104.8664525,0.20051002502441406,decode,1,0,452712,0.0,0.0,0
forward_start,1780281104.8741252,49,49,49,56,FULL,1780281104.8741252,1780281104.87448,0.354766845703125,decode,0,0,452715,0.354766845703125,1.0,1
forward_start,1780281104.8786254,52,52,52,56,FULL,1780281104.8786254,1780281104.8789482,0.3228187561035156,decode,1,0,452712,0.3228187561035156,1.0,1
forward_start,1780281104.8786805,49,49,49,56,FULL,1780281104.8786805,1780281104.8789268,0.24628639221191406,decode,0,0,452715,0.24628639221191406,1.0,1
forward_start,1780281104.8905675,49,49,49,56,FULL,1780281104.8905675,1780281104.8907707,0.20313262939453125,decode,0,0,452715,0.03910064697265625,0.19248826291079812,1
forward_start,1780281104.8913143,52,52,52,56,FULL,1780281104.8913143,1780281104.8916943,0.3800392150878906,decode,1,0,452712,0.3800392150878906,1.0,1
forward_start,1780281104.9028888,50,50,50,56,FULL,1780281104.9028888,1780281104.9030886,0.19979476928710938,decode,0,0,452715,0.0,0.0,0
forward_start,1780281104.9029632,52,52,52,56,FULL,1780281104.9029632,1780281104.903301,0.33783912658691406,decode,1,0,452712,0.0,0.0,0
forward_start,1780281104.9148011,50,50,50,56,FULL,1780281104.9148011,1780281104.915008,0.20694732666015625,decode,0,0,452715,0.0,0.0,0
forward_start,1780281104.914855,53,53,53,56,FULL,1780281104.914855,1780281104.9151793,0.324249267578125,decode,1,0,452712,0.0,0.0,0
forward_start,1780281104.9269388,50,50,50,56,FULL,1780281104.9269388,1780281104.9271467,0.2079010009765625,decode,0,0,452715,0.0,0.0,0
forward_start,1780281104.9269738,53,53,53,56,FULL,1780281104.9269738,1780281104.927292,0.31828880310058594,decode,1,0,452712,0.0,0.0,0
forward_start,1780281104.939006,53,53,53,56,FULL,1780281104.939006,1780281104.9393222,0.3161430358886719,decode,1,0,452712,0.3025531768798828,0.9570135746606335,1
forward_start,1780281104.9415426,50,50,50,56,FULL,1780281104.9415426,1780281104.9417653,0.22268295288085938,decode,0,0,452715,0.22268295288085938,1.0,1
forward_start,1780281104.9513197,50,50,50,56,FULL,1780281104.9513197,1780281104.9515414,0.22172927856445312,decode,0,0,452715,0.22172927856445312,1.0,1
forward_start,1780281104.9514024,53,53,53,56,FULL,1780281104.9514024,1780281104.9517322,0.32973289489746094,decode,1,0,452712,0.16927719116210938,0.5133767172812725,1
forward_start,1780281104.9634264,53,53,53,56,FULL,1780281104.9634264,1780281104.963758,0.33164024353027344,decode,1,0,452712,0.0,0.0,0
forward_start,1780281104.9635296,50,50,50,56,FULL,1780281104.9635296,1780281104.9637406,0.2110004425048828,decode,0,0,452715,0.0,0.0,0
forward_start,1780281104.975638,51,51,51,56,FULL,1780281104.975638,1780281104.9758372,0.19931793212890625,decode,0,0,452715,0.0,0.0,0
forward_start,1780281104.9756973,53,53,53,56,FULL,1780281104.9756973,1780281104.9760234,0.3261566162109375,decode,1,0,452712,0.0,0.0,0
forward_start,1780281104.988097,51,51,51,56,FULL,1780281104.988097,1780281104.9883008,0.20384788513183594,decode,0,0,452715,0.0,0.0,0
forward_start,1780281104.9881566,53,53,53,56,FULL,1780281104.9881566,1780281104.9885051,0.3485679626464844,decode,1,0,452712,0.0,0.0,0
forward_start,1780281104.9999948,51,51,51,56,FULL,1780281104.9999948,1780281105.000195,0.2002716064453125,decode,0,0,452715,0.0,0.0,0
forward_start,1780281105.0000675,53,53,53,56,FULL,1780281105.0000675,1780281105.0004187,0.35119056701660156,decode,1,0,452712,0.0,0.0,0
forward_start,1780281105.0124958,51,51,51,56,FULL,1780281105.0124958,1780281105.0126958,0.20003318786621094,decode,0,0,452715,0.0,0.0,0
forward_start,1780281105.012563,52,52,52,56,FULL,1780281105.012563,1780281105.0129,0.3371238708496094,decode,1,0,452712,0.0,0.0,0
forward_start,1780281105.024729,51,51,51,56,FULL,1780281105.024729,1780281105.024928,0.1990795135498047,decode,0,0,452715,0.0,0.0,0
forward_start,1780281105.0247617,52,52,52,56,FULL,1780281105.0247617,1780281105.0250885,0.3268718719482422,decode,1,0,452712,0.0,0.0,0
forward_start,1780281105.0365467,51,51,51,56,FULL,1780281105.0365467,1780281105.0367723,0.22554397583007812,decode,0,0,452715,0.0,0.0,0
forward_start,1780281105.0366027,52,52,52,56,FULL,1780281105.0366027,1780281105.0369298,0.32711029052734375,decode,1,0,452712,0.0,0.0,0
forward_start,1780281105.0493793,51,51,51,56,FULL,1780281105.0493793,1780281105.049586,0.2067089080810547,decode,0,0,452715,0.0,0.0,0
forward_start,1780281105.0494587,52,52,52,56,FULL,1780281105.0494587,1780281105.0497866,0.32782554626464844,decode,1,0,452712,0.0,0.0,0
forward_start,1780281105.0610464,51,51,51,56,FULL,1780281105.0610464,1780281105.0612473,0.2009868621826172,decode,0,0,452715,0.0,0.0,0
forward_start,1780281105.0610952,52,52,52,56,FULL,1780281105.0610952,1780281105.0614495,0.3542900085449219,decode,1,0,452712,0.0,0.0,0
forward_start,1780281105.0736575,51,51,51,56,FULL,1780281105.0736575,1780281105.0738623,0.2048015594482422,decode,0,0,452715,0.026702880859375,0.13038416763678695,1
forward_start,1780281105.0794637,52,52,52,56,FULL,1780281105.0794637,1780281105.0798297,0.36597251892089844,decode,1,0,452712,0.36597251892089844,1.0,1
forward_start,1780281105.0856469,51,51,51,56,FULL,1780281105.0856469,1780281105.085843,0.19621849060058594,decode,0,0,452715,0.19621849060058594,1.0,1
forward_start,1780281105.0857227,52,52,52,56,FULL,1780281105.0857227,1780281105.0860505,0.32782554626464844,decode,1,0,452712,0.32782554626464844,1.0,1
forward_start,1780281105.0978427,51,51,51,56,FULL,1780281105.0978427,1780281105.0980713,0.22864341735839844,decode,0,0,452715,0.0,0.0,0
forward_start,1780281105.0978956,52,52,52,56,FULL,1780281105.0978956,1780281105.0982206,0.3249645233154297,decode,1,0,452712,0.0,0.0,0
forward_start,1780281105.1111045,51,51,51,56,FULL,1780281105.1111045,1780281105.111301,0.1964569091796875,decode,0,0,452715,0.0,0.0,0
forward_start,1780281105.1111588,53,53,53,56,FULL,1780281105.1111588,1780281105.111502,0.34308433532714844,decode,1,0,452712,0.0,0.0,0
forward_start,1780281105.1227376,51,51,51,56,FULL,1780281105.1227376,1780281105.1229393,0.20170211791992188,decode,0,0,452715,0.0,0.0,0
forward_start,1780281105.1227994,53,53,53,56,FULL,1780281105.1227994,1780281105.123129,0.3294944763183594,decode,1,0,452712,0.0,0.0,0
forward_start,1780281105.134513,51,51,51,56,FULL,1780281105.134513,1780281105.1347196,0.2067089080810547,decode,0,0,452715,0.0,0.0,0
forward_start,1780281105.1345756,53,53,53,56,FULL,1780281105.1345756,1780281105.1349027,0.32711029052734375,decode,1,0,452712,0.0,0.0,0
forward_start,1780281105.1467576,51,51,51,56,FULL,1780281105.1467576,1780281105.1469693,0.2117156982421875,decode,0,0,452715,0.0,0.0,0
forward_start,1780281105.1468208,53,53,53,56,FULL,1780281105.1468208,1780281105.1471462,0.3254413604736328,decode,1,0,452712,0.0,0.0,0
forward_start,1780281105.1586049,50,50,50,56,FULL,1780281105.1586049,1780281105.1588356,0.2307891845703125,decode,0,0,452715,0.0,0.0,0
forward_start,1780281105.158671,53,53,53,56,FULL,1780281105.158671,1780281105.1589952,0.324249267578125,decode,1,0,452712,0.0,0.0,0
forward_start,1780281105.1707993,53,53,53,56,FULL,1780281105.1707993,1780281105.171124,0.3247261047363281,decode,1,0,452712,0.0,0.0,0
forward_start,1780281105.1824164,50,50,50,56,FULL,1780281105.1824164,1780281105.182694,0.27751922607421875,decode,0,0,452715,0.27751922607421875,1.0,1
forward_start,1780281105.185696,49,49,49,56,FULL,1780281105.185696,1780281105.1859546,0.2586841583251953,decode,0,0,452715,0.2586841583251953,1.0,1
forward_start,1780281105.1857564,53,53,53,56,FULL,1780281105.1857564,1780281105.186081,0.32448768615722656,decode,1,0,452712,0.32448768615722656,1.0,1
forward_start,1780281105.1970804,49,49,49,56,FULL,1780281105.1970804,1780281105.197282,0.20170211791992188,decode,0,0,452715,0.20170211791992188,1.0,1
forward_start,1780281105.1971266,53,53,53,56,FULL,1780281105.1971266,1780281105.1974695,0.3428459167480469,decode,1,0,452712,0.186920166015625,0.545201668984701,1
forward_start,1780281105.2096727,49,49,49,56,FULL,1780281105.2096727,1780281105.209873,0.2002716064453125,decode,0,0,452715,0.0,0.0,0
forward_start,1780281105.209718,52,52,52,56,FULL,1780281105.209718,1780281105.2100477,0.32973289489746094,decode,1,0,452712,0.0,0.0,0
forward_start,1780281105.221842,49,49,49,56,FULL,1780281105.221842,1780281105.2220435,0.2014636993408203,decode,0,0,452715,0.0,0.0,0
forward_start,1780281105.2219033,52,52,52,56,FULL,1780281105.2219033,1780281105.222228,0.3247261047363281,decode,1,0,452712,0.0,0.0,0
forward_start,1780281105.2336047,49,49,49,56,FULL,1780281105.2336047,1780281105.2338037,0.1990795135498047,decode,0,0,452715,0.0,0.0,0
forward_start,1780281105.2336624,52,52,52,56,FULL,1780281105.2336624,1780281105.2339933,0.33092498779296875,decode,1,0,452712,0.0,0.0,0
forward_start,1780281105.2460015,52,52,52,56,FULL,1780281105.2460015,1780281105.2463665,0.3650188446044922,decode,1,0,452712,0.00095367431640625,0.002612671456564337,1
forward_start,1780281105.2577665,49,49,49,56,FULL,1780281105.2577665,1780281105.2580228,0.2562999725341797,decode,0,0,452715,0.2562999725341797,1.0,1
forward_start,1780281105.2610147,48,48,48,56,FULL,1780281105.2610147,1780281105.2612724,0.25773048400878906,decode,0,0,452715,0.25773048400878906,1.0,1
forward_start,1780281105.2610688,51,51,51,56,FULL,1780281105.2610688,1780281105.2614138,0.34499168395996094,decode,1,0,452712,0.34499168395996094,1.0,1
forward_start,1780281105.2726226,48,48,48,56,FULL,1780281105.2726226,1780281105.2728248,0.202178955078125,decode,0,0,452715,0.202178955078125,1.0,1
forward_start,1780281105.2726586,50,50,50,56,FULL,1780281105.2726586,1780281105.2729795,0.3209114074707031,decode,1,0,452712,0.20003318786621094,0.6233283803863299,1
forward_start,1780281105.2845647,48,48,48,56,FULL,1780281105.2845647,1780281105.2847695,0.2048015594482422,decode,0,0,452715,0.0,0.0,0
forward_start,1780281105.2846475,50,50,50,56,FULL,1780281105.2846475,1780281105.2849753,0.32782554626464844,decode,1,0,452712,0.0,0.0,0
forward_start,1780281105.2972229,49,49,49,56,FULL,1780281105.2972229,1780281105.2974477,0.22482872009277344,decode,0,0,452715,0.0,0.0,0
forward_start,1780281105.2972815,50,50,50,56,FULL,1780281105.2972815,1780281105.2976391,0.35762786865234375,decode,1,0,452712,0.0,0.0,0
forward_start,1780281105.3088965,49,49,49,56,FULL,1780281105.3088965,1780281105.309125,0.22840499877929688,decode,0,0,452715,0.0,0.0,0
forward_start,1780281105.308951,50,50,50,56,FULL,1780281105.308951,1780281105.3092856,0.33473968505859375,decode,1,0,452712,0.0,0.0,0
forward_start,1780281105.3212695,48,48,48,56,FULL,1780281105.3212695,1780281105.3214962,0.22673606872558594,decode,0,0,452715,0.0,0.0,0
forward_start,1780281105.333833,50,50,50,56,FULL,1780281105.333833,1780281105.3340518,0.21886825561523438,decode,1,0,452712,0.21886825561523438,1.0,1
forward_start,1780281105.3370566,50,50,50,56,FULL,1780281105.3370566,1780281105.3373806,0.32401084899902344,decode,1,0,452712,0.5810260772705078,1.7932303164091243,2
forward_start,1780281105.3398573,48,48,48,56,FULL,1780281105.3398573,1780281105.3400788,0.22149085998535156,decode,0,0,452715,0.4429817199707031,2.0,2
forward_start,1780281105.3486607,47,47,47,56,FULL,1780281105.3486607,1780281105.3488672,0.20647048950195312,decode,0,0,452715,0.4775524139404297,2.312933025404157,3
forward_start,1780281105.350647,49,49,49,56,FULL,1780281105.350647,1780281105.3510125,0.3654956817626953,decode,1,0,452712,0.7309913635253906,2.0,2
forward_start,1780281105.36084,46,46,46,56,FULL,1780281105.36084,1780281105.3610442,0.2040863037109375,decode,0,0,452715,0.2040863037109375,1.0,1
forward_start,1780281105.3609188,49,49,49,56,FULL,1780281105.3609188,1780281105.3612444,0.3256797790527344,decode,1,0,452712,0.3256797790527344,1.0,1
forward_start,1780281105.3732305,47,47,47,56,FULL,1780281105.3732305,1780281105.373478,0.24747848510742188,decode,0,0,452715,0.0,0.0,0
forward_start,1780281105.3732872,50,50,50,56,FULL,1780281105.3732872,1780281105.37363,0.3428459167480469,decode,1,0,452712,0.0,0.0,0
forward_start,1780281105.3852847,47,47,47,56,FULL,1780281105.3852847,1780281105.385506,0.22125244140625,decode,0,0,452715,0.0,0.0,0
forward_start,1780281105.385382,51,51,51,56,FULL,1780281105.385382,1780281105.3857148,0.33283233642578125,decode,1,0,452712,0.0,0.0,0
forward_start,1780281105.3971093,46,46,46,56,FULL,1780281105.3971093,1780281105.3973076,0.1983642578125,decode,0,0,452715,0.0,0.0,0
forward_start,1780281105.3971598,51,51,51,56,FULL,1780281105.3971598,1780281105.397507,0.347137451171875,decode,1,0,452712,0.0,0.0,0
forward_start,1780281105.4091537,45,45,45,56,FULL,1780281105.4091537,1780281105.4093752,0.22149085998535156,decode,0,0,452715,0.0,0.0,0
forward_start,1780281105.4092174,51,51,51,56,FULL,1780281105.4092174,1780281105.4095788,0.36144256591796875,decode,1,0,452712,0.0,0.0,0
forward_start,1780281105.4212792,45,45,45,56,FULL,1780281105.4212792,1780281105.4215024,0.2231597900390625,decode,0,0,452715,0.0,0.0,0
forward_start,1780281105.4213753,51,51,51,56,FULL,1780281105.4213753,1780281105.4217079,0.3325939178466797,decode,1,0,452712,0.0,0.0,0
forward_start,1780281105.433842,50,50,50,56,FULL,1780281105.433842,1780281105.4341698,0.32782554626464844,decode,1,0,452712,0.0,0.0,0
forward_start,1780281105.4414625,44,44,44,56,FULL,1780281105.4414625,1780281105.4417489,0.28634071350097656,decode,0,0,452715,0.28634071350097656,1.0,1
forward_start,1780281105.4459782,50,50,50,56,FULL,1780281105.4459782,1780281105.4462948,0.316619873046875,decode,1,0,452712,0.49567222595214844,1.5655120481927711,2
forward_start,1780281105.4661777,44,44,44,56,FULL,1780281105.4661777,1780281105.466394,0.2162456512451172,decode,0,0,452715,0.4324913024902344,2.0,2
forward_start,1780281105.4692373,44,44,44,56,FULL,1780281105.4692373,1780281105.4694986,0.2613067626953125,decode,0,0,452715,0.2613067626953125,1.0,1
forward_start,1780281105.4692771,50,50,50,56,FULL,1780281105.4692771,1780281105.469631,0.35381317138671875,decode,1,0,452712,0.35381317138671875,1.0,1
forward_start,1780281105.4810934,45,45,45,56,FULL,1780281105.4810934,1780281105.4812946,0.20122528076171875,decode,0,0,452715,0.2713203430175781,1.3483412322274881,2
forward_start,1780281105.4830978,50,50,50,56,FULL,1780281105.4830978,1780281105.4834719,0.37407875061035156,decode,1,0,452712,0.37407875061035156,1.0,1
forward_start,1780281105.493216,45,45,45,56,FULL,1780281105.493216,1780281105.493457,0.2410411834716797,decode,0,0,452715,0.2410411834716797,1.0,1
forward_start,1780281105.4932895,49,49,49,56,FULL,1780281105.4932895,1780281105.4936523,0.3628730773925781,decode,1,0,452712,0.3628730773925781,1.0,1
forward_start,1780281105.5055745,46,46,46,56,FULL,1780281105.5055745,1780281105.5057733,0.19884109497070312,decode,0,0,452715,0.0,0.0,0
forward_start,1780281105.5056088,49,49,49,56,FULL,1780281105.5056088,1780281105.505946,0.3371238708496094,decode,1,0,452712,0.0,0.0,0
forward_start,1780281105.5181842,50,50,50,56,FULL,1780281105.5181842,1780281105.5185273,0.34308433532714844,decode,1,0,452712,0.12564659118652344,0.36622654621264766,1
forward_start,1780281105.521802,46,46,46,56,FULL,1780281105.521802,1780281105.52204,0.23794174194335938,decode,0,0,452715,0.23794174194335938,1.0,1
forward_start,1780281105.5297608,46,46,46,56,FULL,1780281105.5297608,1780281105.5299618,0.2009868621826172,decode,0,0,452715,0.2009868621826172,1.0,1
forward_start,1780281105.5297968,50,50,50,56,FULL,1780281105.5297968,1780281105.5301254,0.3285408020019531,decode,1,0,452712,0.20074844360351562,0.6110304789550073,1
forward_start,1780281105.542497,46,46,46,56,FULL,1780281105.542497,1780281105.5427008,0.20384788513183594,decode,0,0,452715,0.0,0.0,0
forward_start,1780281105.5425105,49,49,49,56,FULL,1780281105.5425105,1780281105.5428386,0.32806396484375,decode,1,0,452712,0.0,0.0,0
forward_start,1780281105.5544164,47,47,47,56,FULL,1780281105.5544164,1780281105.5546262,0.209808349609375,decode,0,0,452715,0.0,0.0,0
forward_start,1780281105.5544763,49,49,49,56,FULL,1780281105.5544763,1780281105.5548096,0.3333091735839844,decode,1,0,452712,0.0,0.0,0
forward_start,1780281105.5666418,47,47,47,56,FULL,1780281105.5666418,1780281105.5668418,0.20003318786621094,decode,0,0,452715,0.0,0.0,0
forward_start,1780281105.5666792,49,49,49,56,FULL,1780281105.5666792,1780281105.5670078,0.3285408020019531,decode,1,0,452712,0.0,0.0,0
forward_start,1780281105.5790682,47,47,47,56,FULL,1780281105.5790682,1780281105.579268,0.19979476928710938,decode,0,0,452715,0.05841255187988281,0.29236276849642007,1
forward_start,1780281105.582782,49,49,49,56,FULL,1780281105.582782,1780281105.5831428,0.36072731018066406,decode,1,0,452712,0.36072731018066406,1.0,1
forward_start,1780281105.5911565,47,47,47,56,FULL,1780281105.5911565,1780281105.591406,0.24962425231933594,decode,0,0,452715,0.24962425231933594,1.0,1
forward_start,1780281105.591198,49,49,49,56,FULL,1780281105.591198,1780281105.5915523,0.3542900085449219,decode,1,0,452712,0.3542900085449219,1.0,1
forward_start,1780281105.6030211,47,47,47,56,FULL,1780281105.6030211,1780281105.6032112,0.1900196075439453,decode,0,0,452715,0.0,0.0,0
forward_start,1780281105.6031234,49,49,49,56,FULL,1780281105.6031234,1780281105.6034737,0.3502368927001953,decode,1,0,452712,0.0,0.0,0
forward_start,1780281105.6154773,47,47,47,56,FULL,1780281105.6154773,1780281105.6156774,0.20003318786621094,decode,0,0,452715,0.0,0.0,0
forward_start,1780281105.6154885,50,50,50,56,FULL,1780281105.6154885,1780281105.6158159,0.3273487091064453,decode,1,0,452712,0.0,0.0,0
forward_start,1780281105.6278436,47,47,47,56,FULL,1780281105.6278436,1780281105.6280382,0.194549560546875,decode,0,0,452715,0.0,0.0,0
forward_start,1780281105.627863,50,50,50,56,FULL,1780281105.627863,1780281105.6281843,0.32138824462890625,decode,1,0,452712,0.0,0.0,0
forward_start,1780281105.6400802,49,49,49,56,FULL,1780281105.6400802,1780281105.6404219,0.34165382385253906,decode,1,0,452712,0.0,0.0,0
forward_start,1780281105.640085,47,47,47,56,FULL,1780281105.640085,1780281105.640298,0.2129077911376953,decode,0,0,452715,0.0,0.0,0
forward_start,1780281105.6528208,46,46,46,56,FULL,1780281105.6528208,1780281105.65302,0.1990795135498047,decode,0,0,452715,0.0,0.0,0
forward_start,1780281105.6528296,49,49,49,56,FULL,1780281105.6528296,1780281105.65316,0.3304481506347656,decode,1,0,452712,0.0,0.0,0
forward_start,1780281105.6646996,46,46,46,48,FULL,1780281105.6646996,1780281105.6650922,0.39267539978027344,decode,0,0,452715,0.0,0.0,0
forward_start,1780281105.682328,48,48,48,48,FULL,1780281105.682328,1780281105.682656,0.32806396484375,decode,1,0,452712,0.32806396484375,1.0,1
forward_start,1780281105.6857836,47,47,47,48,FULL,1780281105.6857836,1780281105.6861217,0.3380775451660156,decode,1,0,452712,0.3380775451660156,1.0,1
forward_start,1780281105.6860032,46,46,46,48,FULL,1780281105.6860032,1780281105.686297,0.293731689453125,decode,0,0,452715,0.293731689453125,1.0,1
forward_start,1780281105.6972353,47,47,47,48,FULL,1780281105.6972353,1780281105.6975763,0.3409385681152344,decode,1,0,452712,0.3409385681152344,1.0,1
forward_start,1780281105.697237,46,46,46,48,FULL,1780281105.697237,1780281105.697529,0.29206275939941406,decode,0,0,452715,0.29206275939941406,1.0,1
forward_start,1780281105.7092264,46,46,46,48,FULL,1780281105.7092264,1780281105.7095015,0.2751350402832031,decode,0,0,452715,0.0,0.0,0
forward_start,1780281105.7093196,47,47,47,48,FULL,1780281105.7093196,1780281105.7096746,0.35500526428222656,decode,1,0,452712,0.0,0.0,0
forward_start,1780281105.722078,48,48,48,48,FULL,1780281105.722078,1780281105.7224276,0.3495216369628906,decode,1,0,452712,0.0,0.0,0
forward_start,1780281105.722136,46,46,46,48,FULL,1780281105.722136,1780281105.7224152,0.2791881561279297,decode,0,0,452715,0.0,0.0,0
forward_start,1780281105.7342694,46,46,46,48,FULL,1780281105.7342694,1780281105.7345428,0.2734661102294922,decode,0,0,452715,0.0,0.0,0
forward_start,1780281105.7343147,48,48,48,48,FULL,1780281105.7343147,1780281105.7346575,0.3428459167480469,decode,1,0,452712,0.0,0.0,0
forward_start,1780281105.748583,46,46,46,48,FULL,1780281105.748583,1780281105.7488303,0.2472400665283203,decode,0,0,452715,0.4944801330566406,2.0,2
forward_start,1780281105.7536979,48,48,48,48,FULL,1780281105.7536979,1780281105.7540333,0.33545494079589844,decode,1,0,452712,0.6709098815917969,2.0,2
forward_start,1780281105.7588105,46,46,46,48,FULL,1780281105.7588105,1780281105.759016,0.20551681518554688,decode,0,0,452715,0.41103363037109375,2.0,2
forward_start,1780281105.7588952,48,48,48,48,FULL,1780281105.7588952,1780281105.7592075,0.3123283386230469,decode,1,0,452712,0.4649162292480469,1.4885496183206106,2
forward_start,1780281105.7711391,46,46,46,48,FULL,1780281105.7711391,1780281105.771539,0.3998279571533203,decode,0,0,452715,0.3998279571533203,1.0,1
forward_start,1780281105.7712455,47,47,47,48,FULL,1780281105.7712455,1780281105.7715924,0.34689903259277344,decode,1,0,452712,0.34689903259277344,1.0,1
forward_start,1780281105.7836988,47,47,47,48,FULL,1780281105.7836988,1780281105.7839174,0.2186298370361328,decode,0,0,452715,0.0,0.0,0
forward_start,1780281105.7837603,47,47,47,48,FULL,1780281105.7837603,1780281105.7840889,0.3285408020019531,decode,1,0,452712,0.0,0.0,0
forward_start,1780281105.7962272,48,48,48,48,FULL,1780281105.7962272,1780281105.79657,0.3428459167480469,decode,1,0,452712,0.0,0.0,0
forward_start,1780281105.7962515,47,47,47,48,FULL,1780281105.7962515,1780281105.796526,0.27441978454589844,decode,0,0,452715,0.0,0.0,0
forward_start,1780281105.808376,47,47,47,48,FULL,1780281105.808376,1780281105.8086188,0.24271011352539062,decode,0,0,452715,0.0,0.0,0
forward_start,1780281105.8083916,48,48,48,48,FULL,1780281105.8083916,1780281105.8087363,0.3447532653808594,decode,1,0,452712,0.0,0.0,0
forward_start,1780281105.8233345,48,48,48,48,FULL,1780281105.8233345,1780281105.823716,0.3814697265625,decode,1,0,452712,0.762939453125,2.0,2
forward_start,1780281105.8303316,47,47,47,48,FULL,1780281105.8303316,1780281105.8306274,0.29587745666503906,decode,0,0,452715,0.5917549133300781,2.0,2
forward_start,1780281105.8335776,48,48,48,48,FULL,1780281105.8335776,1780281105.833904,0.32639503479003906,decode,1,0,452712,0.6527900695800781,2.0,2
forward_start,1780281105.8336222,47,47,47,48,FULL,1780281105.8336222,1780281105.8338883,0.26607513427734375,decode,0,0,452715,0.5321502685546875,2.0,2
forward_start,1780281105.8449168,47,47,47,48,FULL,1780281105.8449168,1780281105.8451247,0.2079010009765625,decode,0,0,452715,0.2079010009765625,1.0,1
forward_start,1780281105.8449206,48,48,48,48,FULL,1780281105.8449206,1780281105.8452454,0.3247261047363281,decode,1,0,452712,0.23794174194335938,0.7327459618208517,1
forward_start,1780281105.8576574,47,47,47,56,FULL,1780281105.8576574,1780281105.857858,0.20051002502441406,decode,0,0,452715,0.0,0.0,0
forward_start,1780281105.8580062,49,49,49,56,FULL,1780281105.8580062,1780281105.858369,0.3628730773925781,decode,1,0,452712,0.0,0.0,0
forward_start,1780281105.8697762,49,49,49,56,FULL,1780281105.8697762,1780281105.8701007,0.32448768615722656,decode,1,0,452712,0.0,0.0,0
forward_start,1780281105.8698082,48,48,48,56,FULL,1780281105.8698082,1780281105.8700223,0.21409988403320312,decode,0,0,452715,0.0,0.0,0
forward_start,1780281105.8820384,47,47,47,56,FULL,1780281105.8820384,1780281105.8822873,0.24890899658203125,decode,0,0,452715,0.0,0.0,0
forward_start,1780281105.8820434,49,49,49,56,FULL,1780281105.8820434,1780281105.882384,0.3407001495361328,decode,1,0,452712,0.0,0.0,0
forward_start,1780281105.8943546,49,49,49,56,FULL,1780281105.8943546,1780281105.8946748,0.32019615173339844,decode,1,0,452712,0.0,0.0,0
forward_start,1780281105.9039674,47,47,47,56,FULL,1780281105.9039674,1780281105.9042292,0.2617835998535156,decode,0,0,452715,0.2617835998535156,1.0,1
forward_start,1780281105.9073918,47,47,47,56,FULL,1780281105.9073918,1780281105.9076781,0.28634071350097656,decode,0,0,452715,0.46372413635253906,1.6194837635303914,2
forward_start,1780281105.9146628,49,49,49,56,FULL,1780281105.9146628,1780281105.9150178,0.35500526428222656,decode,1,0,452712,0.7100105285644531,2.0,2
forward_start,1780281105.9201033,49,49,49,56,FULL,1780281105.9201033,1780281105.9204493,0.3459453582763672,decode,1,0,452712,0.732421875,2.1171605789110957,3
forward_start,1780281105.924697,47,47,47,56,FULL,1780281105.924697,1780281105.9249449,0.247955322265625,decode,0,0,452715,0.49591064453125,2.0,2
forward_start,1780281105.9309204,49,49,49,56,FULL,1780281105.9309204,1780281105.9312406,0.32019615173339844,decode,1,0,452712,0.32019615173339844,1.0,1
forward_start,1780281105.9309597,47,47,47,56,FULL,1780281105.9309597,1780281105.9311833,0.22363662719726562,decode,0,0,452715,0.22363662719726562,1.0,1
forward_start,1780281105.9432917,48,48,48,56,FULL,1780281105.9432917,1780281105.9435244,0.232696533203125,decode,0,0,452715,0.232696533203125,1.0,1
forward_start,1780281105.9435534,50,50,50,56,FULL,1780281105.9435534,1780281105.9438913,0.33783912658691406,decode,1,0,452712,0.0002384185791015625,0.0007057163020465773,1
forward_start,1780281105.9553885,48,48,48,56,FULL,1780281105.9553885,1780281105.9556198,0.23126602172851562,decode,0,0,452715,0.0,0.0,0
forward_start,1780281105.9554436,50,50,50,56,FULL,1780281105.9554436,1780281105.9557714,0.32782554626464844,decode,1,0,452712,0.0,0.0,0
forward_start,1780281105.967729,49,49,49,56,FULL,1780281105.967729,1780281105.9679189,0.18978118896484375,decode,0,0,452715,0.0,0.0,0
forward_start,1780281105.9678261,50,50,50,56,FULL,1780281105.9678261,1780281105.9681537,0.3275871276855469,decode,1,0,452712,0.0,0.0,0
forward_start,1780281105.9799953,49,49,49,56,FULL,1780281105.9799953,1780281105.9801939,0.19860267639160156,decode,0,0,452715,0.0,0.0,0
forward_start,1780281105.9800553,50,50,50,56,FULL,1780281105.9800553,1780281105.9804003,0.34499168395996094,decode,1,0,452712,0.0,0.0,0
forward_start,1780281105.9921863,49,49,49,56,FULL,1780281105.9921863,1780281105.9924214,0.23508071899414062,decode,0,0,452715,0.0,0.0,0
forward_start,1780281105.9922502,50,50,50,56,FULL,1780281105.9922502,1780281105.9925966,0.3464221954345703,decode,1,0,452712,0.0,0.0,0
forward_start,1780281106.0047336,49,49,49,56,FULL,1780281106.0047336,1780281106.0049431,0.20956993103027344,decode,0,0,452715,0.0,0.0,0
forward_start,1780281106.0121045,50,50,50,56,FULL,1780281106.0121045,1780281106.012441,0.3364086151123047,decode,1,0,452712,0.3364086151123047,1.0,1
forward_start,1780281106.016544,49,49,49,56,FULL,1780281106.016544,1780281106.0167382,0.19407272338867188,decode,0,0,452715,0.19407272338867188,1.0,1
forward_start,1780281106.0166306,50,50,50,56,FULL,1780281106.0166306,1780281106.0169444,0.31375885009765625,decode,1,0,452712,0.31375885009765625,1.0,1
forward_start,1780281106.0289552,50,50,50,56,FULL,1780281106.0289552,1780281106.0292754,0.32019615173339844,decode,1,0,452712,0.32019615173339844,1.0,1
forward_start,1780281106.0289907,49,49,49,56,FULL,1780281106.0289907,1780281106.0292037,0.2129077911376953,decode,0,0,452715,0.2129077911376953,1.0,1
forward_start,1780281106.0413816,48,48,48,56,FULL,1780281106.0413816,1780281106.0416021,0.2205371856689453,decode,0,0,452715,0.0,0.0,0
forward_start,1780281106.041498,50,50,50,56,FULL,1780281106.041498,1780281106.0418358,0.33783912658691406,decode,1,0,452712,0.0,0.0,0
forward_start,1780281106.0539424,48,48,48,56,FULL,1780281106.0539424,1780281106.054161,0.2186298370361328,decode,0,0,452715,0.0,0.0,0
forward_start,1780281106.0539486,51,51,51,56,FULL,1780281106.0539486,1780281106.0542758,0.32711029052734375,decode,1,0,452712,0.0,0.0,0
forward_start,1780281106.0660787,48,48,48,56,FULL,1780281106.0660787,1780281106.0662758,0.1971721649169922,decode,0,0,452715,0.0,0.0,0
forward_start,1780281106.0661128,51,51,51,56,FULL,1780281106.0661128,1780281106.0664577,0.34499168395996094,decode,1,0,452712,0.0,0.0,0
forward_start,1780281106.0786283,48,48,48,56,FULL,1780281106.0786283,1780281106.0788279,0.1995563507080078,decode,0,0,452715,0.0,0.0,0
forward_start,1780281106.0786424,51,51,51,56,FULL,1780281106.0786424,1780281106.0789735,0.3311634063720703,decode,1,0,452712,0.0,0.0,0
forward_start,1780281106.103777,51,51,51,56,FULL,1780281106.103777,1780281106.1039953,0.21839141845703125,decode,1,0,452712,0.4367828369140625,2.0,2
forward_start,1780281106.10627,48,48,48,56,FULL,1780281106.10627,1780281106.1065934,0.32329559326171875,decode,0,0,452715,0.6465911865234375,2.0,2
forward_start,1780281106.1093318,51,51,51,56,FULL,1780281106.1093318,1780281106.1096656,0.3337860107421875,decode,1,0,452712,0.667572021484375,2.0,2
forward_start,1780281106.1332386,48,48,48,56,FULL,1780281106.1332386,1780281106.1334798,0.24127960205078125,decode,0,0,452715,0.7238388061523438,3.0,3
forward_start,1780281106.142631,48,48,48,56,FULL,1780281106.142631,1780281106.1428595,0.22840499877929688,decode,0,0,452715,0.9136199951171875,4.0,4
forward_start,1780281106.1431057,51,51,51,56,FULL,1780281106.1431057,1780281106.1434689,0.3631114959716797,decode,1,0,452712,1.4524459838867188,4.0,4
forward_start,1780281106.1481857,51,51,51,56,FULL,1780281106.1481857,1780281106.1485374,0.3516674041748047,decode,1,0,452712,1.0826587677001953,3.0786440677966103,4
forward_start,1780281106.1520746,49,49,49,56,FULL,1780281106.1520746,1780281106.152302,0.22745132446289062,decode,0,0,452715,0.9098052978515625,4.0,4
forward_start,1780281106.160415,49,49,49,56,FULL,1780281106.160415,1780281106.1606243,0.20933151245117188,decode,0,0,452715,0.41866302490234375,2.0,2
forward_start,1780281106.1604433,52,52,52,56,FULL,1780281106.1604433,1780281106.160773,0.32973289489746094,decode,1,0,452712,0.5431175231933594,1.6471438900939985,2
forward_start,1780281106.1724672,51,51,51,56,FULL,1780281106.1724672,1780281106.1726701,0.2028942108154297,decode,0,0,452715,0.0,0.0,0
forward_start,1780281106.1725192,52,52,52,56,FULL,1780281106.1725192,1780281106.1728432,0.32401084899902344,decode,1,0,452712,0.0,0.0,0
forward_start,1780281106.184936,52,52,52,56,FULL,1780281106.184936,1780281106.1851358,0.19979476928710938,decode,0,0,452715,0.0,0.0,0
forward_start,1780281106.1849804,53,53,53,56,FULL,1780281106.1849804,1780281106.185314,0.33354759216308594,decode,1,0,452712,0.0,0.0,0
forward_start,1780281106.197075,52,52,52,56,FULL,1780281106.197075,1780281106.1972792,0.20432472229003906,decode,0,0,452715,0.0,0.0,0
forward_start,1780281106.1971006,53,53,53,56,FULL,1780281106.1971006,1780281106.197448,0.34737586975097656,decode,1,0,452712,0.0,0.0,0
forward_start,1780281106.2095187,52,52,52,56,FULL,1780281106.2095187,1780281106.2097275,0.20885467529296875,decode,0,0,452715,0.08988380432128906,0.430365296803653,1
forward_start,1780281106.211455,53,53,53,56,FULL,1780281106.211455,1780281106.2118218,0.3666877746582031,decode,1,0,452712,0.3666877746582031,1.0,1
forward_start,1780281106.221937,52,52,52,56,FULL,1780281106.221937,1780281106.222171,0.23412704467773438,decode,0,0,452715,0.23412704467773438,1.0,1
forward_start,1780281106.2219827,52,52,52,56,FULL,1780281106.2219827,1780281106.2223074,0.3247261047363281,decode,1,0,452712,0.3247261047363281,1.0,1
forward_start,1780281106.2346694,52,52,52,56,FULL,1780281106.2346694,1780281106.23487,0.20051002502441406,decode,0,0,452715,0.0,0.0,0
forward_start,1780281106.2346761,52,52,52,56,FULL,1780281106.2346761,1780281106.2350047,0.3285408020019531,decode,1,0,452712,0.0,0.0,0
forward_start,1780281106.2467616,53,53,53,56,FULL,1780281106.2467616,1780281106.2470906,0.32901763916015625,decode,1,0,452712,0.0,0.0,0
forward_start,1780281106.2467623,52,52,52,56,FULL,1780281106.2467623,1780281106.2469578,0.19550323486328125,decode,0,0,452715,0.0,0.0,0
forward_start,1780281106.259135,52,52,52,56,FULL,1780281106.259135,1780281106.2593613,0.2262592315673828,decode,0,0,452715,0.0,0.0,0
forward_start,1780281106.2591786,53,53,53,56,FULL,1780281106.2591786,1780281106.2595158,0.3371238708496094,decode,1,0,452712,0.0,0.0,0
forward_start,1780281106.2715232,52,52,52,56,FULL,1780281106.2715232,1780281106.2717202,0.19693374633789062,decode,0,0,452715,0.0,0.0,0
forward_start,1780281106.2715626,53,53,53,56,FULL,1780281106.2715626,1780281106.271887,0.32448768615722656,decode,1,0,452712,0.0,0.0,0
forward_start,1780281106.2837055,51,51,51,56,FULL,1780281106.2837055,1780281106.2839255,0.2200603485107422,decode,0,0,452715,0.0,0.0,0
forward_start,1780281106.2837486,52,52,52,56,FULL,1780281106.2837486,1780281106.2840788,0.33020973205566406,decode,1,0,452712,0.0,0.0,0
forward_start,1780281106.296421,52,52,52,56,FULL,1780281106.296421,1780281106.296615,0.1938343048095703,decode,1,0,452712,0.0,0.0,0
forward_start,1780281106.296483,51,51,51,56,FULL,1780281106.296483,1780281106.2966924,0.20933151245117188,decode,0,0,452715,0.0,0.0,0
forward_start,1780281106.3086815,52,52,52,56,FULL,1780281106.3086815,1780281106.309008,0.32639503479003906,decode,1,0,452712,0.0,0.0,0
forward_start,1780281106.3166537,51,51,51,56,FULL,1780281106.3166537,1780281106.3169549,0.30112266540527344,decode,0,0,452715,0.30112266540527344,1.0,1
forward_start,1780281106.3209662,52,52,52,56,FULL,1780281106.3209662,1780281106.3212776,0.3113746643066406,decode,1,0,452712,0.3883838653564453,1.2473200612557427,2
forward_start,1780281106.3323889,51,51,51,56,FULL,1780281106.3323889,1780281106.3326025,0.213623046875,decode,0,0,452715,0.42724609375,2.0,2
forward_start,1780281106.3354497,51,51,51,56,FULL,1780281106.3354497,1780281106.3356745,0.22482872009277344,decode,0,0,452715,0.4496574401855469,2.0,2
forward_start,1780281106.3357546,52,52,52,56,FULL,1780281106.3357546,1780281106.3360927,0.3380775451660156,decode,1,0,452712,0.3380775451660156,1.0,1
forward_start,1780281106.3476536,51,51,51,56,FULL,1780281106.3476536,1780281106.3478577,0.2040863037109375,decode,0,0,452715,0.2040863037109375,1.0,1
forward_start,1780281106.3532517,51,51,51,56,FULL,1780281106.3532517,1780281106.3536003,0.3485679626464844,decode,1,0,452712,0.3485679626464844,1.0,1
forward_start,1780281106.3595772,52,52,52,56,FULL,1780281106.3595772,1780281106.3597772,0.20003318786621094,decode,0,0,452715,0.20003318786621094,1.0,1
forward_start,1780281106.3596115,51,51,51,56,FULL,1780281106.3596115,1780281106.3599327,0.3211498260498047,decode,1,0,452712,0.3211498260498047,1.0,1
forward_start,1780281106.372223,51,51,51,56,FULL,1780281106.372223,1780281106.3725688,0.3459453582763672,decode,1,0,452712,0.34308433532714844,0.9917298414886285,1
forward_start,1780281106.3743045,52,52,52,56,FULL,1780281106.3743045,1780281106.3745813,0.27680397033691406,decode,0,0,452715,0.27680397033691406,1.0,1
forward_start,1780281106.3842578,52,52,52,56,FULL,1780281106.3842578,1780281106.3845065,0.2486705780029297,decode,0,0,452715,0.2486705780029297,1.0,1
forward_start,1780281106.384289,52,52,52,56,FULL,1780281106.384289,1780281106.3846433,0.3542900085449219,decode,1,0,452712,0.2486705780029297,0.7018842530282638,1
forward_start,1780281106.3967261,52,52,52,56,FULL,1780281106.3967261,1780281106.3970447,0.3185272216796875,decode,1,0,452712,0.0,0.0,0
forward_start,1780281106.3967404,52,52,52,56,FULL,1780281106.3967404,1780281106.396949,0.2086162567138672,decode,0,0,452715,0.0,0.0,0
forward_start,1780281106.40939,53,53,53,56,FULL,1780281106.40939,1780281106.4096115,0.22149085998535156,decode,0,0,452715,0.12469291687011719,0.5629709364908504,1
forward_start,1780281106.4113905,51,51,51,56,FULL,1780281106.4113905,1780281106.4117584,0.36787986755371094,decode,1,0,452712,0.36787986755371094,1.0,1
forward_start,1780281106.4216163,51,51,51,56,FULL,1780281106.4216163,1780281106.4219403,0.32401084899902344,decode,1,0,452712,0.32401084899902344,1.0,1
forward_start,1780281106.42164,53,53,53,56,FULL,1780281106.42164,1780281106.4218514,0.21147727966308594,decode,0,0,452715,0.21147727966308594,1.0,1
forward_start,1780281106.4341223,52,52,52,56,FULL,1780281106.4341223,1780281106.4343271,0.2048015594482422,decode,0,0,452715,0.0,0.0,0
forward_start,1780281106.4341273,50,50,50,56,FULL,1780281106.4341273,1780281106.4344769,0.3495216369628906,decode,1,0,452712,0.0,0.0,0
forward_start,1780281106.447022,52,52,52,56,FULL,1780281106.447022,1780281106.4472268,0.2048015594482422,decode,0,0,452715,0.0,0.0,0
forward_start,1780281106.4470668,49,49,49,56,FULL,1780281106.4470668,1780281106.4474168,0.34999847412109375,decode,1,0,452712,0.0,0.0,0
forward_start,1780281106.4588745,51,51,51,56,FULL,1780281106.4588745,1780281106.4590714,0.19693374633789062,decode,0,0,452715,0.0,0.0,0
forward_start,1780281106.4589067,48,48,48,56,FULL,1780281106.4589067,1780281106.4592323,0.3256797790527344,decode,1,0,452712,0.0,0.0,0
forward_start,1780281106.4713066,51,51,51,56,FULL,1780281106.4713066,1780281106.4715853,0.27871131896972656,decode,0,0,452715,0.0,0.0,0
forward_start,1780281106.4713109,48,48,48,56,FULL,1780281106.4713109,1780281106.4716482,0.33736228942871094,decode,1,0,452712,0.0,0.0,0
forward_start,1780281106.483927,48,48,48,56,FULL,1780281106.483927,1780281106.484239,0.3120899200439453,decode,1,0,452712,0.0,0.0,0
forward_start,1780281106.4839883,51,51,51,56,FULL,1780281106.4839883,1780281106.484202,0.213623046875,decode,0,0,452715,0.0,0.0,0
forward_start,1780281106.4962401,51,51,51,56,FULL,1780281106.4962401,1780281106.496492,0.25177001953125,decode,0,0,452715,0.0,0.0,0
forward_start,1780281106.496254,48,48,48,56,FULL,1780281106.496254,1780281106.496599,0.34499168395996094,decode,1,0,452712,0.0,0.0,0
forward_start,1780281106.5081255,51,51,51,56,FULL,1780281106.5081255,1780281106.5083292,0.20360946655273438,decode,0,0,452715,0.0,0.0,0
forward_start,1780281106.5081894,48,48,48,56,FULL,1780281106.5081894,1780281106.5085478,0.35834312438964844,decode,1,0,452712,0.0,0.0,0
forward_start,1780281106.5207179,48,48,48,56,FULL,1780281106.5207179,1780281106.5210345,0.316619873046875,decode,1,0,452712,0.0,0.0,0
forward_start,1780281106.520753,51,51,51,56,FULL,1780281106.520753,1780281106.520967,0.21409988403320312,decode,0,0,452715,0.0,0.0,0
forward_start,1780281106.533076,51,51,51,56,FULL,1780281106.533076,1780281106.5332866,0.2105236053466797,decode,0,0,452715,0.0,0.0,0
forward_start,1780281106.5331283,48,48,48,56,FULL,1780281106.5331283,1780281106.5334811,0.3528594970703125,decode,1,0,452712,0.0,0.0,0
forward_start,1780281106.545533,51,51,51,56,FULL,1780281106.545533,1780281106.5457613,0.22840499877929688,decode,0,0,452715,0.0,0.0,0
forward_start,1780281106.5455751,48,48,48,56,FULL,1780281106.5455751,1780281106.5459135,0.3383159637451172,decode,1,0,452712,0.0,0.0,0
forward_start,1780281106.557751,51,51,51,56,FULL,1780281106.557751,1780281106.5579438,0.19288063049316406,decode,0,0,452715,0.0,0.0,0
forward_start,1780281106.5578077,48,48,48,56,FULL,1780281106.5578077,1780281106.5581243,0.316619873046875,decode,1,0,452712,0.0,0.0,0
forward_start,1780281106.5702887,51,51,51,56,FULL,1780281106.5702887,1780281106.570561,0.2722740173339844,decode,0,0,452715,0.0,0.0,0
forward_start,1780281106.5704157,47,47,47,56,FULL,1780281106.5704157,1780281106.570745,0.3292560577392578,decode,1,0,452712,0.0,0.0,0
forward_start,1780281106.5822759,51,51,51,56,FULL,1780281106.5822759,1780281106.5825167,0.24080276489257812,decode,0,0,452715,0.0,0.0,0
forward_start,1780281106.5823941,47,47,47,56,FULL,1780281106.5823941,1780281106.5827198,0.3256797790527344,decode,1,0,452712,0.0,0.0,0
forward_start,1780281106.5950646,51,51,51,56,FULL,1780281106.5950646,1780281106.5952675,0.2028942108154297,decode,0,0,452715,0.0,0.0,0
forward_start,1780281106.595102,47,47,47,56,FULL,1780281106.595102,1780281106.5954468,0.3447532653808594,decode,1,0,452712,0.0,0.0,0
forward_start,1780281106.6072364,47,47,47,56,FULL,1780281106.6072364,1780281106.6075757,0.33926963806152344,decode,1,0,452712,0.0,0.0,0
forward_start,1780281106.607263,51,51,51,56,FULL,1780281106.607263,1780281106.6075308,0.2677440643310547,decode,0,0,452715,0.0,0.0,0
forward_start,1780281106.619868,51,51,51,56,FULL,1780281106.619868,1780281106.6200762,0.20813941955566406,decode,0,0,452715,0.0,0.0,0
forward_start,1780281106.620109,47,47,47,56,FULL,1780281106.620109,1780281106.620472,0.3628730773925781,decode,1,0,452712,0.0,0.0,0
forward_start,1780281106.6320422,51,51,51,56,FULL,1780281106.6320422,1780281106.6322443,0.202178955078125,decode,0,0,452715,0.0,0.0,0
forward_start,1780281106.6461477,47,47,47,56,FULL,1780281106.6461477,1780281106.6463761,0.22840499877929688,decode,1,0,452712,0.22840499877929688,1.0,1
forward_start,1780281106.6492674,51,51,51,56,FULL,1780281106.6492674,1780281106.649513,0.24557113647460938,decode,0,0,452715,0.24557113647460938,1.0,1
forward_start,1780281106.6493058,47,47,47,56,FULL,1780281106.6493058,1780281106.649625,0.3192424774169922,decode,1,0,452712,0.3192424774169922,1.0,1
forward_start,1780281106.6612294,47,47,47,56,FULL,1780281106.6612294,1780281106.6615608,0.3314018249511719,decode,1,0,452712,0.3314018249511719,1.0,1
forward_start,1780281106.6612415,50,50,50,56,FULL,1780281106.6612415,1780281106.6614816,0.24008750915527344,decode,0,0,452715,0.24008750915527344,1.0,1
forward_start,1780281106.6735687,50,50,50,56,FULL,1780281106.6735687,1780281106.673778,0.20933151245117188,decode,0,0,452715,0.0,0.0,0
forward_start,1780281106.6736093,47,47,47,56,FULL,1780281106.6736093,1780281106.6739366,0.3273487091064453,decode,1,0,452712,0.0,0.0,0
forward_start,1780281106.6860633,50,50,50,56,FULL,1780281106.6860633,1780281106.686277,0.213623046875,decode,0,0,452715,0.0,0.0,0
forward_start,1780281106.6861174,48,48,48,56,FULL,1780281106.6861174,1780281106.6864648,0.34737586975097656,decode,1,0,452712,0.0,0.0,0
forward_start,1780281106.7039597,48,48,48,56,FULL,1780281106.7039597,1780281106.7043278,0.3681182861328125,decode,1,0,452712,0.736236572265625,2.0,2
forward_start,1780281106.71406,50,50,50,56,FULL,1780281106.71406,1780281106.7142699,0.209808349609375,decode,0,0,452715,0.41961669921875,2.0,2
forward_start,1780281106.717012,50,50,50,56,FULL,1780281106.717012,1780281106.7172444,0.23245811462402344,decode,0,0,452715,0.4649162292480469,2.0,2
forward_start,1780281106.717039,48,48,48,56,FULL,1780281106.717039,1780281106.7173927,0.3535747528076172,decode,1,0,452712,0.7071495056152344,2.0,2
forward_start,1780281106.7287064,48,48,48,56,FULL,1780281106.7287064,1780281106.729015,0.30875205993652344,decode,1,0,452712,0.2675056457519531,0.8664092664092664,1
forward_start,1780281106.7287374,50,50,50,56,FULL,1780281106.7287374,1780281106.7289383,0.2009868621826172,decode,0,0,452715,0.2009868621826172,1.0,1
forward_start,1780281106.7420816,49,49,49,56,FULL,1780281106.7420816,1780281106.7424288,0.347137451171875,decode,1,0,452712,0.0,0.0,0
forward_start,1780281106.742085,49,49,49,56,FULL,1780281106.742085,1780281106.7422855,0.20051002502441406,decode,0,0,452715,0.0,0.0,0
forward_start,1780281106.753466,50,50,50,56,FULL,1780281106.753466,1780281106.7536576,0.19168853759765625,decode,0,0,452715,0.0,0.0,0
forward_start,1780281106.7535686,49,49,49,56,FULL,1780281106.7535686,1780281106.7538986,0.3299713134765625,decode,1,0,452712,0.0,0.0,0
forward_start,1780281106.7657254,50,50,50,56,FULL,1780281106.7657254,1780281106.765926,0.20051002502441406,decode,0,0,452715,0.0,0.0,0
forward_start,1780281106.7657635,49,49,49,56,FULL,1780281106.7657635,1780281106.766088,0.32448768615722656,decode,1,0,452712,0.0,0.0,0
forward_start,1780281106.7779667,50,50,50,56,FULL,1780281106.7779667,1780281106.778169,0.202178955078125,decode,0,0,452715,0.0,0.0,0
forward_start,1780281106.7779934,49,49,49,56,FULL,1780281106.7779934,1780281106.7783241,0.3306865692138672,decode,1,0,452712,0.0,0.0,0
forward_start,1780281106.790238,50,50,50,56,FULL,1780281106.790238,1780281106.7904832,0.2453327178955078,decode,0,0,452715,0.0,0.0,0
forward_start,1780281106.7902846,49,49,49,56,FULL,1780281106.7902846,1780281106.7906325,0.3478527069091797,decode,1,0,452712,0.0,0.0,0
forward_start,1780281106.8029287,50,50,50,56,FULL,1780281106.8029287,1780281106.8031309,0.202178955078125,decode,0,0,452715,0.0,0.0,0
forward_start,1780281106.802957,49,49,49,56,FULL,1780281106.802957,1780281106.8032877,0.3306865692138672,decode,1,0,452712,0.0,0.0,0
forward_start,1780281106.8150723,50,50,50,56,FULL,1780281106.8150723,1780281106.8152628,0.19049644470214844,decode,0,0,452715,0.0,0.0,0
forward_start,1780281106.8224642,49,49,49,56,FULL,1780281106.8224642,1780281106.8227985,0.3342628479003906,decode,1,0,452712,0.3342628479003906,1.0,1
forward_start,1780281106.8276114,50,50,50,56,FULL,1780281106.8276114,1780281106.8278055,0.19407272338867188,decode,0,0,452715,0.19407272338867188,1.0,1
forward_start,1780281106.8276987,49,49,49,56,FULL,1780281106.8276987,1780281106.8280225,0.3237724304199219,decode,1,0,452712,0.3237724304199219,1.0,1
forward_start,1780281106.840088,50,50,50,56,FULL,1780281106.840088,1780281106.8402889,0.2009868621826172,decode,0,0,452715,0.2009868621826172,1.0,1
forward_start,1780281106.8401394,48,48,48,56,FULL,1780281106.8401394,1780281106.840488,0.3485679626464844,decode,1,0,452712,0.3485679626464844,1.0,1
forward_start,1780281106.8524485,50,50,50,56,FULL,1780281106.8524485,1780281106.8526585,0.21004676818847656,decode,0,0,452715,0.0,0.0,0
forward_start,1780281106.8525012,48,48,48,56,FULL,1780281106.8525012,1780281106.8528323,0.3311634063720703,decode,1,0,452712,0.0,0.0,0
forward_start,1780281106.8649735,50,50,50,56,FULL,1780281106.8649735,1780281106.8651776,0.2040863037109375,decode,0,0,452715,0.0,0.0,0
forward_start,1780281106.8649812,49,49,49,56,FULL,1780281106.8649812,1780281106.865307,0.32591819763183594,decode,1,0,452712,0.0,0.0,0
forward_start,1780281106.8771002,50,50,50,56,FULL,1780281106.8771002,1780281106.877299,0.19884109497070312,decode,0,0,452715,0.0,0.0,0
forward_start,1780281106.8771558,49,49,49,56,FULL,1780281106.8771558,1780281106.8775027,0.34689903259277344,decode,1,0,452712,0.0,0.0,0
forward_start,1780281106.8956895,50,50,50,56,FULL,1780281106.8956895,1780281106.8959193,0.22983551025390625,decode,0,0,452715,0.4596710205078125,2.0,2
forward_start,1780281106.8975217,48,48,48,56,FULL,1780281106.8975217,1780281106.8978443,0.32258033752441406,decode,1,0,452712,0.6451606750488281,2.0,2
forward_start,1780281106.9019864,50,50,50,56,FULL,1780281106.9019864,1780281106.9021854,0.1990795135498047,decode,0,0,452715,0.3981590270996094,2.0,2
forward_start,1780281106.9020462,48,48,48,56,FULL,1780281106.9020462,1780281106.9023755,0.3292560577392578,decode,1,0,452712,0.49877166748046875,1.5148443157132512,2
forward_start,1780281106.9140072,50,50,50,56,FULL,1780281106.9140072,1780281106.9142191,0.21195411682128906,decode,0,0,452715,0.21195411682128906,1.0,1
forward_start,1780281106.9140697,48,48,48,56,FULL,1780281106.9140697,1780281106.9144256,0.3559589385986328,decode,1,0,452712,0.3559589385986328,1.0,1
forward_start,1780281106.9265032,51,51,51,56,FULL,1780281106.9265032,1780281106.9267073,0.2040863037109375,decode,0,0,452715,0.0,0.0,0
forward_start,1780281106.9265635,48,48,48,56,FULL,1780281106.9265635,1780281106.9268956,0.33211708068847656,decode,1,0,452712,0.0,0.0,0
forward_start,1780281106.9389715,51,51,51,56,FULL,1780281106.9389715,1780281106.9391794,0.2079010009765625,decode,0,0,452715,0.0,0.0,0
forward_start,1780281106.9390206,49,49,49,56,FULL,1780281106.9390206,1780281106.9393666,0.3459453582763672,decode,1,0,452712,0.0,0.0,0
forward_start,1780281106.9517858,51,51,51,56,FULL,1780281106.9517858,1780281106.951982,0.19621849060058594,decode,0,0,452715,0.0,0.0,0
forward_start,1780281106.9518201,49,49,49,56,FULL,1780281106.9518201,1780281106.9521413,0.3211498260498047,decode,1,0,452712,0.0,0.0,0
forward_start,1780281106.965683,49,49,49,56,FULL,1780281106.965683,1780281106.9660523,0.3693103790283203,decode,1,0,452712,0.7386207580566406,2.0,2
forward_start,1780281106.9758508,51,51,51,56,FULL,1780281106.9758508,1780281106.976158,0.3070831298828125,decode,0,0,452715,0.614166259765625,2.0,2
forward_start,1780281106.9814422,49,49,49,56,FULL,1780281106.9814422,1780281106.9818027,0.3604888916015625,decode,1,0,452712,1.44195556640625,4.0,4
forward_start,1780281106.9828963,51,51,51,56,FULL,1780281106.9828963,1780281106.983121,0.22459030151367188,decode,0,0,452715,0.6737709045410156,3.0,3
forward_start,1780281106.9906285,50,50,50,56,FULL,1780281106.9906285,1780281106.9908314,0.2028942108154297,decode,0,0,452715,0.4057884216308594,2.0,2
forward_start,1780281106.9906585,49,49,49,56,FULL,1780281106.9906585,1780281106.9909794,0.3209114074707031,decode,1,0,452712,0.5230903625488281,1.6300148588410104,2
forward_start,1780281107.0035956,51,51,51,56,FULL,1780281107.0035956,1780281107.0037947,0.1990795135498047,decode,0,0,452715,0.0,0.0,0
forward_start,1780281107.003604,50,50,50,56,FULL,1780281107.003604,1780281107.0039318,0.32782554626464844,decode,1,0,452712,0.0,0.0,0
forward_start,1780281107.015597,52,52,52,56,FULL,1780281107.015597,1780281107.0158,0.2028942108154297,decode,0,0,452715,0.0,0.0,0
forward_start,1780281107.0156133,51,51,51,56,FULL,1780281107.0156133,1780281107.0159373,0.32401084899902344,decode,1,0,452712,0.0,0.0,0
forward_start,1780281107.0279484,52,52,52,56,FULL,1780281107.0279484,1780281107.0281522,0.20384788513183594,decode,0,0,452715,0.0,0.0,0
forward_start,1780281107.0279663,51,51,51,56,FULL,1780281107.0279663,1780281107.0282896,0.32329559326171875,decode,1,0,452712,0.0,0.0,0
forward_start,1780281107.0401382,52,52,52,56,FULL,1780281107.0401382,1780281107.0403605,0.22220611572265625,decode,0,0,452715,0.0,0.0,0
forward_start,1780281107.0401983,51,51,51,56,FULL,1780281107.0401983,1780281107.040554,0.35572052001953125,decode,1,0,452712,0.0,0.0,0
forward_start,1780281107.0525646,52,52,52,56,FULL,1780281107.0525646,1780281107.0527565,0.1919269561767578,decode,0,0,452715,0.0,0.0,0
forward_start,1780281107.052656,51,51,51,56,FULL,1780281107.052656,1780281107.0529895,0.33354759216308594,decode,1,0,452712,0.0,0.0,0
forward_start,1780281107.0648715,52,52,52,56,FULL,1780281107.0648715,1780281107.0650916,0.2200603485107422,decode,0,0,452715,0.0,0.0,0
forward_start,1780281107.064901,51,51,51,56,FULL,1780281107.064901,1780281107.0652244,0.32329559326171875,decode,1,0,452712,0.0,0.0,0
forward_start,1780281107.077532,52,52,52,56,FULL,1780281107.077532,1780281107.077733,0.2009868621826172,decode,0,0,452715,0.06628036499023438,0.32977461447212336,1
forward_start,1780281107.0795736,51,51,51,56,FULL,1780281107.0795736,1780281107.0799282,0.35452842712402344,decode,1,0,452712,0.35452842712402344,1.0,1
forward_start,1780281107.089717,50,50,50,56,FULL,1780281107.089717,1780281107.0900435,0.3266334533691406,decode,1,0,452712,0.3266334533691406,1.0,1
forward_start,1780281107.0899808,52,52,52,56,FULL,1780281107.0899808,1780281107.0901787,0.19788742065429688,decode,0,0,452715,0.09703636169433594,0.4903614457831325,1
forward_start,1780281107.1021872,52,52,52,56,FULL,1780281107.1021872,1780281107.1024141,0.2269744873046875,decode,0,0,452715,0.0,0.0,0
forward_start,1780281107.102252,50,50,50,56,FULL,1780281107.102252,1780281107.1025965,0.3445148468017578,decode,1,0,452712,0.0,0.0,0
forward_start,1780281107.114499,52,52,52,56,FULL,1780281107.114499,1780281107.1147046,0.20551681518554688,decode,0,0,452715,0.0,0.0,0
forward_start,1780281107.1145167,51,51,51,56,FULL,1780281107.1145167,1780281107.1148393,0.32258033752441406,decode,1,0,452712,0.0,0.0,0
forward_start,1780281107.126925,52,52,52,56,FULL,1780281107.126925,1780281107.1271205,0.19550323486328125,decode,0,0,452715,0.0,0.0,0
forward_start,1780281107.126966,51,51,51,56,FULL,1780281107.126966,1780281107.1272926,0.3266334533691406,decode,1,0,452712,0.0,0.0,0
forward_start,1780281107.1399882,52,52,52,56,FULL,1780281107.1399882,1780281107.1401877,0.1995563507080078,decode,0,0,452715,0.0,0.0,0
forward_start,1780281107.140023,51,51,51,56,FULL,1780281107.140023,1780281107.1403756,0.35262107849121094,decode,1,0,452712,0.0,0.0,0
forward_start,1780281107.1519613,52,52,52,56,FULL,1780281107.1519613,1780281107.1521611,0.19979476928710938,decode,0,0,452715,0.0,0.0,0
forward_start,1780281107.1694143,51,51,51,56,FULL,1780281107.1694143,1780281107.1696303,0.21600723266601562,decode,1,0,452712,0.21600723266601562,1.0,1
forward_start,1780281107.1727235,51,51,51,56,FULL,1780281107.1727235,1780281107.1730347,0.31113624572753906,decode,1,0,452712,0.31113624572753906,1.0,1
forward_start,1780281107.1728127,52,52,52,56,FULL,1780281107.1728127,1780281107.1730034,0.19073486328125,decode,0,0,452715,0.19073486328125,1.0,1
forward_start,1780281107.1841989,51,51,51,56,FULL,1780281107.1841989,1780281107.1845298,0.33092498779296875,decode,1,0,452712,0.33092498779296875,1.0,1
forward_start,1780281107.1842098,52,52,52,56,FULL,1780281107.1842098,1780281107.1844468,0.23698806762695312,decode,0,0,452715,0.23698806762695312,1.0,1
forward_start,1780281107.197007,52,52,52,56,FULL,1780281107.197007,1780281107.1972113,0.20432472229003906,decode,0,0,452715,0.0,0.0,0
forward_start,1780281107.1970534,51,51,51,56,FULL,1780281107.1970534,1780281107.197404,0.3504753112792969,decode,1,0,452712,0.0,0.0,0
forward_start,1780281107.2091393,51,51,51,56,FULL,1780281107.2091393,1780281107.2093577,0.21839141845703125,decode,0,0,452715,0.0,0.0,0
forward_start,1780281107.2092028,52,52,52,56,FULL,1780281107.2092028,1780281107.2095566,0.35381317138671875,decode,1,0,452712,0.0,0.0,0
forward_start,1780281107.2213666,51,51,51,56,FULL,1780281107.2213666,1780281107.2215908,0.22411346435546875,decode,0,0,452715,0.0,0.0,0
forward_start,1780281107.221454,52,52,52,56,FULL,1780281107.221454,1780281107.2217827,0.3287792205810547,decode,1,0,452712,0.0,0.0,0
forward_start,1780281107.2389328,52,52,52,56,FULL,1780281107.2389328,1780281107.2392929,0.3600120544433594,decode,1,0,452712,0.7200241088867188,2.0,2
forward_start,1780281107.2471776,50,50,50,56,FULL,1780281107.2471776,1780281107.247496,0.31828880310058594,decode,0,0,452715,0.6365776062011719,2.0,2
forward_start,1780281107.2548652,52,52,52,56,FULL,1780281107.2548652,1780281107.2552505,0.385284423828125,decode,1,0,452712,1.5411376953125,4.0,4
forward_start,1780281107.2604895,50,50,50,56,FULL,1780281107.2604895,1780281107.2606788,0.18930435180664062,decode,0,0,452715,0.5679130554199219,3.0,3
forward_start,1780281107.2635677,52,52,52,56,FULL,1780281107.2635677,1780281107.2638826,0.31495094299316406,decode,1,0,452712,0.6299018859863281,2.0,2
forward_start,1780281107.2636707,50,50,50,56,FULL,1780281107.2636707,1780281107.2638912,0.2205371856689453,decode,0,0,452715,0.4410743713378906,2.0,2
forward_start,1780281107.27551,50,50,50,56,FULL,1780281107.27551,1780281107.275714,0.20384788513183594,decode,0,0,452715,0.20384788513183594,1.0,1
forward_start,1780281107.2755551,53,53,53,56,FULL,1780281107.2755551,1780281107.2758849,0.32973289489746094,decode,1,0,452712,0.19073486328125,0.5784526391901663,1
forward_start,1780281107.2877517,50,50,50,56,FULL,1780281107.2877517,1780281107.287941,0.18930435180664062,decode,0,0,452715,0.0,0.0,0
forward_start,1780281107.2878294,54,54,54,56,FULL,1780281107.2878294,1780281107.28816,0.3306865692138672,decode,1,0,452712,0.0,0.0,0
forward_start,1780281107.3000822,51,51,51,56,FULL,1780281107.3000822,1780281107.300282,0.19979476928710938,decode,0,0,452715,0.0,0.0,0
forward_start,1780281107.3001251,54,54,54,56,FULL,1780281107.3001251,1780281107.300473,0.3478527069091797,decode,1,0,452712,0.0,0.0,0
forward_start,1780281107.3124518,51,51,51,56,FULL,1780281107.3124518,1780281107.312656,0.2040863037109375,decode,0,0,452715,0.0,0.0,0
forward_start,1780281107.3124723,54,54,54,56,FULL,1780281107.3124723,1780281107.3127968,0.32448768615722656,decode,1,0,452712,0.0,0.0,0
forward_start,1780281107.3249106,54,54,54,56,FULL,1780281107.3249106,1780281107.3252523,0.34165382385253906,decode,1,0,452712,0.17762184143066406,0.5198883461270063,1
forward_start,1780281107.3346834,51,51,51,56,FULL,1780281107.3346834,1780281107.334949,0.2655982971191406,decode,0,0,452715,0.2655982971191406,1.0,1
forward_start,1780281107.3479729,51,51,51,56,FULL,1780281107.3479729,1780281107.3481688,0.19598007202148438,decode,0,0,452715,0.9799003601074219,5.0,5
forward_start,1780281107.3595028,54,54,54,56,FULL,1780281107.3595028,1780281107.3597157,0.2129077911376953,decode,1,0,452712,0.6387233734130859,3.0,3
forward_start,1780281107.3633597,51,51,51,56,FULL,1780281107.3633597,1780281107.3635798,0.2200603485107422,decode,0,0,452715,0.4401206970214844,2.0,2
forward_start,1780281107.363593,54,54,54,56,FULL,1780281107.363593,1780281107.363948,0.35500526428222656,decode,1,0,452712,0.37169456481933594,1.0470114170584284,2
forward_start,1780281107.3742528,53,53,53,56,FULL,1780281107.3742528,1780281107.3744876,0.23484230041503906,decode,0,0,452715,0.23484230041503906,1.0,1
forward_start,1780281107.3743067,55,55,55,56,FULL,1780281107.3743067,1780281107.3746164,0.3097057342529297,decode,1,0,452712,0.3097057342529297,1.0,1
forward_start,1780281107.3867185,54,54,54,56,FULL,1780281107.3867185,1780281107.3869224,0.20384788513183594,decode,0,0,452715,0.0,0.0,0
forward_start,1780281107.3867204,55,55,55,56,FULL,1780281107.3867204,1780281107.387051,0.3306865692138672,decode,1,0,452712,0.0,0.0,0
forward_start,1780281107.3991215,54,54,54,56,FULL,1780281107.3991215,1780281107.3993194,0.19788742065429688,decode,0,0,452715,0.0,0.0,0
forward_start,1780281107.3991554,56,56,56,56,FULL,1780281107.3991554,1780281107.3995073,0.35190582275390625,decode,1,0,452712,0.0,0.0,0
forward_start,1780281107.411179,54,54,54,56,FULL,1780281107.411179,1780281107.4114335,0.2543926239013672,decode,0,0,452715,0.0,0.0,0
forward_start,1780281107.4267564,56,56,56,56,FULL,1780281107.4267564,1780281107.4269726,0.2162456512451172,decode,1,0,452712,0.2162456512451172,1.0,1
forward_start,1780281107.430038,56,56,56,56,FULL,1780281107.430038,1780281107.4303756,0.3376007080078125,decode,1,0,452712,0.5655288696289062,1.6751412429378532,2
forward_start,1780281107.4320734,54,54,54,56,FULL,1780281107.4320734,1780281107.432302,0.22864341735839844,decode,0,0,452715,0.4572868347167969,2.0,2
forward_start,1780281107.4434712,54,54,54,56,FULL,1780281107.4434712,1780281107.4437075,0.23627281188964844,decode,0,0,452715,0.9450912475585938,4.0,4
forward_start,1780281107.4475017,56,56,56,56,FULL,1780281107.4475017,1780281107.4478683,0.3666877746582031,decode,1,0,452712,1.1000633239746094,3.0,3
forward_start,1780281107.4541757,54,54,54,56,FULL,1780281107.4541757,1780281107.4544032,0.22745132446289062,decode,0,0,452715,0.45490264892578125,2.0,2
forward_start,1780281107.4542072,56,56,56,56,FULL,1780281107.4542072,1780281107.4545517,0.3445148468017578,decode,1,0,452712,0.5719661712646484,1.6602076124567473,2
forward_start,1780281107.4666276,54,54,54,64,FULL,1780281107.4666276,1780281107.4670062,0.37860870361328125,decode,0,0,452715,0.0,0.0,0
forward_start,1780281107.466659,57,57,57,64,FULL,1780281107.466659,1780281107.467055,0.3960132598876953,decode,1,0,452712,0.0,0.0,0
forward_start,1780281107.4787083,58,58,58,64,FULL,1780281107.4787083,1780281107.479079,0.3707408905029297,decode,1,0,452712,0.0,0.0,0
forward_start,1780281107.4787526,55,55,55,64,FULL,1780281107.4787526,1780281107.4790304,0.2777576446533203,decode,0,0,452715,0.0,0.0,0
forward_start,1780281107.4909706,58,58,58,64,FULL,1780281107.4909706,1780281107.4913092,0.33855438232421875,decode,1,0,452712,0.0,0.0,0
forward_start,1780281107.4909966,55,55,55,64,FULL,1780281107.4909966,1780281107.4912322,0.23555755615234375,decode,0,0,452715,0.0,0.0,0
forward_start,1780281107.503789,58,58,58,64,FULL,1780281107.503789,1780281107.5041153,0.32639503479003906,decode,1,0,452712,0.0,0.0,0
forward_start,1780281107.5037982,55,55,55,64,FULL,1780281107.5037982,1780281107.5040298,0.2315044403076172,decode,0,0,452715,0.0,0.0,0
forward_start,1780281107.5160735,58,58,58,64,FULL,1780281107.5160735,1780281107.5164123,0.3387928009033203,decode,1,0,452712,0.0,0.0,0
forward_start,1780281107.5161054,55,55,55,64,FULL,1780281107.5161054,1780281107.5163221,0.2167224884033203,decode,0,0,452715,0.0,0.0,0
forward_start,1780281107.528622,55,55,55,64,FULL,1780281107.528622,1780281107.528848,0.22602081298828125,decode,0,0,452715,0.0,0.0,0
forward_start,1780281107.528696,58,58,58,64,FULL,1780281107.528696,1780281107.5290277,0.33164024353027344,decode,1,0,452712,0.0,0.0,0
forward_start,1780281107.5410757,55,55,55,64,FULL,1780281107.5410757,1780281107.5412652,0.1895427703857422,decode,0,0,452715,0.0,0.0,0
forward_start,1780281107.5411727,58,58,58,64,FULL,1780281107.5411727,1780281107.5415182,0.34546852111816406,decode,1,0,452712,0.0,0.0,0
forward_start,1780281107.5537965,55,55,55,64,FULL,1780281107.5537965,1780281107.5539856,0.18906593322753906,decode,0,0,452715,0.0,0.0,0
forward_start,1780281107.553887,58,58,58,64,FULL,1780281107.553887,1780281107.5542061,0.3192424774169922,decode,1,0,452712,0.0,0.0,0
forward_start,1780281107.5668297,55,55,55,64,FULL,1780281107.5668297,1780281107.5670605,0.2307891845703125,decode,0,0,452715,0.0,0.0,0
forward_start,1780281107.5668695,58,58,58,64,FULL,1780281107.5668695,1780281107.5671966,0.32711029052734375,decode,1,0,452712,0.0,0.0,0
forward_start,1780281107.5790715,55,55,55,64,FULL,1780281107.5790715,1780281107.579273,0.2014636993408203,decode,0,0,452715,0.0,0.0,0
forward_start,1780281107.5791326,57,57,57,64,FULL,1780281107.5791326,1780281107.5794938,0.3612041473388672,decode,1,0,452712,0.0,0.0,0
forward_start,1780281107.5913854,57,57,57,64,FULL,1780281107.5913854,1780281107.5917044,0.3190040588378906,decode,1,0,452712,0.0,0.0,0
forward_start,1780281107.6026316,55,55,55,64,FULL,1780281107.6026316,1780281107.6028638,0.23221969604492188,decode,0,0,452715,0.23221969604492188,1.0,1
forward_start,1780281107.6056786,57,57,57,64,FULL,1780281107.6056786,1780281107.6059935,0.31495094299316406,decode,1,0,452712,0.40078163146972656,1.2725208175624527,2
forward_start,1780281107.6198626,55,55,55,64,FULL,1780281107.6198626,1780281107.6200652,0.20265579223632812,decode,0,0,452715,0.40531158447265625,2.0,2
forward_start,1780281107.6229508,57,57,57,64,FULL,1780281107.6229508,1780281107.6232731,0.3223419189453125,decode,1,0,452712,0.5962848663330078,1.8498520710059172,2
forward_start,1780281107.6229694,55,55,55,64,FULL,1780281107.6229694,1780281107.623188,0.2186298370361328,decode,0,0,452715,0.4372596740722656,2.0,2
forward_start,1780281107.638369,55,55,55,64,FULL,1780281107.638369,1780281107.6386013,0.23221969604492188,decode,0,0,452715,0.6966590881347656,3.0,3
forward_start,1780281107.6395307,57,57,57,64,FULL,1780281107.6395307,1780281107.6398556,0.3249645233154297,decode,1,0,452712,0.6499290466308594,2.0,2
forward_start,1780281107.6476247,56,56,56,64,FULL,1780281107.6476247,1780281107.6478176,0.19288063049316406,decode,0,0,452715,0.3857612609863281,2.0,2
forward_start,1780281107.6476865,57,57,57,64,FULL,1780281107.6476865,1780281107.648016,0.3294944763183594,decode,1,0,452712,0.4897117614746094,1.4862518089725036,2
forward_start,1780281107.6600814,57,57,57,64,FULL,1780281107.6600814,1780281107.6602821,0.20074844360351562,decode,0,0,452715,0.0,0.0,0
forward_start,1780281107.6601307,57,57,57,64,FULL,1780281107.6601307,1780281107.6604695,0.3387928009033203,decode,1,0,452712,0.0,0.0,0
forward_start,1780281107.6729434,58,58,58,64,FULL,1780281107.6729434,1780281107.6731446,0.20122528076171875,decode,0,0,452715,0.0,0.0,0
forward_start,1780281107.6729646,57,57,57,64,FULL,1780281107.6729646,1780281107.6732981,0.33354759216308594,decode,1,0,452712,0.0,0.0,0
forward_start,1780281107.6851048,57,57,57,64,FULL,1780281107.6851048,1780281107.6853032,0.1983642578125,decode,0,0,452715,0.0,0.0,0
forward_start,1780281107.685148,57,57,57,64,FULL,1780281107.685148,1780281107.6854947,0.3466606140136719,decode,1,0,452712,0.0,0.0,0
forward_start,1780281107.697698,57,57,57,64,FULL,1780281107.697698,1780281107.697899,0.2009868621826172,decode,0,0,452715,0.0,0.0,0
forward_start,1780281107.6977394,57,57,57,64,FULL,1780281107.6977394,1780281107.6980708,0.3314018249511719,decode,1,0,452712,0.0,0.0,0
forward_start,1780281107.7102807,57,57,57,64,FULL,1780281107.7102807,1780281107.7105482,0.2675056457519531,decode,0,0,452715,0.0,0.0,0
forward_start,1780281107.7103455,57,57,57,64,FULL,1780281107.7103455,1780281107.710668,0.32258033752441406,decode,1,0,452712,0.0,0.0,0
forward_start,1780281107.7226822,57,57,57,64,FULL,1780281107.7226822,1780281107.722997,0.3147125244140625,decode,1,0,452712,0.0,0.0,0
forward_start,1780281107.7226877,57,57,57,64,FULL,1780281107.7226877,1780281107.722901,0.21338462829589844,decode,0,0,452715,0.0,0.0,0
forward_start,1780281107.7353325,57,57,57,64,FULL,1780281107.7353325,1780281107.735663,0.3304481506347656,decode,1,0,452712,0.21719932556152344,0.6572871572871573,1
forward_start,1780281107.7410014,57,57,57,64,FULL,1780281107.7410014,1780281107.741224,0.22268295288085938,decode,0,0,452715,0.22268295288085938,1.0,1
forward_start,1780281107.747705,57,57,57,64,FULL,1780281107.747705,1780281107.7479095,0.20456314086914062,decode,0,0,452715,0.20456314086914062,1.0,1
forward_start,1780281107.7477095,57,57,57,64,FULL,1780281107.7477095,1780281107.7480319,0.3223419189453125,decode,1,0,452712,0.23126602172851562,0.7174556213017751,1
forward_start,1780281107.7604222,57,57,57,64,FULL,1780281107.7604222,1780281107.7606332,0.2110004425048828,decode,0,0,452715,0.09465217590332031,0.4485875706214689,1
forward_start,1780281107.7624,57,57,57,64,FULL,1780281107.7624,1780281107.7627645,0.36454200744628906,decode,1,0,452712,0.36454200744628906,1.0,1
forward_start,1780281107.773055,57,57,57,64,FULL,1780281107.773055,1780281107.7732654,0.21028518676757812,decode,0,0,452715,0.21028518676757812,1.0,1
forward_start,1780281107.7730668,57,57,57,64,FULL,1780281107.7730668,1780281107.7734268,0.3600120544433594,decode,1,0,452712,0.3600120544433594,1.0,1
forward_start,1780281107.785493,57,57,57,64,FULL,1780281107.785493,1780281107.7858183,0.3254413604736328,decode,1,0,452712,0.29468536376953125,0.9054945054945055,1
forward_start,1780281107.7874954,57,57,57,64,FULL,1780281107.7874954,1780281107.7877274,0.2319812774658203,decode,0,0,452715,0.2319812774658203,1.0,1
forward_start,1780281107.7981682,58,58,58,64,FULL,1780281107.7981682,1780281107.798511,0.3428459167480469,decode,1,0,452712,0.27441978454589844,0.8004172461752433,1
forward_start,1780281107.7981691,57,57,57,64,FULL,1780281107.7981691,1780281107.7984042,0.23508071899414062,decode,0,0,452715,0.23508071899414062,1.0,1
forward_start,1780281107.8105226,57,57,57,64,FULL,1780281107.8105226,1780281107.8107522,0.2295970916748047,decode,0,0,452715,0.0,0.0,0
forward_start,1780281107.810564,57,57,57,64,FULL,1780281107.810564,1780281107.8108974,0.3333091735839844,decode,1,0,452712,0.0,0.0,0
forward_start,1780281107.823011,57,57,57,64,FULL,1780281107.823011,1780281107.8233552,0.34427642822265625,decode,1,0,452712,0.2765655517578125,0.8033240997229917,1
forward_start,1780281107.8236444,58,58,58,64,FULL,1780281107.8236444,1780281107.8238645,0.2200603485107422,decode,0,0,452715,0.2200603485107422,1.0,1
forward_start,1780281107.8355045,58,58,58,64,FULL,1780281107.8355045,1780281107.8357131,0.2086162567138672,decode,0,0,452715,0.2980232238769531,1.4285714285714286,2
forward_start,1780281107.8374522,57,57,57,64,FULL,1780281107.8374522,1780281107.8378246,0.3724098205566406,decode,1,0,452712,0.3724098205566406,1.0,1
forward_start,1780281107.8480206,58,58,58,64,FULL,1780281107.8480206,1780281107.8482227,0.202178955078125,decode,0,0,452715,0.202178955078125,1.0,1
forward_start,1780281107.848038,57,57,57,64,FULL,1780281107.848038,1780281107.8483872,0.34928321838378906,decode,1,0,452712,0.34928321838378906,1.0,1
forward_start,1780281107.8606834,59,59,59,64,FULL,1780281107.8606834,1780281107.8608816,0.19812583923339844,decode,0,0,452715,0.0,0.0,0
forward_start,1780281107.8607376,57,57,57,64,FULL,1780281107.8607376,1780281107.8610682,0.3306865692138672,decode,1,0,452712,0.0,0.0,0
forward_start,1780281107.8788066,58,58,58,64,FULL,1780281107.8788066,1780281107.8791792,0.3726482391357422,decode,1,0,452712,1.1179447174072266,3.0,3
forward_start,1780281107.8840265,59,59,59,64,FULL,1780281107.8840265,1780281107.8843582,0.33164024353027344,decode,0,0,452715,0.9949207305908203,3.0,3
forward_start,1780281107.8874652,58,58,58,64,FULL,1780281107.8874652,1780281107.887673,0.20766258239746094,decode,0,0,452715,0.4153251647949219,2.0,2
forward_start,1780281107.8878014,57,57,57,64,FULL,1780281107.8878014,1780281107.8881383,0.3368854522705078,decode,1,0,452712,0.3368854522705078,1.0,1
forward_start,1780281107.8994625,57,57,57,64,FULL,1780281107.8994625,1780281107.8997922,0.32973289489746094,decode,1,0,452712,0.0,0.0,0
forward_start,1780281107.8995552,59,59,59,64,FULL,1780281107.8995552,1780281107.899758,0.2028942108154297,decode,0,0,452715,0.0,0.0,0
forward_start,1780281107.9117742,59,59,59,64,FULL,1780281107.9117742,1780281107.911976,0.20194053649902344,decode,0,0,452715,0.0,0.0,0
forward_start,1780281107.9117987,58,58,58,64,FULL,1780281107.9117987,1780281107.9121215,0.3228187561035156,decode,1,0,452712,0.0,0.0,0
forward_start,1780281107.924649,58,58,58,64,FULL,1780281107.924649,1780281107.9249792,0.33020973205566406,decode,1,0,452712,0.0,0.0,0
forward_start,1780281107.9247181,59,59,59,64,FULL,1780281107.9247181,1780281107.924932,0.21386146545410156,decode,0,0,452715,0.0,0.0,0
forward_start,1780281107.9371264,59,59,59,64,FULL,1780281107.9371264,1780281107.937378,0.25153160095214844,decode,0,0,452715,0.0,0.0,0
forward_start,1780281107.937164,58,58,58,64,FULL,1780281107.937164,1780281107.9375093,0.3452301025390625,decode,1,0,452712,0.0,0.0,0
forward_start,1780281107.9490573,59,59,59,64,FULL,1780281107.9490573,1780281107.9492884,0.23102760314941406,decode,0,0,452715,0.0,0.0,0
forward_start,1780281107.9490936,58,58,58,64,FULL,1780281107.9490936,1780281107.9494445,0.3509521484375,decode,1,0,452712,0.0,0.0,0
forward_start,1780281107.9617517,58,58,58,64,FULL,1780281107.9617517,1780281107.9620876,0.33593177795410156,decode,1,0,452712,0.0,0.0,0
forward_start,1780281107.9779081,59,59,59,64,FULL,1780281107.9779081,1780281107.9782135,0.30541419982910156,decode,0,0,452715,0.30541419982910156,1.0,1
forward_start,1780281107.981027,59,59,59,64,FULL,1780281107.981027,1780281107.9813054,0.278472900390625,decode,0,0,452715,0.48613548278808594,1.7457191780821917,2
forward_start,1780281107.98311,58,58,58,64,FULL,1780281107.98311,1780281107.9834852,0.3752708435058594,decode,1,0,452712,0.7505416870117188,2.0,2
forward_start,1780281107.9929745,58,58,58,64,FULL,1780281107.9929745,1780281107.9932978,0.32329559326171875,decode,1,0,452712,0.8347034454345703,2.581858407079646,3
forward_start,1780281107.99644,59,59,59,64,FULL,1780281107.99644,1780281107.9966657,0.2257823944091797,decode,0,0,452715,0.2257823944091797,1.0,1
forward_start,1780281108.00549,59,59,59,64,FULL,1780281108.00549,1780281108.0056934,0.2033710479736328,decode,0,0,452715,0.0,0.0,0
forward_start,1780281108.005534,58,58,58,64,FULL,1780281108.005534,1780281108.0058622,0.32830238342285156,decode,1,0,452712,0.0,0.0,0
forward_start,1780281108.0184453,61,61,61,64,FULL,1780281108.0184453,1780281108.0186462,0.2009868621826172,decode,0,0,452715,0.0,0.0,0
forward_start,1780281108.0184963,59,59,59,64,FULL,1780281108.0184963,1780281108.018828,0.33164024353027344,decode,1,0,452712,0.0,0.0,0
forward_start,1780281108.0306606,61,61,61,64,FULL,1780281108.0306606,1780281108.0308619,0.20122528076171875,decode,0,0,452715,0.0,0.0,0
forward_start,1780281108.030691,59,59,59,64,FULL,1780281108.030691,1780281108.0310247,0.3337860107421875,decode,1,0,452712,0.0,0.0,0
forward_start,1780281108.0432932,61,61,61,64,FULL,1780281108.0432932,1780281108.0435207,0.22745132446289062,decode,0,0,452715,0.0,0.0,0
forward_start,1780281108.0434098,59,59,59,64,FULL,1780281108.0434098,1780281108.043743,0.3330707550048828,decode,1,0,452712,0.0,0.0,0
forward_start,1780281108.0558746,61,61,61,64,FULL,1780281108.0558746,1780281108.0560882,0.213623046875,decode,0,0,452715,0.0,0.0,0
forward_start,1780281108.0559819,59,59,59,64,FULL,1780281108.0559819,1780281108.0563116,0.32973289489746094,decode,1,0,452712,0.0,0.0,0
forward_start,1780281108.0686643,60,60,60,64,FULL,1780281108.0686643,1780281108.0688663,0.20194053649902344,decode,0,0,452715,0.0,0.0,0
forward_start,1780281108.0686853,58,58,58,64,FULL,1780281108.0686853,1780281108.0690084,0.3230571746826172,decode,1,0,452712,0.0,0.0,0
forward_start,1780281108.0811138,60,60,60,64,FULL,1780281108.0811138,1780281108.081313,0.1990795135498047,decode,0,0,452715,0.0,0.0,0
forward_start,1780281108.081142,58,58,58,64,FULL,1780281108.081142,1780281108.08149,0.34809112548828125,decode,1,0,452712,0.0,0.0,0
forward_start,1780281108.0938704,60,60,60,64,FULL,1780281108.0938704,1780281108.0940652,0.19478797912597656,decode,0,0,452715,0.0,0.0,0
forward_start,1780281108.0938866,58,58,58,64,FULL,1780281108.0938866,1780281108.094212,0.3254413604736328,decode,1,0,452712,0.0,0.0,0
forward_start,1780281108.106261,60,60,60,64,FULL,1780281108.106261,1780281108.1065168,0.25582313537597656,decode,0,0,452715,0.0,0.0,0
forward_start,1780281108.1231308,58,58,58,64,FULL,1780281108.1231308,1780281108.12336,0.22912025451660156,decode,1,0,452712,0.22912025451660156,1.0,1
forward_start,1780281108.1278822,58,58,58,64,FULL,1780281108.1278822,1780281108.128194,0.31185150146484375,decode,1,0,452712,0.9355545043945312,3.0,3
forward_start,1780281108.1344266,60,60,60,64,FULL,1780281108.1344266,1780281108.1347017,0.2751350402832031,decode,0,0,452715,0.8254051208496094,3.0,3
forward_start,1780281108.1384132,60,60,60,64,FULL,1780281108.1384132,1780281108.1386867,0.2734661102294922,decode,0,0,452715,0.8203983306884766,3.0,3
forward_start,1780281108.1385052,58,58,58,64,FULL,1780281108.1385052,1780281108.1388886,0.3833770751953125,decode,1,0,452712,1.1501312255859375,3.0,3
forward_start,1780281108.150816,60,60,60,64,FULL,1780281108.150816,1780281108.1510146,0.19860267639160156,decode,0,0,452715,0.19860267639160156,1.0,1
forward_start,1780281108.1508358,57,57,57,64,FULL,1780281108.1508358,1780281108.151183,0.347137451171875,decode,1,0,452712,0.2129077911376953,0.6133241758241759,1
forward_start,1780281108.1636763,59,59,59,64,FULL,1780281108.1636763,1780281108.1640005,0.324249267578125,decode,1,0,452712,0.2429485321044922,0.7492647058823529,1
forward_start,1780281108.1666825,60,60,60,64,FULL,1780281108.1666825,1780281108.166915,0.23245811462402344,decode,0,0,452715,0.23245811462402344,1.0,1
forward_start,1780281108.1760454,61,61,61,64,FULL,1780281108.1760454,1780281108.176252,0.20647048950195312,decode,0,0,452715,0.20647048950195312,1.0,1
forward_start,1780281108.1761005,59,59,59,64,FULL,1780281108.1761005,1780281108.1764495,0.3490447998046875,decode,1,0,452712,0.18405914306640625,0.5273224043715847,1
forward_start,1780281108.1885715,61,61,61,64,FULL,1780281108.1885715,1780281108.1887777,0.20623207092285156,decode,0,0,452715,0.0,0.0,0
forward_start,1780281108.1931386,59,59,59,64,FULL,1780281108.1931386,1780281108.193488,0.34928321838378906,decode,1,0,452712,0.34928321838378906,1.0,1
forward_start,1780281108.2013872,62,62,62,64,FULL,1780281108.2013872,1780281108.2016046,0.217437744140625,decode,0,0,452715,0.23245811462402344,1.069078947368421,2
forward_start,1780281108.2080238,59,59,59,64,FULL,1780281108.2080238,1780281108.2084022,0.3783702850341797,decode,1,0,452712,0.7567405700683594,2.0,2
forward_start,1780281108.2136614,62,62,62,64,FULL,1780281108.2136614,1780281108.2138762,0.2148151397705078,decode,0,0,452715,0.2684593200683594,1.2497225305216426,2
forward_start,1780281108.2190523,59,59,59,64,FULL,1780281108.2190523,1780281108.2193947,0.34236907958984375,decode,1,0,452712,0.6847381591796875,2.0,2
forward_start,1780281108.2264216,60,60,60,64,FULL,1780281108.2264216,1780281108.2267385,0.31685829162597656,decode,1,0,452712,0.31685829162597656,1.0,1
forward_start,1780281108.2264974,62,62,62,64,FULL,1780281108.2264974,1780281108.2267125,0.21505355834960938,decode,0,0,452715,0.21505355834960938,1.0,1
forward_start,1780281108.238901,62,62,62,64,FULL,1780281108.238901,1780281108.2391033,0.20241737365722656,decode,0,0,452715,0.0,0.0,0
forward_start,1780281108.2389307,60,60,60,64,FULL,1780281108.2389307,1780281108.239258,0.3273487091064453,decode,1,0,452712,0.0,0.0,0
forward_start,1780281108.2517357,62,62,62,64,FULL,1780281108.2517357,1780281108.2519324,0.19669532775878906,decode,0,0,452715,0.07176399230957031,0.36484848484848487,1
forward_start,1780281108.2537503,61,61,61,64,FULL,1780281108.2537503,1780281108.2541156,0.36525726318359375,decode,1,0,452712,0.36525726318359375,1.0,1
forward_start,1780281108.2642303,62,62,62,64,FULL,1780281108.2642303,1780281108.2644706,0.240325927734375,decode,0,0,452715,0.240325927734375,1.0,1
forward_start,1780281108.2642584,61,61,61,64,FULL,1780281108.2642584,1780281108.2646022,0.3437995910644531,decode,1,0,452712,0.3437995910644531,1.0,1
forward_start,1780281108.277213,62,62,62,64,FULL,1780281108.277213,1780281108.2774484,0.2353191375732422,decode,0,0,452715,0.0,0.0,0
forward_start,1780281108.277255,61,61,61,64,FULL,1780281108.277255,1780281108.2776005,0.34546852111816406,decode,1,0,452712,0.0,0.0,0
forward_start,1780281108.2890632,60,60,60,64,FULL,1780281108.2890632,1780281108.2892628,0.1995563507080078,decode,0,0,452715,0.0,0.0,0
forward_start,1780281108.2891543,62,62,62,64,FULL,1780281108.2891543,1780281108.2895007,0.3464221954345703,decode,1,0,452712,0.0,0.0,0
forward_start,1780281108.3017483,62,62,62,64,FULL,1780281108.3017483,1780281108.3020692,0.3209114074707031,decode,1,0,452712,0.0,0.0,0
forward_start,1780281108.3019743,60,60,60,64,FULL,1780281108.3019743,1780281108.3022096,0.2353191375732422,decode,0,0,452715,0.0,0.0,0
forward_start,1780281108.3142881,59,59,59,64,FULL,1780281108.3142881,1780281108.3145344,0.24628639221191406,decode,0,0,452715,0.0,0.0,0
forward_start,1780281108.3143666,61,61,61,64,FULL,1780281108.3143666,1780281108.314698,0.3314018249511719,decode,1,0,452712,0.0,0.0,0
forward_start,1780281108.3273654,61,61,61,64,FULL,1780281108.3273654,1780281108.327694,0.3285408020019531,decode,1,0,452712,0.0,0.0,0
forward_start,1780281108.3481872,58,58,58,64,FULL,1780281108.3481872,1780281108.3485339,0.3466606140136719,decode,0,0,452715,0.3466606140136719,1.0,1
forward_start,1780281108.3517032,58,58,58,64,FULL,1780281108.3517032,1780281108.351975,0.27179718017578125,decode,0,0,452715,0.27179718017578125,1.0,1
forward_start,1780281108.3520532,61,61,61,64,FULL,1780281108.3520532,1780281108.3524055,0.3523826599121094,decode,1,0,452712,0.3523826599121094,1.0,1
forward_start,1780281108.363456,58,58,58,64,FULL,1780281108.363456,1780281108.3636608,0.2048015594482422,decode,0,0,452715,0.270843505859375,1.3224679860302677,2
forward_start,1780281108.3692014,61,61,61,64,FULL,1780281108.3692014,1780281108.3695235,0.32210350036621094,decode,1,0,452712,0.32210350036621094,1.0,1
forward_start,1780281108.375819,58,58,58,64,FULL,1780281108.375819,1780281108.3760216,0.20265579223632812,decode,0,0,452715,0.20265579223632812,1.0,1
forward_start,1780281108.3758497,61,61,61,64,FULL,1780281108.3758497,1780281108.3761785,0.3287792205810547,decode,1,0,452712,0.3287792205810547,1.0,1
forward_start,1780281108.3888059,59,59,59,64,FULL,1780281108.3888059,1780281108.3890023,0.1964569091796875,decode,0,0,452715,0.0,0.0,0
forward_start,1780281108.3888388,60,60,60,64,FULL,1780281108.3888388,1780281108.3891823,0.34356117248535156,decode,1,0,452712,0.0,0.0,0
forward_start,1780281108.4023058,59,59,59,64,FULL,1780281108.4023058,1780281108.4025474,0.2415180206298828,decode,0,0,452715,0.0,0.0,0
forward_start,1780281108.4023738,61,61,61,64,FULL,1780281108.4023738,1780281108.4027097,0.33593177795410156,decode,1,0,452712,0.0,0.0,0
forward_start,1780281108.413756,61,61,61,64,FULL,1780281108.413756,1780281108.4140797,0.3237724304199219,decode,1,0,452712,0.0,0.0,0
forward_start,1780281108.413764,59,59,59,64,FULL,1780281108.413764,1780281108.41397,0.20599365234375,decode,0,0,452715,0.0,0.0,0
forward_start,1780281108.4317205,59,59,59,64,FULL,1780281108.4317205,1780281108.431953,0.23245811462402344,decode,0,0,452715,0.4649162292480469,2.0,2
forward_start,1780281108.4319024,61,61,61,64,FULL,1780281108.4319024,1780281108.4322429,0.34046173095703125,decode,1,0,452712,0.6809234619140625,2.0,2
forward_start,1780281108.438866,59,59,59,64,FULL,1780281108.438866,1780281108.4390779,0.21195411682128906,decode,0,0,452715,0.4239082336425781,2.0,2
forward_start,1780281108.4389062,60,60,60,64,FULL,1780281108.4389062,1780281108.4392366,0.3304481506347656,decode,1,0,452712,0.6608963012695312,2.0,2
forward_start,1780281108.4516602,59,59,59,64,FULL,1780281108.4516602,1780281108.4518628,0.20265579223632812,decode,0,0,452715,0.20265579223632812,1.0,1
forward_start,1780281108.4572465,60,60,60,64,FULL,1780281108.4572465,1780281108.4576178,0.3712177276611328,decode,1,0,452712,0.3712177276611328,1.0,1
forward_start,1780281108.4642467,59,59,59,64,FULL,1780281108.4642467,1780281108.4644918,0.24509429931640625,decode,0,0,452715,0.24509429931640625,1.0,1
forward_start,1780281108.4642913,61,61,61,64,FULL,1780281108.4642913,1780281108.4646327,0.3414154052734375,decode,1,0,452712,0.3414154052734375,1.0,1
forward_start,1780281108.4767945,60,60,60,64,FULL,1780281108.4767945,1780281108.4770277,0.23317337036132812,decode,0,0,452715,0.0,0.0,0
forward_start,1780281108.4767957,61,61,61,64,FULL,1780281108.4767957,1780281108.4771216,0.32591819763183594,decode,1,0,452712,0.0,0.0,0
forward_start,1780281108.4892385,60,60,60,64,FULL,1780281108.4892385,1780281108.4894676,0.22912025451660156,decode,0,0,452715,0.0,0.0,0
forward_start,1780281108.4893663,62,62,62,64,FULL,1780281108.4893663,1780281108.4897106,0.34427642822265625,decode,1,0,452712,0.0,0.0,0
forward_start,1780281108.501527,60,60,60,64,FULL,1780281108.501527,1780281108.5017226,0.19550323486328125,decode,0,0,452715,0.0,0.0,0
forward_start,1780281108.501641,62,62,62,64,FULL,1780281108.501641,1780281108.5019677,0.3266334533691406,decode,1,0,452712,0.0,0.0,0
forward_start,1780281108.5144157,62,62,62,64,FULL,1780281108.5144157,1780281108.5147417,0.32591819763183594,decode,1,0,452712,0.0,0.0,0
forward_start,1780281108.5144458,58,58,58,64,FULL,1780281108.5144458,1780281108.5146706,0.22482872009277344,decode,0,0,452715,0.0,0.0,0
forward_start,1780281108.5270562,61,61,61,64,FULL,1780281108.5270562,1780281108.5273943,0.3380775451660156,decode,1,0,452712,0.0,0.0,0
forward_start,1780281108.5270946,58,58,58,64,FULL,1780281108.5270946,1780281108.5273051,0.2105236053466797,decode,0,0,452715,0.0,0.0,0
forward_start,1780281108.5399566,58,58,58,64,FULL,1780281108.5399566,1780281108.5401604,0.20384788513183594,decode,0,0,452715,0.0,0.0,0
forward_start,1780281108.539982,61,61,61,64,FULL,1780281108.539982,1780281108.5403044,0.3223419189453125,decode,1,0,452712,0.0,0.0,0
forward_start,1780281108.5520365,58,58,58,64,FULL,1780281108.5520365,1780281108.5522346,0.19812583923339844,decode,0,0,452715,0.0,0.0,0
forward_start,1780281108.5520668,61,61,61,64,FULL,1780281108.5520668,1780281108.5524123,0.34546852111816406,decode,1,0,452712,0.0,0.0,0
forward_start,1780281108.5646725,58,58,58,64,FULL,1780281108.5646725,1780281108.564872,0.1995563507080078,decode,0,0,452715,0.0,0.0,0
forward_start,1780281108.564684,61,61,61,64,FULL,1780281108.564684,1780281108.5650077,0.3237724304199219,decode,1,0,452712,0.0,0.0,0
forward_start,1780281108.5771964,58,58,58,64,FULL,1780281108.5771964,1780281108.577415,0.2186298370361328,decode,0,0,452715,0.0,0.0,0
forward_start,1780281108.5773022,61,61,61,64,FULL,1780281108.5773022,1780281108.5776541,0.35190582275390625,decode,1,0,452712,0.0,0.0,0
forward_start,1780281108.5899603,58,58,58,64,FULL,1780281108.5899603,1780281108.5901527,0.19240379333496094,decode,0,0,452715,0.0,0.0,0
forward_start,1780281108.5900884,61,61,61,64,FULL,1780281108.5900884,1780281108.5904331,0.3447532653808594,decode,1,0,452712,0.0,0.0,0
forward_start,1780281108.6023989,58,58,58,64,FULL,1780281108.6023989,1780281108.6026046,0.20575523376464844,decode,0,0,452715,0.0,0.0,0
forward_start,1780281108.60248,61,61,61,64,FULL,1780281108.60248,1780281108.6028101,0.33020973205566406,decode,1,0,452712,0.0,0.0,0
forward_start,1780281108.615304,58,58,58,64,FULL,1780281108.615304,1780281108.6155267,0.22268295288085938,decode,0,0,452715,0.0,0.0,0
forward_start,1780281108.6154366,60,60,60,64,FULL,1780281108.6154366,1780281108.6157637,0.32711029052734375,decode,1,0,452712,0.0,0.0,0
forward_start,1780281108.627768,60,60,60,64,FULL,1780281108.627768,1780281108.6280951,0.32711029052734375,decode,1,0,452712,0.0,0.0,0
forward_start,1780281108.6279345,57,57,57,64,FULL,1780281108.6279345,1780281108.6281252,0.19073486328125,decode,0,0,452715,0.0,0.0,0
forward_start,1780281108.640777,55,55,55,64,FULL,1780281108.640777,1780281108.640979,0.20194053649902344,decode,0,0,452715,0.0,0.0,0
forward_start,1780281108.6408055,60,60,60,64,FULL,1780281108.6408055,1780281108.6411438,0.3383159637451172,decode,1,0,452712,0.0,0.0,0
forward_start,1780281108.6531694,55,55,55,64,FULL,1780281108.6531694,1780281108.6533957,0.2262592315673828,decode,0,0,452715,0.0,0.0,0
forward_start,1780281108.6531858,59,59,59,64,FULL,1780281108.6531858,1780281108.6535327,0.34689903259277344,decode,1,0,452712,0.0,0.0,0
forward_start,1780281108.6658437,59,59,59,64,FULL,1780281108.6658437,1780281108.6661687,0.3249645233154297,decode,1,0,452712,0.0,0.0,0
forward_start,1780281108.665847,54,54,54,64,FULL,1780281108.665847,1780281108.6660562,0.2090930938720703,decode,0,0,452715,0.0,0.0,0
forward_start,1780281108.6781545,54,54,54,64,FULL,1780281108.6781545,1780281108.678413,0.25844573974609375,decode,0,0,452715,0.0,0.0,0
forward_start,1780281108.6781762,59,59,59,64,FULL,1780281108.6781762,1780281108.678533,0.35691261291503906,decode,1,0,452712,0.0,0.0,0
forward_start,1780281108.69099,59,59,59,64,FULL,1780281108.69099,1780281108.691326,0.33593177795410156,decode,1,0,452712,0.263214111328125,0.7835344215755855,1
forward_start,1780281108.6930254,54,54,54,64,FULL,1780281108.6930254,1780281108.6932473,0.2219676971435547,decode,0,0,452715,0.2219676971435547,1.0,1
forward_start,1780281108.703493,59,59,59,64,FULL,1780281108.703493,1780281108.7038236,0.3304481506347656,decode,1,0,452712,0.6003379821777344,1.8167388167388168,2
forward_start,1780281108.7041988,54,54,54,64,FULL,1780281108.7041988,1780281108.7044423,0.2434253692626953,decode,0,0,452715,0.2434253692626953,1.0,1
forward_start,1780281108.7161665,54,54,54,64,FULL,1780281108.7161665,1780281108.716391,0.22459030151367188,decode,0,0,452715,0.0,0.0,0
forward_start,1780281108.7162066,59,59,59,64,FULL,1780281108.7162066,1780281108.7165504,0.3437995910644531,decode,1,0,452712,0.0,0.0,0
forward_start,1780281108.7285872,56,56,56,64,FULL,1780281108.7285872,1780281108.728779,0.1919269561767578,decode,0,0,452715,0.0,0.0,0
forward_start,1780281108.7286885,59,59,59,64,FULL,1780281108.7286885,1780281108.729019,0.3304481506347656,decode,1,0,452712,0.0,0.0,0
forward_start,1780281108.7413871,56,56,56,64,FULL,1780281108.7413871,1780281108.741604,0.21696090698242188,decode,0,0,452715,0.0,0.0,0
forward_start,1780281108.7414467,59,59,59,64,FULL,1780281108.7414467,1780281108.7417767,0.3299713134765625,decode,1,0,452712,0.0,0.0,0
forward_start,1780281108.7533898,56,56,56,64,FULL,1780281108.7533898,1780281108.7535977,0.2079010009765625,decode,0,0,452715,0.0,0.0,0
forward_start,1780281108.7534816,59,59,59,64,FULL,1780281108.7534816,1780281108.7538068,0.32520294189453125,decode,1,0,452712,0.0,0.0,0
forward_start,1780281108.7663631,56,56,56,64,FULL,1780281108.7663631,1780281108.7665832,0.2200603485107422,decode,0,0,452715,0.0,0.0,0
forward_start,1780281108.7664087,59,59,59,64,FULL,1780281108.7664087,1780281108.7667377,0.32901763916015625,decode,1,0,452712,0.0,0.0,0
forward_start,1780281108.7788672,59,59,59,64,FULL,1780281108.7788672,1780281108.7791948,0.3275871276855469,decode,1,0,452712,0.0,0.0,0
forward_start,1780281108.7788906,56,56,56,64,FULL,1780281108.7788906,1780281108.7790945,0.20384788513183594,decode,0,0,452715,0.0,0.0,0
forward_start,1780281108.7916174,59,59,59,64,FULL,1780281108.7916174,1780281108.791934,0.316619873046875,decode,1,0,452712,0.0,0.0,0
forward_start,1780281108.8032746,56,56,56,64,FULL,1780281108.8032746,1780281108.8035986,0.32401084899902344,decode,0,0,452715,0.32401084899902344,1.0,1
forward_start,1780281108.8065526,56,56,56,64,FULL,1780281108.8065526,1780281108.8067672,0.21457672119140625,decode,0,0,452715,0.23317337036132812,1.0866666666666667,2
forward_start,1780281108.8116198,59,59,59,64,FULL,1780281108.8116198,1780281108.8119357,0.3159046173095703,decode,1,0,452712,0.6318092346191406,2.0,2
forward_start,1780281108.8186061,56,56,56,64,FULL,1780281108.8186061,1780281108.818804,0.19788742065429688,decode,0,0,452715,0.39577484130859375,2.0,2
forward_start,1780281108.8186183,59,59,59,64,FULL,1780281108.8186183,1780281108.8189461,0.32782554626464844,decode,1,0,452712,0.5412101745605469,1.6509090909090909,2
forward_start,1780281108.8310878,56,56,56,64,FULL,1780281108.8310878,1780281108.8312979,0.21004676818847656,decode,0,0,452715,0.0,0.0,0
forward_start,1780281108.831105,59,59,59,64,FULL,1780281108.831105,1780281108.8314521,0.347137451171875,decode,1,0,452712,0.0,0.0,0
forward_start,1780281108.8437915,57,57,57,64,FULL,1780281108.8437915,1780281108.8440058,0.2143383026123047,decode,0,0,452715,0.0,0.0,0
forward_start,1780281108.8438036,60,60,60,64,FULL,1780281108.8438036,1780281108.844144,0.34046173095703125,decode,1,0,452712,0.0,0.0,0
forward_start,1780281108.8560472,60,60,60,64,FULL,1780281108.8560472,1780281108.8563933,0.34618377685546875,decode,1,0,452712,0.03361701965332031,0.09710743801652892,1
forward_start,1780281108.8642538,57,57,57,64,FULL,1780281108.8642538,1780281108.8645759,0.32210350036621094,decode,0,0,452715,0.32210350036621094,1.0,1
forward_start,1780281108.8690407,56,56,56,64,FULL,1780281108.8690407,1780281108.8692434,0.20265579223632812,decode,0,0,452715,0.20265579223632812,1.0,1
forward_start,1780281108.8690727,59,59,59,64,FULL,1780281108.8690727,1780281108.8694234,0.35071372985839844,decode,1,0,452712,0.2009868621826172,0.5730795377294358,1
forward_start,1780281108.8812594,58,58,58,64,FULL,1780281108.8812594,1780281108.88162,0.3604888916015625,decode,1,0,452712,0.0,0.0,0
forward_start,1780281108.881273,56,56,56,64,FULL,1780281108.881273,1780281108.8815515,0.278472900390625,decode,0,0,452715,0.0,0.0,0
forward_start,1780281108.894003,57,57,57,64,FULL,1780281108.894003,1780281108.8942053,0.20241737365722656,decode,0,0,452715,0.0,0.0,0
forward_start,1780281108.8940525,58,58,58,64,FULL,1780281108.8940525,1780281108.8943958,0.34332275390625,decode,1,0,452712,0.0,0.0,0
forward_start,1780281108.9061909,57,57,57,64,FULL,1780281108.9061909,1780281108.9064252,0.23436546325683594,decode,0,0,452715,0.0,0.0,0
forward_start,1780281108.906241,58,58,58,64,FULL,1780281108.906241,1780281108.9065864,0.34546852111816406,decode,1,0,452712,0.0,0.0,0
forward_start,1780281108.9189634,57,57,57,64,FULL,1780281108.9189634,1780281108.9191642,0.20074844360351562,decode,0,0,452715,0.0,0.0,0
forward_start,1780281108.9259088,58,58,58,64,FULL,1780281108.9259088,1780281108.926252,0.34308433532714844,decode,1,0,452712,0.0,0.0,0
forward_start,1780281108.9315746,57,57,57,64,FULL,1780281108.9315746,1780281108.9318962,0.3216266632080078,decode,1,0,452712,0.0,0.0,0
forward_start,1780281108.9315896,57,57,57,64,FULL,1780281108.9315896,1780281108.9318004,0.21076202392578125,decode,0,0,452715,0.0,0.0,0
forward_start,1780281108.944248,58,58,58,64,FULL,1780281108.944248,1780281108.94461,0.36215782165527344,decode,1,0,452712,0.1475811004638672,0.4075049374588545,1
forward_start,1780281108.9500804,57,57,57,64,FULL,1780281108.9500804,1780281108.9503157,0.2353191375732422,decode,0,0,452715,0.2353191375732422,1.0,1
forward_start,1780281108.9565759,57,57,57,64,FULL,1780281108.9565759,1780281108.956782,0.20623207092285156,decode,0,0,452715,0.20623207092285156,1.0,1
forward_start,1780281108.9565883,58,58,58,64,FULL,1780281108.9565883,1780281108.9569154,0.32711029052734375,decode,1,0,452712,0.2231597900390625,0.6822157434402333,1
forward_start,1780281108.9690406,57,57,57,64,FULL,1780281108.9690406,1780281108.9692376,0.19693374633789062,decode,0,0,452715,0.0,0.0,0
forward_start,1780281108.9690857,58,58,58,64,FULL,1780281108.9690857,1780281108.9694345,0.34880638122558594,decode,1,0,452712,0.0,0.0,0
forward_start,1780281108.9818099,58,58,58,64,FULL,1780281108.9818099,1780281108.9820158,0.20599365234375,decode,0,0,452715,0.0,0.0,0
forward_start,1780281108.9849286,58,58,58,64,FULL,1780281108.9849286,1780281108.9852834,0.354766845703125,decode,1,0,452712,0.354766845703125,1.0,1
forward_start,1780281108.9942737,58,58,58,64,FULL,1780281108.9942737,1780281108.994528,0.2543926239013672,decode,0,0,452715,0.2543926239013672,1.0,1
forward_start,1780281108.994323,58,58,58,64,FULL,1780281108.994323,1780281108.9946725,0.3495216369628906,decode,1,0,452712,0.3495216369628906,1.0,1
forward_start,1780281109.0068371,58,58,58,64,FULL,1780281109.0068371,1780281109.007038,0.2009868621826172,decode,0,0,452715,0.0,0.0,0
forward_start,1780281109.0068598,58,58,58,64,FULL,1780281109.0068598,1780281109.0071888,0.32901763916015625,decode,1,0,452712,0.0,0.0,0
forward_start,1780281109.019501,59,59,59,64,FULL,1780281109.019501,1780281109.0198214,0.3204345703125,decode,1,0,452712,0.0,0.0,0
forward_start,1780281109.0195336,58,58,58,64,FULL,1780281109.0195336,1780281109.0197544,0.22077560424804688,decode,0,0,452715,0.0,0.0,0
forward_start,1780281109.0318046,58,58,58,64,FULL,1780281109.0318046,1780281109.0319924,0.18787384033203125,decode,0,0,452715,0.0,0.0,0
forward_start,1780281109.0318768,59,59,59,64,FULL,1780281109.0318768,1780281109.0322084,0.33164024353027344,decode,1,0,452712,0.0,0.0,0
forward_start,1780281109.044532,58,58,58,64,FULL,1780281109.044532,1780281109.0447342,0.202178955078125,decode,0,0,452715,0.0,0.0,0
forward_start,1780281109.0445735,59,59,59,64,FULL,1780281109.0445735,1780281109.0449123,0.3387928009033203,decode,1,0,452712,0.0,0.0,0
forward_start,1780281109.05684,58,58,58,64,FULL,1780281109.05684,1780281109.0570369,0.19693374633789062,decode,0,0,452715,0.0,0.0,0
forward_start,1780281109.0568733,59,59,59,64,FULL,1780281109.0568733,1780281109.0572019,0.3285408020019531,decode,1,0,452712,0.0,0.0,0
forward_start,1780281109.0697064,58,58,58,64,FULL,1780281109.0697064,1780281109.0699112,0.2048015594482422,decode,0,0,452715,0.0,0.0,0
forward_start,1780281109.0771627,59,59,59,64,FULL,1780281109.0771627,1780281109.0775018,0.3390312194824219,decode,1,0,452712,0.3390312194824219,1.0,1
forward_start,1780281109.082212,58,58,58,64,FULL,1780281109.082212,1780281109.082447,0.23508071899414062,decode,0,0,452715,0.23508071899414062,1.0,1
forward_start,1780281109.0822616,59,59,59,64,FULL,1780281109.0822616,1780281109.0825844,0.3228187561035156,decode,1,0,452712,0.3228187561035156,1.0,1
forward_start,1780281109.0947652,58,58,58,64,FULL,1780281109.0947652,1780281109.0950875,0.3223419189453125,decode,1,0,452712,0.3223419189453125,1.0,1
forward_start,1780281109.0947795,58,58,58,64,FULL,1780281109.0947795,1780281109.094986,0.20647048950195312,decode,0,0,452715,0.20647048950195312,1.0,1
forward_start,1780281109.1073022,58,58,58,64,FULL,1780281109.1073022,1780281109.1076465,0.34427642822265625,decode,1,0,452712,0.25272369384765625,0.7340720221606648,1
forward_start,1780281109.1113458,58,58,58,64,FULL,1780281109.1113458,1780281109.1115832,0.23746490478515625,decode,0,0,452715,0.23746490478515625,1.0,1
forward_start,1780281109.1203632,59,59,59,64,FULL,1780281109.1203632,1780281109.1206858,0.32258033752441406,decode,1,0,452712,0.6451606750488281,2.0,2
forward_start,1780281109.122473,58,58,58,64,FULL,1780281109.122473,1780281109.1227026,0.2295970916748047,decode,0,0,452715,0.4591941833496094,2.0,2
forward_start,1780281109.1323626,58,58,58,64,FULL,1780281109.1323626,1780281109.1325917,0.22912025451660156,decode,0,0,452715,0.22912025451660156,1.0,1
forward_start,1780281109.1324275,59,59,59,64,FULL,1780281109.1324275,1780281109.1327581,0.3306865692138672,decode,1,0,452712,0.1952648162841797,0.5904830569574622,1
forward_start,1780281109.1450694,59,59,59,64,FULL,1780281109.1450694,1780281109.1452677,0.1983642578125,decode,0,0,452715,0.0,0.0,0
forward_start,1780281109.145126,59,59,59,64,FULL,1780281109.145126,1780281109.145474,0.3478527069091797,decode,1,0,452712,0.0,0.0,0
forward_start,1780281109.1575136,60,60,60,64,FULL,1780281109.1575136,1780281109.1577148,0.20122528076171875,decode,0,0,452715,0.0,0.0,0
forward_start,1780281109.1575584,59,59,59,64,FULL,1780281109.1575584,1780281109.1578865,0.32806396484375,decode,1,0,452712,0.0,0.0,0
forward_start,1780281109.1701043,59,59,59,64,FULL,1780281109.1701043,1780281109.1704447,0.34046173095703125,decode,1,0,452712,0.0,0.0,0
forward_start,1780281109.1701255,60,60,60,64,FULL,1780281109.1701255,1780281109.1703186,0.19311904907226562,decode,0,0,452715,0.0,0.0,0
forward_start,1780281109.1825755,60,60,60,64,FULL,1780281109.1825755,1780281109.1827738,0.1983642578125,decode,0,0,452715,0.0,0.0,0
forward_start,1780281109.1826246,59,59,59,64,FULL,1780281109.1826246,1780281109.18295,0.3254413604736328,decode,1,0,452712,0.0,0.0,0
forward_start,1780281109.1951947,60,60,60,64,FULL,1780281109.1951947,1780281109.1954336,0.23889541625976562,decode,0,0,452715,0.0,0.0,0
forward_start,1780281109.1952338,59,59,59,64,FULL,1780281109.1952338,1780281109.1955864,0.35262107849121094,decode,1,0,452712,0.0,0.0,0
forward_start,1780281109.208454,60,60,60,64,FULL,1780281109.208454,1780281109.2086637,0.209808349609375,decode,0,0,452715,0.0,0.0,0
forward_start,1780281109.208491,59,59,59,64,FULL,1780281109.208491,1780281109.2088208,0.32973289489746094,decode,1,0,452712,0.0,0.0,0
forward_start,1780281109.2205038,60,60,60,64,FULL,1780281109.2205038,1780281109.2207031,0.19931793212890625,decode,0,0,452715,0.0,0.0,0
forward_start,1780281109.220543,59,59,59,64,FULL,1780281109.220543,1780281109.2208688,0.32591819763183594,decode,1,0,452712,0.0,0.0,0
forward_start,1780281109.2332113,60,60,60,64,FULL,1780281109.2332113,1780281109.2334552,0.24390220642089844,decode,0,0,452715,0.06842613220214844,0.2805474095796676,1
forward_start,1780281109.2373118,58,58,58,64,FULL,1780281109.2373118,1780281109.2376752,0.36334991455078125,decode,1,0,452712,0.36334991455078125,1.0,1
forward_start,1780281109.2455864,60,60,60,64,FULL,1780281109.2455864,1780281109.2457917,0.2052783966064453,decode,0,0,452715,0.2052783966064453,1.0,1
forward_start,1780281109.245617,58,58,58,64,FULL,1780281109.245617,1780281109.2459476,0.3306865692138672,decode,1,0,452712,0.3306865692138672,1.0,1
forward_start,1780281109.2581697,58,58,58,64,FULL,1780281109.2581697,1780281109.2585182,0.3485679626464844,decode,1,0,452712,0.0,0.0,0
forward_start,1780281109.2661877,60,60,60,64,FULL,1780281109.2661877,1780281109.266513,0.3254413604736328,decode,0,0,452715,0.3254413604736328,1.0,1
forward_start,1780281109.2710273,60,60,60,64,FULL,1780281109.2710273,1780281109.2712348,0.20742416381835938,decode,0,0,452715,0.26154518127441406,1.260919540229885,2
forward_start,1780281109.2808251,59,59,59,64,FULL,1780281109.2808251,1780281109.2809932,0.16808509826660156,decode,1,0,452712,0.0,0.0,0
forward_start,1780281109.2839167,59,59,59,64,FULL,1780281109.2839167,1780281109.284118,0.20122528076171875,decode,0,0,452715,0.0,0.0,0
forward_start,1780281109.2840357,59,59,59,64,FULL,1780281109.2840357,1780281109.284388,0.3523826599121094,decode,1,0,452712,0.0,0.0,0
forward_start,1780281109.2965457,60,60,60,64,FULL,1780281109.2965457,1780281109.2968903,0.3445148468017578,decode,1,0,452712,0.0,0.0,0
forward_start,1780281109.3066323,60,60,60,64,FULL,1780281109.3066323,1780281109.3069487,0.31638145446777344,decode,0,0,452715,0.31638145446777344,1.0,1
forward_start,1780281109.3097186,60,60,60,64,FULL,1780281109.3097186,1780281109.3099248,0.20623207092285156,decode,0,0,452715,0.2415180206298828,1.1710982658959537,2
forward_start,1780281109.31788,60,60,60,64,FULL,1780281109.31788,1780281109.3182213,0.3414154052734375,decode,1,0,452712,0.0,0.0,0
forward_start,1780281109.3218672,60,60,60,64,FULL,1780281109.3218672,1780281109.3220694,0.202178955078125,decode,0,0,452715,0.0,0.0,0
forward_start,1780281109.3219185,60,60,60,64,FULL,1780281109.3219185,1780281109.3222458,0.3273487091064453,decode,1,0,452712,0.0,0.0,0
forward_start,1780281109.3345418,61,61,61,64,FULL,1780281109.3345418,1780281109.334748,0.20623207092285156,decode,0,0,452715,0.0,0.0,0
forward_start,1780281109.334618,61,61,61,64,FULL,1780281109.334618,1780281109.3349464,0.32830238342285156,decode,1,0,452712,0.0,0.0,0
forward_start,1780281109.3467662,61,61,61,64,FULL,1780281109.3467662,1780281109.346967,0.20074844360351562,decode,0,0,452715,0.0,0.0,0
forward_start,1780281109.3468015,61,61,61,64,FULL,1780281109.3468015,1780281109.347132,0.3304481506347656,decode,1,0,452712,0.0,0.0,0
forward_start,1780281109.3594954,61,61,61,64,FULL,1780281109.3594954,1780281109.3598359,0.34046173095703125,decode,1,0,452712,0.26917457580566406,0.7906162464985994,1
forward_start,1780281109.3643754,61,61,61,64,FULL,1780281109.3643754,1780281109.3646257,0.2503395080566406,decode,0,0,452715,0.2503395080566406,1.0,1
forward_start,1780281109.3719778,61,61,61,64,FULL,1780281109.3719778,1780281109.3721783,0.20051002502441406,decode,0,0,452715,0.20051002502441406,1.0,1
forward_start,1780281109.3720176,61,61,61,64,FULL,1780281109.3720176,1780281109.3723667,0.3490447998046875,decode,1,0,452712,0.19097328186035156,0.5471311475409836,1
forward_start,1780281109.3846421,60,60,60,64,FULL,1780281109.3846421,1780281109.3848433,0.20122528076171875,decode,0,0,452715,0.08678436279296875,0.4312796208530806,1
forward_start,1780281109.3867936,61,61,61,64,FULL,1780281109.3867936,1780281109.3871481,0.35452842712402344,decode,1,0,452712,0.35452842712402344,1.0,1
forward_start,1780281109.3974655,61,61,61,64,FULL,1780281109.3974655,1780281109.3976703,0.2048015594482422,decode,0,0,452715,0.0,0.0,0
forward_start,1780281109.3978093,61,61,61,64,FULL,1780281109.3978093,1780281109.3981516,0.34236907958984375,decode,1,0,452712,0.0,0.0,0
forward_start,1780281109.4102278,61,61,61,64,FULL,1780281109.4102278,1780281109.4104652,0.23746490478515625,decode,0,0,452715,0.0,0.0,0
forward_start,1780281109.4102843,61,61,61,64,FULL,1780281109.4102843,1780281109.4106395,0.3552436828613281,decode,1,0,452712,0.0,0.0,0
forward_start,1780281109.4224882,61,61,61,64,FULL,1780281109.4224882,1780281109.422694,0.20575523376464844,decode,0,0,452715,0.0,0.0,0
forward_start,1780281109.4225407,61,61,61,64,FULL,1780281109.4225407,1780281109.4228764,0.335693359375,decode,1,0,452712,0.0,0.0,0
forward_start,1780281109.435065,61,61,61,64,FULL,1780281109.435065,1780281109.4352663,0.20122528076171875,decode,0,0,452715,0.0,0.0,0
forward_start,1780281109.4350972,60,60,60,64,FULL,1780281109.4350972,1780281109.4354448,0.3476142883300781,decode,1,0,452712,0.0,0.0,0
forward_start,1780281109.4477234,60,60,60,64,FULL,1780281109.4477234,1780281109.4480536,0.33020973205566406,decode,1,0,452712,0.270843505859375,0.8202166064981949,1
forward_start,1780281109.451562,61,61,61,64,FULL,1780281109.451562,1780281109.4517882,0.2262592315673828,decode,0,0,452715,0.2262592315673828,1.0,1
forward_start,1780281109.4604475,60,60,60,64,FULL,1780281109.4604475,1780281109.4606588,0.21123886108398438,decode,0,0,452715,0.21123886108398438,1.0,1
forward_start,1780281109.4604843,60,60,60,64,FULL,1780281109.4604843,1780281109.4608147,0.3304481506347656,decode,1,0,452712,0.20647048950195312,0.6248196248196248,1
forward_start,1780281109.4731302,60,60,60,64,FULL,1780281109.4731302,1780281109.4733562,0.22602081298828125,decode,0,0,452715,0.0,0.0,0
forward_start,1780281109.4731448,60,60,60,64,FULL,1780281109.4731448,1780281109.473486,0.34117698669433594,decode,1,0,452712,0.0,0.0,0
forward_start,1780281109.4860451,61,61,61,64,FULL,1780281109.4860451,1780281109.4862561,0.2110004425048828,decode,0,0,452715,0.0,0.0,0
forward_start,1780281109.4930537,60,60,60,64,FULL,1780281109.4930537,1780281109.4934099,0.3561973571777344,decode,1,0,452712,0.3561973571777344,1.0,1
forward_start,1780281109.4983974,61,61,61,64,FULL,1780281109.4983974,1780281109.4986174,0.2200603485107422,decode,0,0,452715,0.2200603485107422,1.0,1
forward_start,1780281109.4984744,60,60,60,64,FULL,1780281109.4984744,1780281109.4987838,0.3094673156738281,decode,1,0,452712,0.3094673156738281,1.0,1
forward_start,1780281109.5110717,61,61,61,64,FULL,1780281109.5110717,1780281109.5112696,0.19788742065429688,decode,0,0,452715,0.19788742065429688,1.0,1
forward_start,1780281109.5153017,59,59,59,64,FULL,1780281109.5153017,1780281109.515638,0.3364086151123047,decode,1,0,452712,0.3364086151123047,1.0,1
forward_start,1780281109.5235736,59,59,59,64,FULL,1780281109.5235736,1780281109.5238914,0.3178119659423828,decode,1,0,452712,0.0,0.0,0
forward_start,1780281109.5235972,61,61,61,64,FULL,1780281109.5235972,1780281109.5238123,0.21505355834960938,decode,0,0,452715,0.0,0.0,0
forward_start,1780281109.536839,60,60,60,64,FULL,1780281109.536839,1780281109.5370402,0.20122528076171875,decode,0,0,452715,0.0,0.0,0
forward_start,1780281109.5368588,60,60,60,64,FULL,1780281109.5368588,1780281109.5371966,0.33783912658691406,decode,1,0,452712,0.0,0.0,0
forward_start,1780281109.549169,60,60,60,64,FULL,1780281109.549169,1780281109.5494025,0.2334117889404297,decode,0,0,452715,0.0,0.0,0
forward_start,1780281109.5492191,60,60,60,64,FULL,1780281109.5492191,1780281109.549568,0.34880638122558594,decode,1,0,452712,0.0,0.0,0
forward_start,1780281109.5615191,60,60,60,64,FULL,1780281109.5615191,1780281109.5617354,0.2162456512451172,decode,0,0,452715,0.0,0.0,0
forward_start,1780281109.5615652,60,60,60,64,FULL,1780281109.5615652,1780281109.5618916,0.32639503479003906,decode,1,0,452712,0.0,0.0,0
forward_start,1780281109.5743015,60,60,60,64,FULL,1780281109.5743015,1780281109.574555,0.25343894958496094,decode,0,0,452715,0.0,0.0,0
forward_start,1780281109.5743861,60,60,60,64,FULL,1780281109.5743861,1780281109.5747294,0.34332275390625,decode,1,0,452712,0.0,0.0,0
forward_start,1780281109.5866852,60,60,60,64,FULL,1780281109.5866852,1780281109.5868855,0.2002716064453125,decode,0,0,452715,0.0,0.0,0
forward_start,1780281109.5867095,60,60,60,64,FULL,1780281109.5867095,1780281109.5870314,0.3218650817871094,decode,1,0,452712,0.0,0.0,0
forward_start,1780281109.5995386,60,60,60,64,FULL,1780281109.5995386,1780281109.599869,0.3304481506347656,decode,1,0,452712,0.0,0.0,0
forward_start,1780281109.609284,60,60,60,64,FULL,1780281109.609284,1780281109.6095116,0.2276897430419922,decode,0,0,452715,0.2276897430419922,1.0,1
forward_start,1780281109.6124556,60,60,60,64,FULL,1780281109.6124556,1780281109.6126802,0.22459030151367188,decode,0,0,452715,0.22459030151367188,1.0,1
forward_start,1780281109.6124947,60,60,60,64,FULL,1780281109.6124947,1780281109.6128242,0.3294944763183594,decode,1,0,452712,0.3294944763183594,1.0,1
forward_start,1780281109.6247616,60,60,60,64,FULL,1780281109.6247616,1780281109.6249583,0.19669532775878906,decode,0,0,452715,0.19669532775878906,1.0,1
forward_start,1780281109.6247873,59,59,59,64,FULL,1780281109.6247873,1780281109.6251163,0.32901763916015625,decode,1,0,452712,0.20551681518554688,0.6246376811594203,1
forward_start,1780281109.6372645,58,58,58,64,FULL,1780281109.6372645,1780281109.6376274,0.3628730773925781,decode,1,0,452712,0.2276897430419922,0.6274638633377135,1
forward_start,1780281109.6432748,60,60,60,64,FULL,1780281109.6432748,1780281109.6435606,0.28586387634277344,decode,0,0,452715,0.28586387634277344,1.0,1
forward_start,1780281109.6500518,61,61,61,64,FULL,1780281109.6500518,1780281109.6502562,0.20432472229003906,decode,0,0,452715,0.20432472229003906,1.0,1
forward_start,1780281109.6501064,58,58,58,64,FULL,1780281109.6501064,1780281109.6504557,0.34928321838378906,decode,1,0,452712,0.1811981201171875,0.5187713310580204,1
forward_start,1780281109.6623175,61,61,61,64,FULL,1780281109.6623175,1780281109.662566,0.24843215942382812,decode,0,0,452715,0.0,0.0,0
forward_start,1780281109.6623852,58,58,58,64,FULL,1780281109.6623852,1780281109.6627047,0.31948089599609375,decode,1,0,452712,0.0,0.0,0
forward_start,1780281109.6751144,62,62,62,64,FULL,1780281109.6751144,1780281109.6753159,0.2014636993408203,decode,0,0,452715,0.0,0.0,0
forward_start,1780281109.6751797,58,58,58,64,FULL,1780281109.6751797,1780281109.6755295,0.3497600555419922,decode,1,0,452712,0.0,0.0,0
forward_start,1780281109.6875172,62,62,62,64,FULL,1780281109.6875172,1780281109.687713,0.1957416534423828,decode,0,0,452715,0.0,0.0,0
forward_start,1780281109.6875877,58,58,58,64,FULL,1780281109.6875877,1780281109.6879153,0.3275871276855469,decode,1,0,452712,0.0,0.0,0
forward_start,1780281109.7001104,62,62,62,64,FULL,1780281109.7001104,1780281109.7002978,0.18739700317382812,decode,0,0,452715,0.0,0.0,0
forward_start,1780281109.7002192,58,58,58,64,FULL,1780281109.7002192,1780281109.7005801,0.3609657287597656,decode,1,0,452712,0.0,0.0,0
forward_start,1780281109.7127273,62,62,62,64,FULL,1780281109.7127273,1780281109.7129173,0.1900196075439453,decode,0,0,452715,0.0,0.0,0
forward_start,1780281109.712801,58,58,58,64,FULL,1780281109.712801,1780281109.7131274,0.32639503479003906,decode,1,0,452712,0.0,0.0,0
forward_start,1780281109.7255363,62,62,62,64,FULL,1780281109.7255363,1780281109.7257254,0.18906593322753906,decode,0,0,452715,0.0,0.0,0
forward_start,1780281109.7256467,58,58,58,64,FULL,1780281109.7256467,1780281109.725978,0.3311634063720703,decode,1,0,452712,0.0,0.0,0
forward_start,1780281109.737999,62,62,62,64,FULL,1780281109.737999,1780281109.7381985,0.1995563507080078,decode,0,0,452715,0.0,0.0,0
forward_start,1780281109.7380397,58,58,58,64,FULL,1780281109.7380397,1780281109.7383862,0.3464221954345703,decode,1,0,452712,0.0,0.0,0
forward_start,1780281109.7505624,61,61,61,64,FULL,1780281109.7505624,1780281109.7507536,0.19121170043945312,decode,0,0,452715,0.0,0.0,0
forward_start,1780281109.7506492,58,58,58,64,FULL,1780281109.7506492,1780281109.7509797,0.3304481506347656,decode,1,0,452712,0.0,0.0,0
forward_start,1780281109.7632966,61,61,61,64,FULL,1780281109.7632966,1780281109.7635477,0.2510547637939453,decode,0,0,452715,0.0,0.0,0
forward_start,1780281109.7633293,58,58,58,64,FULL,1780281109.7633293,1780281109.763679,0.3497600555419922,decode,1,0,452712,0.0,0.0,0
forward_start,1780281109.7761483,61,61,61,64,FULL,1780281109.7761483,1780281109.77639,0.24175643920898438,decode,0,0,452715,0.0,0.0,0
forward_start,1780281109.776277,57,57,57,64,FULL,1780281109.776277,1780281109.7766235,0.3464221954345703,decode,1,0,452712,0.0,0.0,0
forward_start,1780281109.7884834,57,57,57,64,FULL,1780281109.7884834,1780281109.7888143,0.33092498779296875,decode,1,0,452712,0.0,0.0,0
forward_start,1780281109.7890222,61,61,61,64,FULL,1780281109.7890222,1780281109.78946,0.43773651123046875,decode,0,0,452715,0.0,0.0,0
forward_start,1780281109.8012168,57,57,57,64,FULL,1780281109.8012168,1780281109.8015623,0.34546852111816406,decode,1,0,452712,0.0,0.0,0
forward_start,1780281109.8012712,61,61,61,64,FULL,1780281109.8012712,1780281109.8016071,0.33593177795410156,decode,0,0,452715,0.0,0.0,0
forward_start,1780281109.813932,57,57,57,64,FULL,1780281109.813932,1780281109.8142526,0.32067298889160156,decode,1,0,452712,0.0,0.0,0
forward_start,1780281109.8139348,61,61,61,64,FULL,1780281109.8139348,1780281109.8142333,0.29850006103515625,decode,0,0,452715,0.0,0.0,0
forward_start,1780281109.8263836,57,57,57,64,FULL,1780281109.8263836,1780281109.8267217,0.3380775451660156,decode,1,0,452712,0.0,0.0,0
forward_start,1780281109.8263855,61,61,61,64,FULL,1780281109.8263855,1780281109.8266866,0.30112266540527344,decode,0,0,452715,0.0,0.0,0
forward_start,1780281109.8388684,61,61,61,64,FULL,1780281109.8388684,1780281109.8391557,0.2872943878173828,decode,0,0,452715,0.0,0.0,0
forward_start,1780281109.8388712,57,57,57,64,FULL,1780281109.8388712,1780281109.8391855,0.3142356872558594,decode,1,0,452712,0.0,0.0,0
forward_start,1780281109.8518856,57,57,57,64,FULL,1780281109.8518856,1780281109.8522239,0.3383159637451172,decode,1,0,452712,0.0,0.0,0
forward_start,1780281109.8519018,61,61,61,64,FULL,1780281109.8519018,1780281109.8521972,0.29540061950683594,decode,0,0,452715,0.0,0.0,0
forward_start,1780281109.8640993,57,57,57,64,FULL,1780281109.8640993,1780281109.8644524,0.35309791564941406,decode,1,0,452712,0.0,0.0,0
forward_start,1780281109.8641071,61,61,61,64,FULL,1780281109.8641071,1780281109.864414,0.30684471130371094,decode,0,0,452715,0.0,0.0,0
forward_start,1780281109.876974,61,61,61,64,FULL,1780281109.876974,1780281109.8772604,0.28634071350097656,decode,0,0,452715,0.0,0.0,0
forward_start,1780281109.8888977,57,57,57,64,FULL,1780281109.8888977,1780281109.8891206,0.22292137145996094,decode,1,0,452712,0.22292137145996094,1.0,1
forward_start,1780281109.8924866,56,56,56,64,FULL,1780281109.8924866,1780281109.8927824,0.29587745666503906,decode,1,0,452712,0.29587745666503906,1.0,1
forward_start,1780281109.8925033,61,61,61,64,FULL,1780281109.8925033,1780281109.8927927,0.2894401550292969,decode,0,0,452715,0.2894401550292969,1.0,1
forward_start,1780281109.9040544,56,56,56,64,FULL,1780281109.9040544,1780281109.9044018,0.34737586975097656,decode,1,0,452712,0.34737586975097656,1.0,1
forward_start,1780281109.9040608,61,61,61,64,FULL,1780281109.9040608,1780281109.9043877,0.3268718719482422,decode,0,0,452715,0.3268718719482422,1.0,1
forward_start,1780281109.9166636,61,61,61,64,FULL,1780281109.9166636,1780281109.916955,0.2913475036621094,decode,0,0,452715,0.21028518676757812,0.7217675941080196,1
forward_start,1780281109.9185698,56,56,56,64,FULL,1780281109.9185698,1780281109.918937,0.36716461181640625,decode,1,0,452712,0.36716461181640625,1.0,1
forward_start,1780281109.9295926,57,57,57,64,FULL,1780281109.9295926,1780281109.9299104,0.3178119659423828,decode,1,0,452712,0.3178119659423828,1.0,1
forward_start,1780281109.9296486,61,61,61,64,FULL,1780281109.9296486,1780281109.929944,0.29540061950683594,decode,0,0,452715,0.29540061950683594,1.0,1
forward_start,1780281109.9419267,61,61,61,64,FULL,1780281109.9419267,1780281109.942215,0.28824806213378906,decode,0,0,452715,0.0,0.0,0
forward_start,1780281109.9419303,57,57,57,64,FULL,1780281109.9419303,1780281109.9422584,0.32806396484375,decode,1,0,452712,0.0,0.0,0
forward_start,1780281109.9549427,58,58,58,64,FULL,1780281109.9549427,1780281109.955275,0.3323554992675781,decode,1,0,452712,0.0,0.0,0
forward_start,1780281109.9549763,61,61,61,64,FULL,1780281109.9549763,1780281109.955258,0.2815723419189453,decode,0,0,452715,0.0,0.0,0
forward_start,1780281109.9672906,58,58,58,64,FULL,1780281109.9672906,1780281109.9676368,0.34618377685546875,decode,1,0,452712,0.0,0.0,0
forward_start,1780281109.9672945,61,61,61,64,FULL,1780281109.9672945,1780281109.967607,0.31256675720214844,decode,0,0,452715,0.0,0.0,0
forward_start,1780281109.9832308,61,61,61,64,FULL,1780281109.9832308,1780281109.9835346,0.3037452697753906,decode,0,0,452715,0.6074905395507812,2.0,2
forward_start,1780281109.986246,58,58,58,64,FULL,1780281109.986246,1780281109.9865792,0.3330707550048828,decode,1,0,452712,0.6661415100097656,2.0,2
forward_start,1780281109.99285,57,57,57,64,FULL,1780281109.99285,1780281109.9931679,0.3178119659423828,decode,1,0,452712,0.7479190826416016,2.353338334583646,3
forward_start,1780281109.9960778,61,61,61,64,FULL,1780281109.9960778,1780281109.9963953,0.31757354736328125,decode,0,0,452715,0.6351470947265625,2.0,2
forward_start,1780281110.005328,61,61,61,64,FULL,1780281110.005328,1780281110.0055597,0.23174285888671875,decode,0,0,452715,0.23174285888671875,1.0,1
forward_start,1780281110.0053918,57,57,57,64,FULL,1780281110.0053918,1780281110.005725,0.3330707550048828,decode,1,0,452712,0.19884109497070312,0.5969935576234788,1
forward_start,1780281110.0184815,62,62,62,64,FULL,1780281110.0184815,1780281110.0186882,0.2067089080810547,decode,0,0,452715,0.0,0.0,0
forward_start,1780281110.0185454,58,58,58,64,FULL,1780281110.0185454,1780281110.018871,0.3256797790527344,decode,1,0,452712,0.0,0.0,0
forward_start,1780281110.0306435,63,63,63,64,FULL,1780281110.0306435,1780281110.0308478,0.20432472229003906,decode,0,0,452715,0.048160552978515625,0.23570595099183198,1
forward_start,1780281110.0334663,58,58,58,64,FULL,1780281110.0334663,1780281110.0338314,0.3650188446044922,decode,1,0,452712,0.3650188446044922,1.0,1
forward_start,1780281110.0432525,63,63,63,64,FULL,1780281110.0432525,1780281110.0434783,0.2257823944091797,decode,0,0,452715,0.2257823944091797,1.0,1
forward_start,1780281110.043304,57,57,57,64,FULL,1780281110.043304,1780281110.0436685,0.36454200744628906,decode,1,0,452712,0.36454200744628906,1.0,1
forward_start,1780281110.0559006,57,57,57,64,FULL,1780281110.0559006,1780281110.0562322,0.33164024353027344,decode,1,0,452712,0.1704692840576172,0.514018691588785,1
forward_start,1780281110.059979,63,63,63,64,FULL,1780281110.059979,1780281110.0602074,0.22840499877929688,decode,0,0,452715,0.22840499877929688,1.0,1
forward_start,1780281110.0684288,63,63,63,64,FULL,1780281110.0684288,1780281110.0686338,0.20503997802734375,decode,0,0,452715,0.21409988403320312,1.044186046511628,2
forward_start,1780281110.070519,58,58,58,64,FULL,1780281110.070519,1780281110.0708904,0.3714561462402344,decode,1,0,452712,0.3714561462402344,1.0,1
forward_start,1780281110.0811203,58,58,58,64,FULL,1780281110.0811203,1780281110.0814636,0.34332275390625,decode,1,0,452712,0.34332275390625,1.0,1
forward_start,1780281110.087829,63,63,63,64,FULL,1780281110.087829,1780281110.088139,0.30994415283203125,decode,0,0,452715,0.30994415283203125,1.0,1
forward_start,1780281110.0938783,64,64,64,64,FULL,1780281110.0938783,1780281110.094085,0.2067089080810547,decode,0,0,452715,0.2200603485107422,1.0645905420991926,2
forward_start,1780281110.0959163,58,58,58,64,FULL,1780281110.0959163,1780281110.0962741,0.3578662872314453,decode,1,0,452712,0.3578662872314453,1.0,1
forward_start,1780281110.1061625,64,64,64,64,FULL,1780281110.1061625,1780281110.106393,0.23055076599121094,decode,0,0,452715,0.23055076599121094,1.0,1
forward_start,1780281110.1063187,59,59,59,64,FULL,1780281110.1063187,1780281110.1066747,0.3559589385986328,decode,1,0,452712,0.3559589385986328,1.0,1
forward_start,1780281110.1188822,65,65,65,72,FULL,1780281110.1188822,1780281110.1192796,0.3974437713623047,decode,0,0,452715,0.0,0.0,0
forward_start,1780281110.11893,59,59,59,72,FULL,1780281110.11893,1780281110.119313,0.3829002380371094,decode,1,0,452712,0.0,0.0,0
forward_start,1780281110.1316094,64,64,64,64,FULL,1780281110.1316094,1780281110.131811,0.2014636993408203,decode,0,0,452715,0.0,0.0,0
forward_start,1780281110.131712,59,59,59,64,FULL,1780281110.131712,1780281110.1320398,0.32782554626464844,decode,1,0,452712,0.0,0.0,0
forward_start,1780281110.144317,64,64,64,64,FULL,1780281110.144317,1780281110.1445358,0.21886825561523438,decode,0,0,452715,0.03910064697265625,0.1786492374727669,1
forward_start,1780281110.1463604,59,59,59,64,FULL,1780281110.1463604,1780281110.1467228,0.362396240234375,decode,1,0,452712,0.362396240234375,1.0,1
forward_start,1780281110.157015,63,63,63,64,FULL,1780281110.157015,1780281110.1572611,0.2460479736328125,decode,0,0,452715,0.2460479736328125,1.0,1
forward_start,1780281110.1570349,59,59,59,64,FULL,1780281110.1570349,1780281110.1573756,0.3407001495361328,decode,1,0,452712,0.3407001495361328,1.0,1
forward_start,1780281110.1692932,63,63,63,64,FULL,1780281110.1692932,1780281110.1695237,0.23055076599121094,decode,0,0,452715,0.0,0.0,0
forward_start,1780281110.1693232,59,59,59,64,FULL,1780281110.1693232,1780281110.1696813,0.3581047058105469,decode,1,0,452712,0.0,0.0,0
forward_start,1780281110.182116,63,63,63,64,FULL,1780281110.182116,1780281110.1823235,0.20742416381835938,decode,0,0,452715,0.0,0.0,0
forward_start,1780281110.1859949,60,60,60,64,FULL,1780281110.1859949,1780281110.186372,0.3771781921386719,decode,1,0,452712,0.3771781921386719,1.0,1
forward_start,1780281110.194445,63,63,63,64,FULL,1780281110.194445,1780281110.194649,0.2040863037109375,decode,0,0,452715,0.2040863037109375,1.0,1
forward_start,1780281110.1945128,60,60,60,64,FULL,1780281110.1945128,1780281110.1948411,0.32830238342285156,decode,1,0,452712,0.32830238342285156,1.0,1
forward_start,1780281110.2070742,63,63,63,64,FULL,1780281110.2070742,1780281110.2072895,0.21529197692871094,decode,0,0,452715,0.0,0.0,0
forward_start,1780281110.2072384,60,60,60,64,FULL,1780281110.2072384,1780281110.2075875,0.3490447998046875,decode,1,0,452712,0.0,0.0,0
forward_start,1780281110.2198586,63,63,63,64,FULL,1780281110.2198586,1780281110.220049,0.19025802612304688,decode,0,0,452715,0.0,0.0,0
forward_start,1780281110.219966,61,61,61,64,FULL,1780281110.219966,1780281110.2202935,0.3275871276855469,decode,1,0,452712,0.0,0.0,0
forward_start,1780281110.232321,63,63,63,64,FULL,1780281110.232321,1780281110.2325356,0.21457672119140625,decode,0,0,452715,0.0,0.0,0
forward_start,1780281110.232474,61,61,61,64,FULL,1780281110.232474,1780281110.2328,0.32591819763183594,decode,1,0,452712,0.0,0.0,0
forward_start,1780281110.2450047,63,63,63,64,FULL,1780281110.2450047,1780281110.2452013,0.19669532775878906,decode,0,0,452715,0.0,0.0,0
forward_start,1780281110.24507,61,61,61,64,FULL,1780281110.24507,1780281110.2454245,0.35452842712402344,decode,1,0,452712,0.0,0.0,0
forward_start,1780281110.2576885,63,63,63,64,FULL,1780281110.2576885,1780281110.2578878,0.19931793212890625,decode,0,0,452715,0.0,0.0,0
forward_start,1780281110.2577374,61,61,61,64,FULL,1780281110.2577374,1780281110.258066,0.3285408020019531,decode,1,0,452712,0.0,0.0,0
forward_start,1780281110.2702975,61,61,61,64,FULL,1780281110.2702975,1780281110.2706442,0.3466606140136719,decode,1,0,452712,0.0,0.0,0
forward_start,1780281110.2810602,63,63,63,64,FULL,1780281110.2810602,1780281110.2813313,0.27108192443847656,decode,0,0,452715,0.27108192443847656,1.0,1
forward_start,1780281110.2841227,63,63,63,64,FULL,1780281110.2841227,1780281110.2844086,0.28586387634277344,decode,0,0,452715,0.4317760467529297,1.5104253544620516,2
forward_start,1780281110.284814,61,61,61,64,FULL,1780281110.284814,1780281110.2851746,0.36072731018066406,decode,1,0,452712,0.7214546203613281,2.0,2
forward_start,1780281110.2960536,63,63,63,64,FULL,1780281110.2960536,1780281110.2962544,0.20074844360351562,decode,0,0,452715,0.20074844360351562,1.0,1
forward_start,1780281110.2961314,61,61,61,64,FULL,1780281110.2961314,1780281110.2964847,0.3533363342285156,decode,1,0,452712,0.1633167266845703,0.4622132253711201,1
forward_start,1780281110.3088977,63,63,63,64,FULL,1780281110.3088977,1780281110.309101,0.2033710479736328,decode,0,0,452715,0.0,0.0,0
forward_start,1780281110.3089504,62,62,62,64,FULL,1780281110.3089504,1780281110.3092802,0.32973289489746094,decode,1,0,452712,0.0,0.0,0
forward_start,1780281110.3214562,64,64,64,64,FULL,1780281110.3214562,1780281110.3216624,0.20623207092285156,decode,0,0,452715,0.0,0.0,0
forward_start,1780281110.3215537,62,62,62,64,FULL,1780281110.3215537,1780281110.321884,0.33020973205566406,decode,1,0,452712,0.0,0.0,0
forward_start,1780281110.33404,64,64,64,64,FULL,1780281110.33404,1780281110.3342392,0.19931793212890625,decode,0,0,452715,0.0,0.0,0
forward_start,1780281110.3341084,62,62,62,64,FULL,1780281110.3341084,1780281110.3344555,0.347137451171875,decode,1,0,452712,0.0,0.0,0
forward_start,1780281110.3463879,64,64,64,64,FULL,1780281110.3463879,1780281110.3465905,0.20265579223632812,decode,0,0,452715,0.0,0.0,0
forward_start,1780281110.3464918,62,62,62,64,FULL,1780281110.3464918,1780281110.3468325,0.3407001495361328,decode,1,0,452712,0.0,0.0,0
forward_start,1780281110.3593235,64,64,64,64,FULL,1780281110.3593235,1780281110.359545,0.22149085998535156,decode,0,0,452715,0.0,0.0,0
forward_start,1780281110.3676758,62,62,62,64,FULL,1780281110.3676758,1780281110.3680036,0.32782554626464844,decode,1,0,452712,0.6556510925292969,2.0,2
forward_start,1780281110.371469,64,64,64,64,FULL,1780281110.371469,1780281110.3716683,0.19931793212890625,decode,0,0,452715,0.19931793212890625,1.0,1
forward_start,1780281110.3715832,62,62,62,64,FULL,1780281110.3715832,1780281110.3718903,0.3070831298828125,decode,1,0,452712,0.3070831298828125,1.0,1
forward_start,1780281110.3864403,63,63,63,64,FULL,1780281110.3864403,1780281110.3868065,0.3662109375,decode,1,0,452712,1.0986328125,3.0,3
forward_start,1780281110.3913827,64,64,64,64,FULL,1780281110.3913827,1780281110.3916178,0.23508071899414062,decode,0,0,452715,0.47016143798828125,2.0,2
forward_start,1780281110.3967373,64,64,64,64,FULL,1780281110.3967373,1780281110.396941,0.20360946655273438,decode,0,0,452715,0.40721893310546875,2.0,2
forward_start,1780281110.3968558,63,63,63,64,FULL,1780281110.3968558,1780281110.397186,0.33020973205566406,decode,1,0,452712,0.6604194641113281,2.0,2
forward_start,1780281110.4098554,64,64,64,64,FULL,1780281110.4098554,1780281110.4100473,0.1919269561767578,decode,0,0,452715,0.1919269561767578,1.0,1
forward_start,1780281110.409942,64,64,64,64,FULL,1780281110.409942,1780281110.4102736,0.33164024353027344,decode,1,0,452712,0.14495849609375,0.4370956146657081,1
forward_start,1780281110.4224935,64,64,64,72,FULL,1780281110.4224935,1780281110.4228811,0.3876686096191406,decode,0,0,452715,0.0,0.0,0
forward_start,1780281110.4225597,65,65,65,72,FULL,1780281110.4225597,1780281110.4229445,0.3848075866699219,decode,1,0,452712,0.0,0.0,0
forward_start,1780281110.4348264,65,65,65,72,FULL,1780281110.4348264,1780281110.4350822,0.25582313537597656,decode,0,0,452715,0.0,0.0,0
forward_start,1780281110.4348717,65,65,65,72,FULL,1780281110.4348717,1780281110.435231,0.3592967987060547,decode,1,0,452712,0.0,0.0,0
forward_start,1780281110.4476306,64,64,64,72,FULL,1780281110.4476306,1780281110.4478803,0.24962425231933594,decode,0,0,452715,0.0,0.0,0
forward_start,1780281110.4476914,65,65,65,72,FULL,1780281110.4476914,1780281110.4480274,0.33593177795410156,decode,1,0,452712,0.0,0.0,0
forward_start,1780281110.4606974,64,64,64,72,FULL,1780281110.4606974,1780281110.4609373,0.23984909057617188,decode,0,0,452715,0.0,0.0,0
forward_start,1780281110.4770343,65,65,65,72,FULL,1780281110.4770343,1780281110.4772613,0.2269744873046875,decode,1,0,452712,0.2269744873046875,1.0,1
forward_start,1780281110.4803596,65,65,65,72,FULL,1780281110.4803596,1780281110.480669,0.3094673156738281,decode,1,0,452712,0.4699230194091797,1.5184899845916795,2
forward_start,1780281110.4822016,63,63,63,72,FULL,1780281110.4822016,1780281110.482456,0.2543926239013672,decode,0,0,452715,0.5087852478027344,2.0,2
forward_start,1780281110.4925275,63,63,63,72,FULL,1780281110.4925275,1780281110.4927561,0.22864341735839844,decode,0,0,452715,0.4572868347167969,2.0,2
forward_start,1780281110.4925313,65,65,65,72,FULL,1780281110.4925313,1780281110.4928625,0.3311634063720703,decode,1,0,452712,0.5893707275390625,1.7796976241900648,2
forward_start,1780281110.5053992,63,63,63,72,FULL,1780281110.5053992,1780281110.5056078,0.2086162567138672,decode,0,0,452715,0.0,0.0,0
forward_start,1780281110.5055115,65,65,65,72,FULL,1780281110.5055115,1780281110.5058439,0.3323554992675781,decode,1,0,452712,0.0,0.0,0
forward_start,1780281110.5188503,64,64,64,72,FULL,1780281110.5188503,1780281110.519115,0.2646446228027344,decode,0,0,452715,0.0,0.0,0
forward_start,1780281110.518888,66,66,66,72,FULL,1780281110.518888,1780281110.5192506,0.36263465881347656,decode,1,0,452712,0.0,0.0,0
forward_start,1780281110.531248,64,64,64,72,FULL,1780281110.531248,1780281110.5314724,0.2243518829345703,decode,0,0,452715,0.0,0.0,0
forward_start,1780281110.5312974,66,66,66,72,FULL,1780281110.5312974,1780281110.5316458,0.3483295440673828,decode,1,0,452712,0.0,0.0,0
forward_start,1780281110.544154,64,64,64,72,FULL,1780281110.544154,1780281110.5443795,0.22554397583007812,decode,0,0,452715,0.0,0.0,0
forward_start,1780281110.5442243,66,66,66,72,FULL,1780281110.5442243,1780281110.54458,0.35572052001953125,decode,1,0,452712,0.0,0.0,0
forward_start,1780281110.5571327,66,66,66,72,FULL,1780281110.5571327,1780281110.5574915,0.35881996154785156,decode,1,0,452712,0.0,0.0,0
forward_start,1780281110.5688171,64,64,64,72,FULL,1780281110.5688171,1780281110.5691118,0.29468536376953125,decode,0,0,452715,0.29468536376953125,1.0,1
forward_start,1780281110.5721364,65,65,65,72,FULL,1780281110.5721364,1780281110.572486,0.3495216369628906,decode,1,0,452712,0.3495216369628906,1.0,1
forward_start,1780281110.5821953,64,64,64,72,FULL,1780281110.5821953,1780281110.5824337,0.2384185791015625,decode,0,0,452715,0.476837158203125,2.0,2
forward_start,1780281110.585128,64,64,64,72,FULL,1780281110.585128,1780281110.5853739,0.24580955505371094,decode,0,0,452715,0.5369186401367188,2.1842870999030066,3
forward_start,1780281110.587151,65,65,65,72,FULL,1780281110.587151,1780281110.5875251,0.37407875061035156,decode,1,0,452712,0.7481575012207031,2.0,2
forward_start,1780281110.597642,64,64,64,72,FULL,1780281110.597642,1780281110.5978737,0.23174285888671875,decode,0,0,452715,0.4634857177734375,2.0,2
forward_start,1780281110.5977063,65,65,65,72,FULL,1780281110.5977063,1780281110.5980413,0.3349781036376953,decode,1,0,452712,0.5393028259277344,1.609964412811388,2
forward_start,1780281110.6107492,65,65,65,72,FULL,1780281110.6107492,1780281110.610962,0.21266937255859375,decode,0,0,452715,0.0,0.0,0
forward_start,1780281110.6159325,65,65,65,72,FULL,1780281110.6159325,1780281110.616248,0.3154277801513672,decode,1,0,452712,0.3154277801513672,1.0,1
forward_start,1780281110.6236823,66,66,66,72,FULL,1780281110.6236823,1780281110.624013,0.3306865692138672,decode,1,0,452712,0.5469322204589844,1.6539293439077145,2
forward_start,1780281110.6264985,66,66,66,72,FULL,1780281110.6264985,1780281110.6267288,0.23031234741210938,decode,0,0,452715,0.23031234741210938,1.0,1
forward_start,1780281110.6363344,66,66,66,72,FULL,1780281110.6363344,1780281110.6365542,0.21982192993164062,decode,0,0,452715,0.25343894958496094,1.1529284164859002,2
forward_start,1780281110.6383603,66,66,66,72,FULL,1780281110.6383603,1780281110.63874,0.37980079650878906,decode,1,0,452712,0.37980079650878906,1.0,1
forward_start,1780281110.6496181,66,66,66,72,FULL,1780281110.6496181,1780281110.649816,0.19788742065429688,decode,0,0,452715,0.19788742065429688,1.0,1
forward_start,1780281110.6496856,67,67,67,72,FULL,1780281110.6496856,1780281110.6500158,0.33020973205566406,decode,1,0,452712,0.33020973205566406,1.0,1
forward_start,1780281110.6626017,66,66,66,72,FULL,1780281110.6626017,1780281110.6629326,0.33092498779296875,decode,1,0,452712,0.32401084899902344,0.979106628242075,1
forward_start,1780281110.6631877,66,66,66,72,FULL,1780281110.6631877,1780281110.6634324,0.24461746215820312,decode,0,0,452715,0.24461746215820312,1.0,1
forward_start,1780281110.675465,66,66,66,72,FULL,1780281110.675465,1780281110.6756737,0.2086162567138672,decode,0,0,452715,0.2086162567138672,1.0,1
forward_start,1780281110.6755397,67,67,67,72,FULL,1780281110.6755397,1780281110.6758838,0.3440380096435547,decode,1,0,452712,0.16689300537109375,0.4851004851004851,1
forward_start,1780281110.688246,66,66,66,72,FULL,1780281110.688246,1780281110.6884665,0.2205371856689453,decode,0,0,452715,0.0,0.0,0
forward_start,1780281110.6883032,67,67,67,72,FULL,1780281110.6883032,1780281110.6886516,0.3483295440673828,decode,1,0,452712,0.0,0.0,0
forward_start,1780281110.7012157,67,67,67,72,FULL,1780281110.7012157,1780281110.7014425,0.22673606872558594,decode,0,0,452715,0.0,0.0,0
forward_start,1780281110.7012892,67,67,67,72,FULL,1780281110.7012892,1780281110.7016473,0.3581047058105469,decode,1,0,452712,0.0,0.0,0
forward_start,1780281110.7141533,67,67,67,72,FULL,1780281110.7141533,1780281110.714386,0.232696533203125,decode,0,0,452715,0.0,0.0,0
forward_start,1780281110.7142706,67,67,67,72,FULL,1780281110.7142706,1780281110.7146146,0.3440380096435547,decode,1,0,452712,0.0,0.0,0
forward_start,1780281110.727155,67,67,67,72,FULL,1780281110.727155,1780281110.7273784,0.22339820861816406,decode,0,0,452715,0.0,0.0,0
forward_start,1780281110.7272215,67,67,67,72,FULL,1780281110.7272215,1780281110.7275658,0.34427642822265625,decode,1,0,452712,0.0,0.0,0
forward_start,1780281110.7401102,66,66,66,72,FULL,1780281110.7401102,1780281110.7403095,0.19931793212890625,decode,0,0,452715,0.0,0.0,0
forward_start,1780281110.7401776,67,67,67,72,FULL,1780281110.7401776,1780281110.7405334,0.35572052001953125,decode,1,0,452712,0.0,0.0,0
forward_start,1780281110.7530618,66,66,66,72,FULL,1780281110.7530618,1780281110.75326,0.19812583923339844,decode,0,0,452715,0.0,0.0,0
forward_start,1780281110.753132,67,67,67,72,FULL,1780281110.753132,1780281110.7534838,0.3516674041748047,decode,1,0,452712,0.0,0.0,0
forward_start,1780281110.766508,67,67,67,72,FULL,1780281110.766508,1780281110.7668486,0.34046173095703125,decode,1,0,452712,0.28896331787109375,0.8487394957983193,1
forward_start,1780281110.7696838,66,66,66,72,FULL,1780281110.7696838,1780281110.7699003,0.21648406982421875,decode,0,0,452715,0.21648406982421875,1.0,1
forward_start,1780281110.7794557,66,66,66,72,FULL,1780281110.7794557,1780281110.7796655,0.209808349609375,decode,0,0,452715,0.209808349609375,1.0,1
forward_start,1780281110.7794998,67,67,67,72,FULL,1780281110.7794998,1780281110.7798228,0.3230571746826172,decode,1,0,452712,0.19979476928710938,0.618450184501845,1
forward_start,1780281110.7921295,66,66,66,72,FULL,1780281110.7921295,1780281110.7923324,0.2028942108154297,decode,0,0,452715,0.0,0.0,0
forward_start,1780281110.7922041,67,67,67,72,FULL,1780281110.7922041,1780281110.7925637,0.35953521728515625,decode,1,0,452712,0.0,0.0,0
forward_start,1780281110.8053071,67,67,67,72,FULL,1780281110.8053071,1780281110.8056552,0.34809112548828125,decode,1,0,452712,0.0,0.0,0
forward_start,1780281110.805541,67,67,67,72,FULL,1780281110.805541,1780281110.8057518,0.21076202392578125,decode,0,0,452715,0.0,0.0,0
forward_start,1780281110.8178947,67,67,67,72,FULL,1780281110.8178947,1780281110.8181047,0.21004676818847656,decode,0,0,452715,0.0,0.0,0
forward_start,1780281110.8179395,67,67,67,72,FULL,1780281110.8179395,1780281110.8182817,0.3421306610107422,decode,1,0,452712,0.0,0.0,0
forward_start,1780281110.831358,66,66,66,72,FULL,1780281110.831358,1780281110.8315716,0.213623046875,decode,0,0,452715,0.0,0.0,0
forward_start,1780281110.831419,67,67,67,72,FULL,1780281110.831419,1780281110.8317513,0.3323554992675781,decode,1,0,452712,0.0,0.0,0
forward_start,1780281110.8446474,66,66,66,72,FULL,1780281110.8446474,1780281110.8448844,0.23698806762695312,decode,0,0,452715,0.0,0.0,0
forward_start,1780281110.8446572,67,67,67,72,FULL,1780281110.8446572,1780281110.8449788,0.3216266632080078,decode,1,0,452712,0.0,0.0,0
forward_start,1780281110.857082,66,66,66,72,FULL,1780281110.857082,1780281110.857301,0.21910667419433594,decode,0,0,452715,0.0,0.0,0
forward_start,1780281110.8571086,67,67,67,72,FULL,1780281110.8571086,1780281110.8574493,0.3407001495361328,decode,1,0,452712,0.0,0.0,0
forward_start,1780281110.8698792,66,66,66,72,FULL,1780281110.8698792,1780281110.870095,0.21576881408691406,decode,0,0,452715,0.0,0.0,0
forward_start,1780281110.8699164,66,66,66,72,FULL,1780281110.8699164,1780281110.870238,0.3216266632080078,decode,1,0,452712,0.0,0.0,0
forward_start,1780281110.883059,66,66,66,72,FULL,1780281110.883059,1780281110.883408,0.3490447998046875,decode,1,0,452712,0.0,0.0,0
forward_start,1780281110.883078,66,66,66,72,FULL,1780281110.883078,1780281110.8833,0.2219676971435547,decode,0,0,452715,0.0,0.0,0
forward_start,1780281110.8957126,66,66,66,72,FULL,1780281110.8957126,1780281110.8960273,0.3147125244140625,decode,1,0,452712,0.0,0.0,0
forward_start,1780281110.895764,66,66,66,72,FULL,1780281110.895764,1780281110.895976,0.21195411682128906,decode,0,0,452715,0.0,0.0,0
forward_start,1780281110.9089096,66,66,66,72,FULL,1780281110.9089096,1780281110.909243,0.33354759216308594,decode,1,0,452712,0.0,0.0,0
forward_start,1780281110.9089255,66,66,66,72,FULL,1780281110.9089255,1780281110.9091496,0.22411346435546875,decode,0,0,452715,0.0,0.0,0
forward_start,1780281110.921495,66,66,66,72,FULL,1780281110.921495,1780281110.9217422,0.2472400665283203,decode,0,0,452715,0.0,0.0,0
forward_start,1780281110.9215107,66,66,66,72,FULL,1780281110.9215107,1780281110.9218357,0.3249645233154297,decode,1,0,452712,0.0,0.0,0
forward_start,1780281110.9343724,66,66,66,72,FULL,1780281110.9343724,1780281110.9346285,0.2560615539550781,decode,0,0,452715,0.0,0.0,0
forward_start,1780281110.934419,66,66,66,72,FULL,1780281110.934419,1780281110.934734,0.3151893615722656,decode,1,0,452712,0.0,0.0,0
forward_start,1780281110.9472067,66,66,66,72,FULL,1780281110.9472067,1780281110.9474564,0.24962425231933594,decode,0,0,452715,0.0,0.0,0
forward_start,1780281110.9472141,66,66,66,72,FULL,1780281110.9472141,1780281110.9475543,0.3402233123779297,decode,1,0,452712,0.0,0.0,0
forward_start,1780281110.9600794,66,66,66,72,FULL,1780281110.9600794,1780281110.9604316,0.3521442413330078,decode,1,0,452712,0.3368854522705078,0.956668923493568,1
forward_start,1780281110.9606853,66,66,66,72,FULL,1780281110.9606853,1780281110.9609084,0.2231597900390625,decode,0,0,452715,0.2231597900390625,1.0,1
forward_start,1780281110.9730017,66,66,66,72,FULL,1780281110.9730017,1780281110.9732196,0.21791458129882812,decode,0,0,452715,0.21791458129882812,1.0,1
forward_start,1780281110.9731216,66,66,66,72,FULL,1780281110.9731216,1780281110.9734771,0.3554821014404297,decode,1,0,452712,0.1289844512939453,0.36284372904091217,1
forward_start,1780281110.986061,66,66,66,72,FULL,1780281110.986061,1780281110.9862669,0.20575523376464844,decode,0,0,452715,0.0,0.0,0
forward_start,1780281110.9861135,66,66,66,72,FULL,1780281110.9861135,1780281110.9864578,0.34427642822265625,decode,1,0,452712,0.0,0.0,0
forward_start,1780281110.9989305,66,66,66,72,FULL,1780281110.9989305,1780281110.9992485,0.3180503845214844,decode,1,0,452712,0.0,0.0,0
forward_start,1780281110.9991791,67,67,67,72,FULL,1780281110.9991791,1780281110.9994133,0.23412704467773438,decode,0,0,452715,0.0,0.0,0
forward_start,1780281111.0117712,67,67,67,72,FULL,1780281111.0117712,1780281111.0119743,0.20313262939453125,decode,0,0,452715,0.0,0.0,0
forward_start,1780281111.0117972,66,66,66,72,FULL,1780281111.0117972,1780281111.01213,0.33283233642578125,decode,1,0,452712,0.0,0.0,0
forward_start,1780281111.0246127,67,67,67,72,FULL,1780281111.0246127,1780281111.0248175,0.2048015594482422,decode,0,0,452715,0.0,0.0,0
forward_start,1780281111.0246437,66,66,66,72,FULL,1780281111.0246437,1780281111.0249722,0.3285408020019531,decode,1,0,452712,0.0,0.0,0
forward_start,1780281111.0379388,65,65,65,72,FULL,1780281111.0379388,1780281111.0382702,0.3314018249511719,decode,1,0,452712,0.0026226043701171875,0.007913669064748202,1
forward_start,1780281111.0492992,67,67,67,72,FULL,1780281111.0492992,1780281111.0496142,0.31495094299316406,decode,0,0,452715,0.31495094299316406,1.0,1
forward_start,1780281111.052817,67,67,67,72,FULL,1780281111.052817,1780281111.0531335,0.31638145446777344,decode,0,0,452715,0.48232078552246094,1.5244913338357198,2
forward_start,1780281111.0616987,65,65,65,72,FULL,1780281111.0616987,1780281111.0620854,0.3867149353027344,decode,1,0,452712,0.7734298706054688,2.0,2
forward_start,1780281111.0652025,65,65,65,72,FULL,1780281111.0652025,1780281111.0655708,0.36835670471191406,decode,1,0,452712,1.0118484497070312,2.746925566343042,3
forward_start,1780281111.068767,67,67,67,72,FULL,1780281111.068767,1780281111.0689752,0.20813941955566406,decode,0,0,452715,0.4162788391113281,2.0,2
forward_start,1780281111.0781853,66,66,66,72,FULL,1780281111.0781853,1780281111.078427,0.24175643920898438,decode,0,0,452715,0.24175643920898438,1.0,1
forward_start,1780281111.078258,65,65,65,72,FULL,1780281111.078258,1780281111.0786004,0.34236907958984375,decode,1,0,452712,0.34236907958984375,1.0,1
forward_start,1780281111.0908444,68,68,68,72,FULL,1780281111.0908444,1780281111.0910468,0.20241737365722656,decode,0,0,452715,0.0,0.0,0
forward_start,1780281111.090853,65,65,65,72,FULL,1780281111.090853,1780281111.0911863,0.3333091735839844,decode,1,0,452712,0.0,0.0,0
forward_start,1780281111.1037674,68,68,68,72,FULL,1780281111.1037674,1780281111.103968,0.20051002502441406,decode,0,0,452715,0.0,0.0,0
forward_start,1780281111.1038144,65,65,65,72,FULL,1780281111.1038144,1780281111.1041422,0.32782554626464844,decode,1,0,452712,0.0,0.0,0
forward_start,1780281111.1167846,68,68,68,72,FULL,1780281111.1167846,1780281111.1169968,0.21219253540039062,decode,0,0,452715,0.0,0.0,0
forward_start,1780281111.1167974,65,65,65,72,FULL,1780281111.1167974,1780281111.1171274,0.3299713134765625,decode,1,0,452712,0.0,0.0,0
forward_start,1780281111.129651,67,67,67,72,FULL,1780281111.129651,1780281111.129878,0.2269744873046875,decode,0,0,452715,0.0,0.0,0
forward_start,1780281111.129686,65,65,65,72,FULL,1780281111.129686,1780281111.1300106,0.32448768615722656,decode,1,0,452712,0.0,0.0,0
forward_start,1780281111.1426413,65,65,65,72,FULL,1780281111.1426413,1780281111.1429665,0.32520294189453125,decode,1,0,452712,0.0,0.0,0
forward_start,1780281111.1426756,67,67,67,72,FULL,1780281111.1426756,1780281111.1428936,0.21791458129882812,decode,0,0,452715,0.0,0.0,0
forward_start,1780281111.1554456,65,65,65,72,FULL,1780281111.1554456,1780281111.1557677,0.32210350036621094,decode,1,0,452712,0.0,0.0,0
forward_start,1780281111.155471,67,67,67,72,FULL,1780281111.155471,1780281111.1556878,0.2167224884033203,decode,0,0,452715,0.0,0.0,0
forward_start,1780281111.1688552,67,67,67,72,FULL,1780281111.1688552,1780281111.1690557,0.20051002502441406,decode,0,0,452715,0.0,0.0,0
forward_start,1780281111.1688776,65,65,65,72,FULL,1780281111.1688776,1780281111.1692061,0.3285408020019531,decode,1,0,452712,0.0,0.0,0
forward_start,1780281111.181223,67,67,67,72,FULL,1780281111.181223,1780281111.181471,0.24819374084472656,decode,0,0,452715,0.0,0.0,0
forward_start,1780281111.181265,65,65,65,72,FULL,1780281111.181265,1780281111.181617,0.35190582275390625,decode,1,0,452712,0.0,0.0,0
forward_start,1780281111.1944606,67,67,67,72,FULL,1780281111.1944606,1780281111.1946924,0.23174285888671875,decode,0,0,452715,0.0,0.0,0
forward_start,1780281111.1945095,64,64,64,72,FULL,1780281111.1945095,1780281111.1948357,0.3261566162109375,decode,1,0,452712,0.0,0.0,0
forward_start,1780281111.2068284,67,67,67,72,FULL,1780281111.2068284,1780281111.207027,0.19860267639160156,decode,0,0,452715,0.0,0.0,0
forward_start,1780281111.206854,64,64,64,72,FULL,1780281111.206854,1780281111.2071805,0.32639503479003906,decode,1,0,452712,0.0,0.0,0
forward_start,1780281111.2199836,64,64,64,72,FULL,1780281111.2199836,1780281111.220303,0.31948089599609375,decode,1,0,452712,0.0,0.0,0
forward_start,1780281111.220044,67,67,67,72,FULL,1780281111.220044,1780281111.2202592,0.21529197692871094,decode,0,0,452715,0.0,0.0,0
forward_start,1780281111.2327485,64,64,64,72,FULL,1780281111.2327485,1780281111.2330682,0.3197193145751953,decode,1,0,452712,0.0,0.0,0
forward_start,1780281111.2327504,67,67,67,72,FULL,1780281111.2327504,1780281111.232957,0.20647048950195312,decode,0,0,452715,0.0,0.0,0
forward_start,1780281111.246085,67,67,67,72,FULL,1780281111.246085,1780281111.2462807,0.1957416534423828,decode,0,0,452715,0.0,0.0,0
forward_start,1780281111.2461352,64,64,64,72,FULL,1780281111.2461352,1780281111.2464802,0.34499168395996094,decode,1,0,452712,0.0,0.0,0
forward_start,1780281111.2593005,67,67,67,72,FULL,1780281111.2593005,1780281111.2595382,0.2377033233642578,decode,0,0,452715,0.0,0.0,0
forward_start,1780281111.259371,64,64,64,72,FULL,1780281111.259371,1780281111.2597084,0.33736228942871094,decode,1,0,452712,0.0,0.0,0
forward_start,1780281111.2721593,67,67,67,72,FULL,1780281111.2721593,1780281111.2723978,0.2384185791015625,decode,0,0,452715,0.07510185241699219,0.315,1
forward_start,1780281111.2754908,64,64,64,72,FULL,1780281111.2754908,1780281111.2758248,0.33402442932128906,decode,1,0,452712,0.33402442932128906,1.0,1
forward_start,1780281111.2847395,64,64,64,72,FULL,1780281111.2847395,1780281111.2850614,0.3218650817871094,decode,1,0,452712,0.3218650817871094,1.0,1
forward_start,1780281111.2847593,67,67,67,72,FULL,1780281111.2847593,1780281111.2849712,0.21195411682128906,decode,0,0,452715,0.21195411682128906,1.0,1
forward_start,1780281111.2979002,66,66,66,72,FULL,1780281111.2979002,1780281111.2981038,0.20360946655273438,decode,0,0,452715,0.0,0.0,0
forward_start,1780281111.297923,64,64,64,72,FULL,1780281111.297923,1780281111.2982507,0.3275871276855469,decode,1,0,452712,0.0,0.0,0
forward_start,1780281111.3109844,66,66,66,72,FULL,1780281111.3109844,1780281111.311192,0.20766258239746094,decode,0,0,452715,0.0,0.0,0
forward_start,1780281111.3110125,64,64,64,72,FULL,1780281111.3110125,1780281111.311358,0.34546852111816406,decode,1,0,452712,0.0,0.0,0
forward_start,1780281111.3238435,66,66,66,72,FULL,1780281111.3238435,1780281111.3240526,0.2090930938720703,decode,0,0,452715,0.0,0.0,0
forward_start,1780281111.3238814,64,64,64,72,FULL,1780281111.3238814,1780281111.3242028,0.32138824462890625,decode,1,0,452712,0.0,0.0,0
forward_start,1780281111.3365266,64,64,64,72,FULL,1780281111.3365266,1780281111.3368516,0.3249645233154297,decode,1,0,452712,0.0,0.0,0
forward_start,1780281111.3365424,66,66,66,72,FULL,1780281111.3365424,1780281111.336749,0.2067089080810547,decode,0,0,452715,0.0,0.0,0
forward_start,1780281111.349779,64,64,64,72,FULL,1780281111.349779,1780281111.3500931,0.3142356872558594,decode,1,0,452712,0.0,0.0,0
forward_start,1780281111.3498375,66,66,66,72,FULL,1780281111.3498375,1780281111.3500493,0.2117156982421875,decode,0,0,452715,0.0,0.0,0
forward_start,1780281111.3623896,66,66,66,72,FULL,1780281111.3623896,1780281111.3626132,0.22363662719726562,decode,0,0,452715,0.0,0.0,0
forward_start,1780281111.3624315,64,64,64,72,FULL,1780281111.3624315,1780281111.3627522,0.32067298889160156,decode,1,0,452712,0.0,0.0,0
forward_start,1780281111.3754714,65,65,65,72,FULL,1780281111.3754714,1780281111.3756797,0.20837783813476562,decode,0,0,452715,0.03600120544433594,0.17276887871853547,1
forward_start,1780281111.3780334,64,64,64,72,FULL,1780281111.3780334,1780281111.3783934,0.3600120544433594,decode,1,0,452712,0.3600120544433594,1.0,1
forward_start,1780281111.3881054,65,65,65,72,FULL,1780281111.3881054,1780281111.3883073,0.20194053649902344,decode,0,0,452715,0.20194053649902344,1.0,1
forward_start,1780281111.3881521,64,64,64,72,FULL,1780281111.3881521,1780281111.3884919,0.33974647521972656,decode,1,0,452712,0.33974647521972656,1.0,1
forward_start,1780281111.4011307,65,65,65,72,FULL,1780281111.4011307,1780281111.401335,0.20432472229003906,decode,0,0,452715,0.0,0.0,0
forward_start,1780281111.401174,64,64,64,72,FULL,1780281111.401174,1780281111.4015286,0.35452842712402344,decode,1,0,452712,0.0,0.0,0
forward_start,1780281111.4147015,65,65,65,72,FULL,1780281111.4147015,1780281111.4150267,0.32520294189453125,decode,1,0,452712,0.0,0.0,0
forward_start,1780281111.4147172,65,65,65,72,FULL,1780281111.4147172,1780281111.4149358,0.2186298370361328,decode,0,0,452715,0.0,0.0,0
forward_start,1780281111.4269462,65,65,65,72,FULL,1780281111.4269462,1780281111.4271405,0.19431114196777344,decode,0,0,452715,0.0,0.0,0
forward_start,1780281111.4269621,65,65,65,72,FULL,1780281111.4269621,1780281111.4272933,0.3311634063720703,decode,1,0,452712,0.0,0.0,0
forward_start,1780281111.4399302,65,65,65,72,FULL,1780281111.4399302,1780281111.4401238,0.19359588623046875,decode,0,0,452715,0.0,0.0,0
forward_start,1780281111.4399533,65,65,65,72,FULL,1780281111.4399533,1780281111.440282,0.3287792205810547,decode,1,0,452712,0.0,0.0,0
forward_start,1780281111.4526997,65,65,65,72,FULL,1780281111.4526997,1780281111.4529028,0.20313262939453125,decode,0,0,452715,0.0,0.0,0
forward_start,1780281111.454501,65,65,65,72,FULL,1780281111.454501,1780281111.4548297,0.3287792205810547,decode,1,0,452712,0.3287792205810547,1.0,1
forward_start,1780281111.4656043,65,65,65,72,FULL,1780281111.4656043,1780281111.4659407,0.3364086151123047,decode,1,0,452712,0.5714893341064453,1.6987951807228916,2
forward_start,1780281111.474629,65,65,65,72,FULL,1780281111.474629,1780281111.4748554,0.22649765014648438,decode,0,0,452715,0.22649765014648438,1.0,1
forward_start,1780281111.479007,65,65,65,72,FULL,1780281111.479007,1780281111.4793217,0.3147125244140625,decode,0,0,452715,0.3147125244140625,1.0,1
forward_start,1780281111.479096,65,65,65,72,FULL,1780281111.479096,1780281111.4794662,0.37026405334472656,decode,1,0,452712,0.2837181091308594,0.7662588538312942,1
forward_start,1780281111.4915364,65,65,65,72,FULL,1780281111.4915364,1780281111.491739,0.20265579223632812,decode,0,0,452715,0.0,0.0,0
forward_start,1780281111.491571,66,66,66,72,FULL,1780281111.491571,1780281111.4918938,0.3228187561035156,decode,1,0,452712,0.0,0.0,0
forward_start,1780281111.5044267,66,66,66,72,FULL,1780281111.5044267,1780281111.5046322,0.20551681518554688,decode,0,0,452715,0.0,0.0,0
forward_start,1780281111.5044737,66,66,66,72,FULL,1780281111.5044737,1780281111.504798,0.324249267578125,decode,1,0,452712,0.0,0.0,0
forward_start,1780281111.5175283,65,65,65,72,FULL,1780281111.5175283,1780281111.5178447,0.31638145446777344,decode,1,0,452712,0.0,0.0,0
forward_start,1780281111.5175781,66,66,66,72,FULL,1780281111.5175781,1780281111.5177948,0.2167224884033203,decode,0,0,452715,0.0,0.0,0
forward_start,1780281111.5303876,65,65,65,72,FULL,1780281111.5303876,1780281111.530713,0.3254413604736328,decode,1,0,452712,0.0,0.0,0
forward_start,1780281111.5304146,66,66,66,72,FULL,1780281111.5304146,1780281111.530639,0.2243518829345703,decode,0,0,452715,0.0,0.0,0
forward_start,1780281111.5432816,66,66,66,72,FULL,1780281111.5432816,1780281111.5435266,0.24509429931640625,decode,0,0,452715,0.0,0.0,0
forward_start,1780281111.543313,65,65,65,72,FULL,1780281111.543313,1780281111.5436604,0.34737586975097656,decode,1,0,452712,0.0,0.0,0
forward_start,1780281111.5560815,66,66,66,72,FULL,1780281111.5560815,1780281111.5563204,0.23889541625976562,decode,0,0,452715,0.0,0.0,0
forward_start,1780281111.5561376,65,65,65,72,FULL,1780281111.5561376,1780281111.5564713,0.3337860107421875,decode,1,0,452712,0.0,0.0,0
forward_start,1780281111.5690236,66,66,66,72,FULL,1780281111.5690236,1780281111.5692542,0.23055076599121094,decode,0,0,452715,0.0,0.0,0
forward_start,1780281111.569134,65,65,65,72,FULL,1780281111.569134,1780281111.5694914,0.3573894500732422,decode,1,0,452712,0.0,0.0,0
forward_start,1780281111.5817826,66,66,66,72,FULL,1780281111.5817826,1780281111.5819736,0.19097328186035156,decode,0,0,452715,0.0,0.0,0
forward_start,1780281111.5818837,65,65,65,72,FULL,1780281111.5818837,1780281111.5822039,0.32019615173339844,decode,1,0,452712,0.0,0.0,0
forward_start,1780281111.5947561,66,66,66,72,FULL,1780281111.5947561,1780281111.5949554,0.19931793212890625,decode,0,0,452715,0.0,0.0,0
forward_start,1780281111.594764,65,65,65,72,FULL,1780281111.594764,1780281111.5950909,0.3268718719482422,decode,1,0,452712,0.0,0.0,0
forward_start,1780281111.6078162,66,66,66,72,FULL,1780281111.6078162,1780281111.6080167,0.20051002502441406,decode,0,0,452715,0.0,0.0,0
forward_start,1780281111.607842,65,65,65,72,FULL,1780281111.607842,1780281111.6081676,0.3256797790527344,decode,1,0,452712,0.0,0.0,0
forward_start,1780281111.6207454,65,65,65,72,FULL,1780281111.6207454,1780281111.6210814,0.33593177795410156,decode,1,0,452712,0.0,0.0,0
forward_start,1780281111.6306055,66,66,66,72,FULL,1780281111.6306055,1780281111.6308932,0.28777122497558594,decode,0,0,452715,0.28777122497558594,1.0,1
forward_start,1780281111.6338947,65,65,65,72,FULL,1780281111.6338947,1780281111.634181,0.28634071350097656,decode,0,0,452715,0.28634071350097656,1.0,1
forward_start,1780281111.6365938,65,65,65,72,FULL,1780281111.6365938,1780281111.6369371,0.34332275390625,decode,1,0,452712,0.6866455078125,2.0,2
forward_start,1780281111.6465962,65,65,65,72,FULL,1780281111.6465962,1780281111.646801,0.2048015594482422,decode,0,0,452715,0.4096031188964844,2.0,2
forward_start,1780281111.6466308,65,65,65,72,FULL,1780281111.6466308,1780281111.6469545,0.3237724304199219,decode,1,0,452712,0.5266666412353516,1.6266568483063328,2
forward_start,1780281111.6596358,65,65,65,72,FULL,1780281111.6596358,1780281111.659839,0.20313262939453125,decode,0,0,452715,0.0,0.0,0
forward_start,1780281111.6596527,65,65,65,72,FULL,1780281111.6596527,1780281111.6599731,0.3204345703125,decode,1,0,452712,0.0,0.0,0
forward_start,1780281111.6739588,65,65,65,72,FULL,1780281111.6739588,1780281111.6743014,0.3426074981689453,decode,1,0,452712,0.25272369384765625,0.7376478775226165,1
forward_start,1780281111.6760314,66,66,66,72,FULL,1780281111.6760314,1780281111.6762588,0.22745132446289062,decode,0,0,452715,0.22745132446289062,1.0,1
forward_start,1780281111.6853921,66,66,66,72,FULL,1780281111.6853921,1780281111.685616,0.2238750457763672,decode,0,0,452715,0.2238750457763672,1.0,1
forward_start,1780281111.6853995,65,65,65,72,FULL,1780281111.6853995,1780281111.6857226,0.3230571746826172,decode,1,0,452712,0.2532005310058594,0.7837638376383764,1
forward_start,1780281111.6983793,66,66,66,72,FULL,1780281111.6983793,1780281111.6986244,0.24509429931640625,decode,0,0,452715,0.0,0.0,0
forward_start,1780281111.6984198,65,65,65,72,FULL,1780281111.6984198,1780281111.698744,0.324249267578125,decode,1,0,452712,0.0,0.0,0
forward_start,1780281111.7114136,66,66,66,72,FULL,1780281111.7114136,1780281111.7116318,0.2181529998779297,decode,0,0,452715,0.0,0.0,0
forward_start,1780281111.7163968,65,65,65,72,FULL,1780281111.7163968,1780281111.7167466,0.3497600555419922,decode,1,0,452712,0.3497600555419922,1.0,1
forward_start,1780281111.7240934,66,66,66,72,FULL,1780281111.7240934,1780281111.7242942,0.20074844360351562,decode,0,0,452715,0.20074844360351562,1.0,1
forward_start,1780281111.72413,65,65,65,72,FULL,1780281111.72413,1780281111.724477,0.347137451171875,decode,1,0,452712,0.347137451171875,1.0,1
forward_start,1780281111.7370768,66,66,66,72,FULL,1780281111.7370768,1780281111.7372763,0.1995563507080078,decode,0,0,452715,0.0,0.0,0
forward_start,1780281111.737122,65,65,65,72,FULL,1780281111.737122,1780281111.7374845,0.362396240234375,decode,1,0,452712,0.0,0.0,0
forward_start,1780281111.7498014,66,66,66,72,FULL,1780281111.7498014,1780281111.7499936,0.19216537475585938,decode,0,0,452715,0.0,0.0,0
forward_start,1780281111.749883,66,66,66,72,FULL,1780281111.749883,1780281111.750208,0.3249645233154297,decode,1,0,452712,0.0,0.0,0
forward_start,1780281111.7629633,66,66,66,72,FULL,1780281111.7629633,1780281111.7631724,0.2090930938720703,decode,0,0,452715,0.0,0.0,0
forward_start,1780281111.7633271,66,66,66,72,FULL,1780281111.7633271,1780281111.7635603,0.23317337036132812,decode,1,0,452712,0.0,0.0,0
forward_start,1780281111.7756398,66,66,66,72,FULL,1780281111.7756398,1780281111.7758226,0.18286705017089844,decode,1,0,452712,0.0,0.0,0
forward_start,1780281111.7756498,66,66,66,72,FULL,1780281111.7756498,1780281111.775854,0.20432472229003906,decode,0,0,452715,0.0,0.0,0
forward_start,1780281111.788546,65,65,65,72,FULL,1780281111.788546,1780281111.7887378,0.19168853759765625,decode,0,0,452715,0.0,0.0,0
forward_start,1780281111.788601,65,65,65,72,FULL,1780281111.788601,1780281111.7887862,0.18525123596191406,decode,1,0,452712,0.0,0.0,0
forward_start,1780281111.8015785,64,64,64,72,FULL,1780281111.8015785,1780281111.8018212,0.24271011352539062,decode,1,0,452712,0.0,0.0,0
forward_start,1780281111.801588,65,65,65,72,FULL,1780281111.801588,1780281111.8017917,0.20360946655273438,decode,0,0,452715,0.0,0.0,0
forward_start,1780281111.8143995,64,64,64,72,FULL,1780281111.8143995,1780281111.814585,0.18548965454101562,decode,1,0,452712,0.0,0.0,0
forward_start,1780281111.8144047,65,65,65,72,FULL,1780281111.8144047,1780281111.8146312,0.22649765014648438,decode,0,0,452715,0.0,0.0,0
forward_start,1780281111.8270366,64,64,64,72,FULL,1780281111.8270366,1780281111.827224,0.18739700317382812,decode,1,0,452712,0.0,0.0,0
forward_start,1780281111.8270807,65,65,65,72,FULL,1780281111.8270807,1780281111.8273222,0.2415180206298828,decode,0,0,452715,0.0,0.0,0
forward_start,1780281111.8398921,64,64,64,72,FULL,1780281111.8398921,1780281111.8400853,0.19311904907226562,decode,1,0,452712,0.110626220703125,0.5728395061728395,1
forward_start,1780281111.8405626,65,65,65,72,FULL,1780281111.8405626,1780281111.8407905,0.22792816162109375,decode,0,0,452715,0.22792816162109375,1.0,1
forward_start,1780281111.8525777,65,65,65,72,FULL,1780281111.8525777,1780281111.8527765,0.19884109497070312,decode,0,0,452715,0.19884109497070312,1.0,1
forward_start,1780281111.8525958,64,64,64,72,FULL,1780281111.8525958,1780281111.8527832,0.18739700317382812,decode,1,0,452712,0.18739700317382812,1.0,1
forward_start,1780281111.865749,65,65,65,72,FULL,1780281111.865749,1780281111.8659465,0.1976490020751953,decode,0,0,452715,0.0,0.0,0
forward_start,1780281111.8657672,64,64,64,72,FULL,1780281111.8657672,1780281111.86596,0.1926422119140625,decode,1,0,452712,0.0,0.0,0
forward_start,1780281111.8787758,65,65,65,72,FULL,1780281111.8787758,1780281111.8789754,0.1995563507080078,decode,0,0,452715,0.0,0.0,0
forward_start,1780281111.87879,64,64,64,72,FULL,1780281111.87879,1780281111.8789754,0.18548965454101562,decode,1,0,452712,0.0,0.0,0
forward_start,1780281111.891259,64,64,64,64,FULL,1780281111.891259,1780281111.891525,0.26607513427734375,decode,0,0,452715,0.0,0.0,0
forward_start,1780281111.8913064,64,64,64,64,FULL,1780281111.8913064,1780281111.8915548,0.24843215942382812,decode,1,0,452712,0.0,0.0,0
forward_start,1780281111.9040697,64,64,64,64,FULL,1780281111.9040697,1780281111.9042726,0.2028942108154297,decode,0,0,452715,0.0,0.0,0
forward_start,1780281111.904119,64,64,64,64,FULL,1780281111.904119,1780281111.9043262,0.2071857452392578,decode,1,0,452712,0.0,0.0,0
forward_start,1780281111.9169137,64,64,64,64,FULL,1780281111.9169137,1780281111.9171124,0.19860267639160156,decode,0,0,452715,0.0,0.0,0
forward_start,1780281111.9169328,64,64,64,64,FULL,1780281111.9169328,1780281111.9171312,0.1983642578125,decode,1,0,452712,0.0,0.0,0
forward_start,1780281111.9291425,64,64,64,64,FULL,1780281111.9291425,1780281111.929354,0.21147727966308594,decode,1,0,452712,0.0,0.0,0
forward_start,1780281111.9291468,64,64,64,64,FULL,1780281111.9291468,1780281111.9293816,0.23484230041503906,decode,0,0,452715,0.0,0.0,0
forward_start,1780281111.941815,64,64,64,64,FULL,1780281111.941815,1780281111.9420187,0.20384788513183594,decode,0,0,452715,0.0,0.0,0
forward_start,1780281111.9418366,64,64,64,64,FULL,1780281111.9418366,1780281111.9420235,0.186920166015625,decode,1,0,452712,0.0,0.0,0
forward_start,1780281111.9540486,64,64,64,64,FULL,1780281111.9540486,1780281111.9542518,0.20313262939453125,decode,0,0,452715,0.0,0.0,0
forward_start,1780281111.9612765,64,64,64,64,FULL,1780281111.9612765,1780281111.9614892,0.21266937255859375,decode,1,0,452712,0.21266937255859375,1.0,1
forward_start,1780281111.9671924,64,64,64,64,FULL,1780281111.9671924,1780281111.967443,0.2505779266357422,decode,1,0,452712,0.5011558532714844,2.0,2
forward_start,1780281111.968933,63,63,63,64,FULL,1780281111.968933,1780281111.9691541,0.22101402282714844,decode,0,0,452715,0.22101402282714844,1.0,1
forward_start,1780281111.979109,63,63,63,64,FULL,1780281111.979109,1780281111.9793115,0.20241737365722656,decode,0,0,452715,0.28324127197265625,1.3992932862190812,2
forward_start,1780281111.9817755,64,64,64,64,FULL,1780281111.9817755,1780281111.9819758,0.2002716064453125,decode,1,0,452712,0.2002716064453125,1.0,1
forward_start,1780281111.9920087,63,63,63,72,FULL,1780281111.9920087,1780281111.992222,0.21338462829589844,decode,0,0,452715,0.21338462829589844,1.0,1
forward_start,1780281111.9920325,65,65,65,72,FULL,1780281111.9920325,1780281111.9922214,0.1888275146484375,decode,1,0,452712,0.1888275146484375,1.0,1
forward_start,1780281112.0045223,65,65,65,72,FULL,1780281112.0045223,1780281112.004715,0.1926422119140625,decode,1,0,452712,0.0,0.0,0
forward_start,1780281112.009106,64,64,64,72,FULL,1780281112.009106,1780281112.009354,0.24819374084472656,decode,0,0,452715,0.24819374084472656,1.0,1
forward_start,1780281112.0175622,64,64,64,72,FULL,1780281112.0175622,1780281112.0177646,0.20241737365722656,decode,0,0,452715,0.20241737365722656,1.0,1
forward_start,1780281112.0175688,66,66,66,72,FULL,1780281112.0175688,1780281112.0177572,0.18835067749023438,decode,1,0,452712,0.18835067749023438,1.0,1
forward_start,1780281112.0299487,64,64,64,72,FULL,1780281112.0299487,1780281112.0301404,0.19168853759765625,decode,0,0,452715,0.0,0.0,0
forward_start,1780281112.0300398,66,66,66,72,FULL,1780281112.0300398,1780281112.0302305,0.19073486328125,decode,1,0,452712,0.0,0.0,0
forward_start,1780281112.0434616,65,65,65,72,FULL,1780281112.0434616,1780281112.0436547,0.19311904907226562,decode,0,0,452715,0.0,0.0,0
forward_start,1780281112.0435183,66,66,66,72,FULL,1780281112.0435183,1780281112.0437336,0.21529197692871094,decode,1,0,452712,0.0,0.0,0
forward_start,1780281112.0561814,64,64,64,72,FULL,1780281112.0561814,1780281112.056421,0.2396106719970703,decode,0,0,452715,0.0,0.0,0
forward_start,1780281112.056205,66,66,66,72,FULL,1780281112.056205,1780281112.0564144,0.20933151245117188,decode,1,0,452712,0.0,0.0,0
forward_start,1780281112.069199,64,64,64,72,FULL,1780281112.069199,1780281112.0694373,0.23818016052246094,decode,0,0,452715,0.0,0.0,0
forward_start,1780281112.0692494,66,66,66,72,FULL,1780281112.0692494,1780281112.0694575,0.20813941955566406,decode,1,0,452712,0.0,0.0,0
forward_start,1780281112.0825996,64,64,64,72,FULL,1780281112.0825996,1780281112.0828269,0.22721290588378906,decode,0,0,452715,0.0,0.0,0
forward_start,1780281112.0826144,66,66,66,72,FULL,1780281112.0826144,1780281112.0828047,0.19025802612304688,decode,1,0,452712,0.0,0.0,0
forward_start,1780281112.0951154,66,66,66,72,FULL,1780281112.0951154,1780281112.0953295,0.21409988403320312,decode,1,0,452712,0.1747608184814453,0.8162583518930958,1
forward_start,1780281112.0995762,64,64,64,72,FULL,1780281112.0995762,1780281112.0997858,0.20956993103027344,decode,0,0,452715,0.20956993103027344,1.0,1
forward_start,1780281112.1078894,64,64,64,72,FULL,1780281112.1078894,1780281112.1080866,0.1971721649169922,decode,0,0,452715,0.1971721649169922,1.0,1
forward_start,1780281112.1079302,66,66,66,72,FULL,1780281112.1079302,1780281112.1081223,0.19216537475585938,decode,1,0,452712,0.18453598022460938,0.9602977667493796,1
forward_start,1780281112.1210566,64,64,64,72,FULL,1780281112.1210566,1780281112.1212597,0.20313262939453125,decode,0,0,452715,0.0,0.0,0
forward_start,1780281112.1211607,66,66,66,72,FULL,1780281112.1211607,1780281112.1214035,0.24271011352539062,decode,1,0,452712,0.0,0.0,0
forward_start,1780281112.1340325,65,65,65,72,FULL,1780281112.1340325,1780281112.1342695,0.23698806762695312,decode,0,0,452715,0.0,0.0,0
forward_start,1780281112.1340685,65,65,65,72,FULL,1780281112.1340685,1780281112.134256,0.18739700317382812,decode,1,0,452712,0.0,0.0,0
forward_start,1780281112.1471233,65,65,65,72,FULL,1780281112.1471233,1780281112.1473813,0.2579689025878906,decode,0,0,452715,0.0,0.0,0
forward_start,1780281112.1471756,64,64,64,72,FULL,1780281112.1471756,1780281112.1473818,0.20623207092285156,decode,1,0,452712,0.0,0.0,0
forward_start,1780281112.1598628,64,64,64,64,FULL,1780281112.1598628,1780281112.1600657,0.2028942108154297,decode,0,0,452715,0.0,0.0,0
forward_start,1780281112.1657302,64,64,64,64,FULL,1780281112.1657302,1780281112.1659508,0.2205371856689453,decode,1,0,452712,0.2205371856689453,1.0,1
forward_start,1780281112.1727793,64,64,64,64,FULL,1780281112.1727793,1780281112.1729832,0.20384788513183594,decode,1,0,452712,0.20384788513183594,1.0,1
forward_start,1780281112.172795,64,64,64,64,FULL,1780281112.172795,1780281112.1730058,0.21076202392578125,decode,0,0,452715,0.21076202392578125,1.0,1
forward_start,1780281112.1849704,64,64,64,64,FULL,1780281112.1849704,1780281112.185162,0.19168853759765625,decode,1,0,452712,0.22101402282714844,1.1529850746268657,2
forward_start,1780281112.1913784,64,64,64,64,FULL,1780281112.1913784,1780281112.1916835,0.30517578125,decode,0,0,452715,0.30517578125,1.0,1
forward_start,1780281112.1976647,64,64,64,64,FULL,1780281112.1976647,1780281112.1978524,0.1876354217529297,decode,1,0,452712,0.1876354217529297,1.0,1
forward_start,1780281112.1976838,63,63,63,64,FULL,1780281112.1976838,1780281112.1978862,0.20241737365722656,decode,0,0,452715,0.20241737365722656,1.0,1
forward_start,1780281112.2102635,63,63,63,64,FULL,1780281112.2102635,1780281112.210511,0.24747848510742188,decode,0,0,452715,0.0,0.0,0
forward_start,1780281112.2102883,64,64,64,64,FULL,1780281112.2102883,1780281112.2104962,0.2079010009765625,decode,1,0,452712,0.0,0.0,0
forward_start,1780281112.22266,64,64,64,64,FULL,1780281112.22266,1780281112.222847,0.186920166015625,decode,1,0,452712,0.0,0.0,0
forward_start,1780281112.2227037,64,64,64,64,FULL,1780281112.2227037,1780281112.2229207,0.21696090698242188,decode,0,0,452715,0.0,0.0,0
forward_start,1780281112.234938,64,64,64,64,FULL,1780281112.234938,1780281112.2351363,0.1983642578125,decode,0,0,452715,0.0,0.0,0
forward_start,1780281112.2349515,64,64,64,64,FULL,1780281112.2349515,1780281112.2351625,0.2110004425048828,decode,1,0,452712,0.0,0.0,0
forward_start,1780281112.247718,64,64,64,64,FULL,1780281112.247718,1780281112.2479024,0.1842975616455078,decode,1,0,452712,0.0,0.0,0
forward_start,1780281112.2477505,63,63,63,64,FULL,1780281112.2477505,1780281112.2479503,0.19979476928710938,decode,0,0,452715,0.0,0.0,0
forward_start,1780281112.2600505,63,63,63,64,FULL,1780281112.2600505,1780281112.2602408,0.19025802612304688,decode,0,0,452715,0.0,0.0,0
forward_start,1780281112.2601411,64,64,64,64,FULL,1780281112.2601411,1780281112.2603567,0.2155303955078125,decode,1,0,452712,0.0,0.0,0
forward_start,1780281112.2731614,63,63,63,64,FULL,1780281112.2731614,1780281112.273388,0.22649765014648438,decode,0,0,452715,0.0,0.0,0
forward_start,1780281112.273196,63,63,63,64,FULL,1780281112.273196,1780281112.2734072,0.21123886108398438,decode,1,0,452712,0.0,0.0,0
forward_start,1780281112.2856793,63,63,63,64,FULL,1780281112.2856793,1780281112.285886,0.2067089080810547,decode,1,0,452712,0.0,0.0,0
forward_start,1780281112.285916,62,62,62,64,FULL,1780281112.285916,1780281112.2861214,0.2052783966064453,decode,0,0,452715,0.0,0.0,0
forward_start,1780281112.297969,63,63,63,64,FULL,1780281112.297969,1780281112.2981567,0.1876354217529297,decode,1,0,452712,0.0,0.0,0
forward_start,1780281112.2980072,62,62,62,64,FULL,1780281112.2980072,1780281112.2982216,0.2143383026123047,decode,0,0,452715,0.0,0.0,0
forward_start,1780281112.3102865,63,63,63,64,FULL,1780281112.3102865,1780281112.3105137,0.22721290588378906,decode,1,0,452712,0.0,0.0,0
forward_start,1780281112.3218896,62,62,62,64,FULL,1780281112.3218896,1780281112.3221672,0.27751922607421875,decode,0,0,452715,0.27751922607421875,1.0,1
forward_start,1780281112.3250313,62,62,62,64,FULL,1780281112.3250313,1780281112.3253217,0.2903938293457031,decode,0,0,452715,0.2903938293457031,1.0,1
forward_start,1780281112.3250668,63,63,63,64,FULL,1780281112.3250668,1780281112.325251,0.1842975616455078,decode,1,0,452712,0.1842975616455078,1.0,1
forward_start,1780281112.3368316,62,62,62,64,FULL,1780281112.3368316,1780281112.3370347,0.20313262939453125,decode,0,0,452715,0.2722740173339844,1.34037558685446,2
forward_start,1780281112.3394246,63,63,63,64,FULL,1780281112.3394246,1780281112.339621,0.1964569091796875,decode,1,0,452712,0.1964569091796875,1.0,1
forward_start,1780281112.3489664,62,62,62,64,FULL,1780281112.3489664,1780281112.3491724,0.20599365234375,decode,0,0,452715,0.20599365234375,1.0,1
forward_start,1780281112.349072,63,63,63,64,FULL,1780281112.349072,1780281112.3492677,0.1957416534423828,decode,1,0,452712,0.1957416534423828,1.0,1
forward_start,1780281112.3620405,62,62,62,64,FULL,1780281112.3620405,1780281112.362231,0.19049644470214844,decode,0,0,452715,0.0,0.0,0
forward_start,1780281112.3621576,62,62,62,64,FULL,1780281112.3621576,1780281112.3624024,0.2448558807373047,decode,1,0,452712,0.0,0.0,0
forward_start,1780281112.3745377,62,62,62,64,FULL,1780281112.3745377,1780281112.3747377,0.20003318786621094,decode,0,0,452715,0.0,0.0,0
forward_start,1780281112.3745596,63,63,63,64,FULL,1780281112.3745596,1780281112.3747876,0.22792816162109375,decode,1,0,452712,0.0,0.0,0
forward_start,1780281112.3870857,63,63,63,64,FULL,1780281112.3870857,1780281112.3872724,0.18668174743652344,decode,1,0,452712,0.0,0.0,0
forward_start,1780281112.3870893,61,61,61,64,FULL,1780281112.3870893,1780281112.387302,0.21266937255859375,decode,0,0,452715,0.0,0.0,0
forward_start,1780281112.399296,63,63,63,64,FULL,1780281112.399296,1780281112.3995023,0.20623207092285156,decode,1,0,452712,0.0,0.0,0
forward_start,1780281112.4088748,61,61,61,64,FULL,1780281112.4088748,1780281112.40916,0.28514862060546875,decode,0,0,452715,0.28514862060546875,1.0,1
forward_start,1780281112.4120812,63,63,63,64,FULL,1780281112.4120812,1780281112.412275,0.1938343048095703,decode,1,0,452712,0.1938343048095703,1.0,1
forward_start,1780281112.4120839,61,61,61,64,FULL,1780281112.4120839,1780281112.4123929,0.308990478515625,decode,0,0,452715,0.308990478515625,1.0,1
forward_start,1780281112.4238808,63,63,63,64,FULL,1780281112.4238808,1780281112.4240692,0.18835067749023438,decode,1,0,452712,0.18835067749023438,1.0,1
forward_start,1780281112.423916,61,61,61,64,FULL,1780281112.423916,1780281112.4241261,0.21004676818847656,decode,0,0,452715,0.21004676818847656,1.0,1
forward_start,1780281112.436144,61,61,61,64,FULL,1780281112.436144,1780281112.4363568,0.21266937255859375,decode,0,0,452715,0.0,0.0,0
forward_start,1780281112.4362576,63,63,63,64,FULL,1780281112.4362576,1780281112.4364626,0.20503997802734375,decode,1,0,452712,0.0,0.0,0
forward_start,1780281112.448828,62,62,62,64,FULL,1780281112.448828,1780281112.4490302,0.202178955078125,decode,0,0,452715,0.0,0.0,0
forward_start,1780281112.4488955,63,63,63,64,FULL,1780281112.4488955,1780281112.4491184,0.22292137145996094,decode,1,0,452712,0.0,0.0,0
forward_start,1780281112.461452,63,63,63,64,FULL,1780281112.461452,1780281112.4616413,0.18930435180664062,decode,1,0,452712,0.0,0.0,0
forward_start,1780281112.4614882,62,62,62,64,FULL,1780281112.4614882,1780281112.4617019,0.213623046875,decode,0,0,452715,0.0,0.0,0
forward_start,1780281112.4738324,62,62,62,64,FULL,1780281112.4738324,1780281112.4740727,0.240325927734375,decode,0,0,452715,0.0,0.0,0
forward_start,1780281112.4738376,62,62,62,64,FULL,1780281112.4738376,1780281112.4740653,0.2276897430419922,decode,1,0,452712,0.0,0.0,0
forward_start,1780281112.4869494,62,62,62,64,FULL,1780281112.4869494,1780281112.4871383,0.1888275146484375,decode,1,0,452712,0.0,0.0,0
forward_start,1780281112.4969401,62,62,62,64,FULL,1780281112.4969401,1780281112.497278,0.33783912658691406,decode,0,0,452715,0.33783912658691406,1.0,1
forward_start,1780281112.5001302,62,62,62,64,FULL,1780281112.5001302,1780281112.500318,0.18787384033203125,decode,1,0,452712,0.18787384033203125,1.0,1
forward_start,1780281112.5109396,62,62,62,64,FULL,1780281112.5109396,1780281112.5113056,0.36597251892089844,decode,0,0,452715,0.7319450378417969,2.0,2
forward_start,1780281112.5142102,62,62,62,64,FULL,1780281112.5142102,1780281112.5145738,0.3635883331298828,decode,0,0,452715,0.7271766662597656,2.0,2
forward_start,1780281112.5142286,62,62,62,64,FULL,1780281112.5142286,1780281112.5144393,0.21076202392578125,decode,1,0,452712,0.4215240478515625,2.0,2
forward_start,1780281112.5260522,62,62,62,64,FULL,1780281112.5260522,1780281112.5262372,0.1850128173828125,decode,1,0,452712,0.1850128173828125,1.0,1
forward_start,1780281112.5325177,62,62,62,64,FULL,1780281112.5325177,1780281112.53276,0.2422332763671875,decode,0,0,452715,0.484466552734375,2.0,2
forward_start,1780281112.538742,63,63,63,64,FULL,1780281112.538742,1780281112.5389504,0.20837783813476562,decode,0,0,452715,0.2472400665283203,1.1864988558352403,2
forward_start,1780281112.5402825,62,62,62,64,FULL,1780281112.5402825,1780281112.5404887,0.20623207092285156,decode,1,0,452712,0.20623207092285156,1.0,1
forward_start,1780281112.5512443,63,63,63,64,FULL,1780281112.5512443,1780281112.5514958,0.25153160095214844,decode,0,0,452715,0.25153160095214844,1.0,1
forward_start,1780281112.551283,62,62,62,64,FULL,1780281112.551283,1780281112.5514882,0.2052783966064453,decode,1,0,452712,0.2052783966064453,1.0,1
forward_start,1780281112.5637732,62,62,62,64,FULL,1780281112.5637732,1780281112.5639653,0.19216537475585938,decode,1,0,452712,0.0,0.0,0
forward_start,1780281112.5727606,64,64,64,64,FULL,1780281112.5727606,1780281112.573049,0.2884864807128906,decode,0,0,452715,0.2884864807128906,1.0,1
forward_start,1780281112.5764253,63,63,63,64,FULL,1780281112.5764253,1780281112.5767183,0.2930164337158203,decode,0,0,452715,0.48279762268066406,1.647681041497152,2
forward_start,1780281112.5831542,63,63,63,64,FULL,1780281112.5831542,1780281112.5833702,0.21600723266601562,decode,1,0,452712,0.43201446533203125,2.0,2
forward_start,1780281112.5883236,63,63,63,64,FULL,1780281112.5883236,1780281112.588563,0.23937225341796875,decode,0,0,452715,0.4787445068359375,2.0,2
forward_start,1780281112.5883899,63,63,63,64,FULL,1780281112.5883899,1780281112.5885847,0.19478797912597656,decode,1,0,452712,0.3895759582519531,2.0,2
forward_start,1780281112.6009507,63,63,63,64,FULL,1780281112.6009507,1780281112.6011534,0.20265579223632812,decode,0,0,452715,0.20265579223632812,1.0,1
forward_start,1780281112.6009595,63,63,63,64,FULL,1780281112.6009595,1780281112.6011536,0.19407272338867188,decode,1,0,452712,0.19407272338867188,1.0,1
forward_start,1780281112.6134875,64,64,64,64,FULL,1780281112.6134875,1780281112.6136892,0.20170211791992188,decode,0,0,452715,0.0,0.0,0
forward_start,1780281112.6135266,63,63,63,64,FULL,1780281112.6135266,1780281112.6137335,0.20694732666015625,decode,1,0,452712,0.0,0.0,0
forward_start,1780281112.625761,64,64,64,64,FULL,1780281112.625761,1780281112.6259851,0.22411346435546875,decode,0,0,452715,0.0,0.0,0
forward_start,1780281112.625795,64,64,64,64,FULL,1780281112.625795,1780281112.625982,0.18715858459472656,decode,1,0,452712,0.0,0.0,0
forward_start,1780281112.6380174,64,64,64,64,FULL,1780281112.6380174,1780281112.6382205,0.20313262939453125,decode,0,0,452715,0.0,0.0,0
forward_start,1780281112.6380503,64,64,64,64,FULL,1780281112.6380503,1780281112.638237,0.18668174743652344,decode,1,0,452712,0.0,0.0,0
forward_start,1780281112.6504033,64,64,64,64,FULL,1780281112.6504033,1780281112.6506367,0.2334117889404297,decode,0,0,452715,0.0,0.0,0
forward_start,1780281112.6505256,63,63,63,64,FULL,1780281112.6505256,1780281112.6507123,0.18668174743652344,decode,1,0,452712,0.0,0.0,0
forward_start,1780281112.66295,64,64,64,64,FULL,1780281112.66295,1780281112.6631474,0.19741058349609375,decode,0,0,452715,0.0,0.0,0
forward_start,1780281112.6630254,63,63,63,64,FULL,1780281112.6630254,1780281112.6632128,0.18739700317382812,decode,1,0,452712,0.0,0.0,0
forward_start,1780281112.6756098,63,63,63,64,FULL,1780281112.6756098,1780281112.6758003,0.19049644470214844,decode,1,0,452712,0.0,0.0,0
forward_start,1780281112.6756153,64,64,64,64,FULL,1780281112.6756153,1780281112.67583,0.21457672119140625,decode,0,0,452715,0.0,0.0,0
forward_start,1780281112.6879268,64,64,64,64,FULL,1780281112.6879268,1780281112.6881354,0.2086162567138672,decode,0,0,452715,0.0,0.0,0
forward_start,1780281112.692802,63,63,63,64,FULL,1780281112.692802,1780281112.6930225,0.2205371856689453,decode,1,0,452712,0.2205371856689453,1.0,1
forward_start,1780281112.7005847,64,64,64,64,FULL,1780281112.7005847,1780281112.7007842,0.1995563507080078,decode,0,0,452715,0.1995563507080078,1.0,1
forward_start,1780281112.700607,63,63,63,64,FULL,1780281112.700607,1780281112.7008107,0.20360946655273438,decode,1,0,452712,0.20360946655273438,1.0,1
forward_start,1780281112.7127855,64,64,64,64,FULL,1780281112.7127855,1780281112.712996,0.2105236053466797,decode,0,0,452715,0.2105236053466797,1.0,1
forward_start,1780281112.7127995,63,63,63,64,FULL,1780281112.7127995,1780281112.7129853,0.1857280731201172,decode,1,0,452712,0.1857280731201172,1.0,1
forward_start,1780281112.725525,64,64,64,64,FULL,1780281112.725525,1780281112.725746,0.22101402282714844,decode,0,0,452715,0.0,0.0,0
forward_start,1780281112.725586,63,63,63,64,FULL,1780281112.725586,1780281112.7257745,0.18858909606933594,decode,1,0,452712,0.0,0.0,0
forward_start,1780281112.73787,64,64,64,64,FULL,1780281112.73787,1780281112.7380717,0.20170211791992188,decode,0,0,452715,0.0,0.0,0
forward_start,1780281112.737881,64,64,64,64,FULL,1780281112.737881,1780281112.7380965,0.2155303955078125,decode,1,0,452712,0.0,0.0,0
forward_start,1780281112.7505467,64,64,64,64,FULL,1780281112.7505467,1780281112.7507353,0.18858909606933594,decode,1,0,452712,0.07367134094238281,0.3906447534766119,1
forward_start,1780281112.7527394,64,64,64,64,FULL,1780281112.7527394,1780281112.7529664,0.2269744873046875,decode,0,0,452715,0.2269744873046875,1.0,1
forward_start,1780281112.7630982,63,63,63,64,FULL,1780281112.7630982,1780281112.7633126,0.2143383026123047,decode,0,0,452715,0.2143383026123047,1.0,1
forward_start,1780281112.7684789,64,64,64,64,FULL,1780281112.7684789,1780281112.7686799,0.2009868621826172,decode,1,0,452712,0.2009868621826172,1.0,1
forward_start,1780281112.7755942,64,64,64,64,FULL,1780281112.7755942,1780281112.775783,0.1888275146484375,decode,1,0,452712,0.1888275146484375,1.0,1
forward_start,1780281112.7796636,62,62,62,64,FULL,1780281112.7796636,1780281112.7799013,0.2377033233642578,decode,0,0,452715,0.2377033233642578,1.0,1
forward_start,1780281112.7876418,63,63,63,64,FULL,1780281112.7876418,1780281112.7878635,0.22172927856445312,decode,1,0,452712,0.22172927856445312,1.0,1
forward_start,1780281112.7876937,63,63,63,64,FULL,1780281112.7876937,1780281112.787904,0.21028518676757812,decode,0,0,452715,0.21028518676757812,1.0,1
forward_start,1780281112.800242,63,63,63,64,FULL,1780281112.800242,1780281112.8004994,0.2574920654296875,decode,0,0,452715,0.11777877807617188,0.45740740740740743,1
forward_start,1780281112.803291,64,64,64,64,FULL,1780281112.803291,1780281112.8035169,0.2257823944091797,decode,1,0,452712,0.2257823944091797,1.0,1
forward_start,1780281112.8128467,63,63,63,64,FULL,1780281112.8128467,1780281112.8130367,0.1900196075439453,decode,1,0,452712,0.1900196075439453,1.0,1
forward_start,1780281112.8184922,63,63,63,64,FULL,1780281112.8184922,1780281112.818737,0.2448558807373047,decode,0,0,452715,0.2448558807373047,1.0,1
forward_start,1780281112.825021,63,63,63,64,FULL,1780281112.825021,1780281112.8252304,0.20933151245117188,decode,0,0,452715,0.20933151245117188,1.0,1
forward_start,1780281112.825051,63,63,63,64,FULL,1780281112.825051,1780281112.82524,0.1888275146484375,decode,1,0,452712,0.1888275146484375,1.0,1
forward_start,1780281112.8372617,64,64,64,64,FULL,1780281112.8372617,1780281112.8374748,0.21314620971679688,decode,1,0,452712,0.0,0.0,0
forward_start,1780281112.8372848,63,63,63,64,FULL,1780281112.8372848,1780281112.837545,0.2601146697998047,decode,0,0,452715,0.0,0.0,0
forward_start,1780281112.849931,64,64,64,64,FULL,1780281112.849931,1780281112.8501315,0.20051002502441406,decode,0,0,452715,0.0,0.0,0
forward_start,1780281112.8499851,63,63,63,64,FULL,1780281112.8499851,1780281112.8501756,0.19049644470214844,decode,1,0,452712,0.0,0.0,0
forward_start,1780281112.8617938,64,64,64,64,FULL,1780281112.8617938,1780281112.8620195,0.2257823944091797,decode,0,0,452715,0.0,0.0,0
forward_start,1780281112.8618283,63,63,63,64,FULL,1780281112.8618283,1780281112.86202,0.19168853759765625,decode,1,0,452712,0.0,0.0,0
forward_start,1780281112.8742776,64,64,64,64,FULL,1780281112.8742776,1780281112.874548,0.2703666687011719,decode,0,0,452715,0.0,0.0,0
forward_start,1780281112.8743632,63,63,63,64,FULL,1780281112.8743632,1780281112.874555,0.1919269561767578,decode,1,0,452712,0.0,0.0,0
forward_start,1780281112.887434,64,64,64,64,FULL,1780281112.887434,1780281112.887676,0.24199485778808594,decode,0,0,452715,0.0,0.0,0
forward_start,1780281112.887493,63,63,63,64,FULL,1780281112.887493,1780281112.887691,0.19812583923339844,decode,1,0,452712,0.0,0.0,0
forward_start,1780281112.8990092,64,64,64,64,FULL,1780281112.8990092,1780281112.899243,0.2338886260986328,decode,0,0,452715,0.0,0.0,0
forward_start,1780281112.8990693,63,63,63,64,FULL,1780281112.8990693,1780281112.8992581,0.1888275146484375,decode,1,0,452712,0.0,0.0,0
forward_start,1780281112.9113052,64,64,64,64,FULL,1780281112.9113052,1780281112.9115696,0.2644062042236328,decode,0,0,452715,0.0,0.0,0
forward_start,1780281112.9113975,63,63,63,64,FULL,1780281112.9113975,1780281112.9115858,0.18835067749023438,decode,1,0,452712,0.0,0.0,0
forward_start,1780281112.9238641,64,64,64,64,FULL,1780281112.9238641,1780281112.9240885,0.2243518829345703,decode,0,0,452715,0.12683868408203125,0.565356004250797,1
forward_start,1780281112.9265294,63,63,63,64,FULL,1780281112.9265294,1780281112.9267316,0.202178955078125,decode,1,0,452712,0.202178955078125,1.0,1
forward_start,1780281112.9360569,64,64,64,64,FULL,1780281112.9360569,1780281112.9362688,0.21195411682128906,decode,0,0,452715,0.21195411682128906,1.0,1
forward_start,1780281112.93613,63,63,63,64,FULL,1780281112.93613,1780281112.936319,0.18906593322753906,decode,1,0,452712,0.18906593322753906,1.0,1
forward_start,1780281112.9485354,64,64,64,64,FULL,1780281112.9485354,1780281112.9487662,0.2307891845703125,decode,0,0,452715,0.0,0.0,0
forward_start,1780281112.9485955,63,63,63,64,FULL,1780281112.9485955,1780281112.9487855,0.1900196075439453,decode,1,0,452712,0.0,0.0,0
forward_start,1780281112.960888,64,64,64,64,FULL,1780281112.960888,1780281112.961089,0.2009868621826172,decode,0,0,452715,0.0,0.0,0
forward_start,1780281112.9609163,64,64,64,64,FULL,1780281112.9609163,1780281112.9611087,0.19240379333496094,decode,1,0,452712,0.0,0.0,0
forward_start,1780281112.9736109,64,64,64,64,FULL,1780281112.9736109,1780281112.9738004,0.1895427703857422,decode,1,0,452712,0.0,0.0,0
forward_start,1780281112.9736233,64,64,64,64,FULL,1780281112.9736233,1780281112.97383,0.2067089080810547,decode,0,0,452715,0.0,0.0,0
forward_start,1780281112.9854772,64,64,64,64,FULL,1780281112.9854772,1780281112.9856753,0.19812583923339844,decode,0,0,452715,0.0,0.0,0
forward_start,1780281112.9855125,64,64,64,64,FULL,1780281112.9855125,1780281112.985736,0.22339820861816406,decode,1,0,452712,0.0,0.0,0
forward_start,1780281112.9981055,64,64,64,64,FULL,1780281112.9981055,1780281112.9983087,0.20313262939453125,decode,0,0,452715,0.0,0.0,0
forward_start,1780281112.998155,64,64,64,64,FULL,1780281112.998155,1780281112.9983625,0.20742416381835938,decode,1,0,452712,0.0,0.0,0
forward_start,1780281113.0104318,64,64,64,64,FULL,1780281113.0104318,1780281113.0106418,0.21004676818847656,decode,1,0,452712,0.15926361083984375,0.7582292849035187,1
forward_start,1780281113.0124636,64,64,64,64,FULL,1780281113.0124636,1780281113.012687,0.22339820861816406,decode,0,0,452715,0.22339820861816406,1.0,1
forward_start,1780281113.0228374,64,64,64,64,FULL,1780281113.0228374,1780281113.0230527,0.21529197692871094,decode,0,0,452715,0.3833770751953125,1.7807308970099667,2
forward_start,1780281113.0249846,64,64,64,64,FULL,1780281113.0249846,1780281113.0251846,0.20003318786621094,decode,1,0,452712,0.20003318786621094,1.0,1
forward_start,1780281113.0349145,64,64,64,64,FULL,1780281113.0349145,1780281113.035104,0.1895427703857422,decode,1,0,452712,0.1895427703857422,1.0,1
forward_start,1780281113.0349395,64,64,64,64,FULL,1780281113.0349395,1780281113.0351365,0.19693374633789062,decode,0,0,452715,0.19693374633789062,1.0,1
forward_start,1780281113.047807,64,64,64,72,FULL,1780281113.047807,1780281113.0480337,0.22673606872558594,decode,1,0,452712,0.13208389282226562,0.5825446898002103,1
forward_start,1780281113.0552833,65,65,65,72,FULL,1780281113.0552833,1780281113.0556793,0.3960132598876953,decode,0,0,452715,0.3960132598876953,1.0,1
forward_start,1780281113.059912,65,65,65,72,FULL,1780281113.059912,1780281113.0602574,0.34546852111816406,decode,0,0,452715,0.34546852111816406,1.0,1
forward_start,1780281113.060048,65,65,65,72,FULL,1780281113.060048,1780281113.0602832,0.23508071899414062,decode,1,0,452712,0.23508071899414062,1.0,1
forward_start,1780281113.072531,65,65,65,72,FULL,1780281113.072531,1780281113.0727699,0.23889541625976562,decode,0,0,452715,0.0,0.0,0
forward_start,1780281113.072622,65,65,65,72,FULL,1780281113.072622,1780281113.0728564,0.23436546325683594,decode,1,0,452712,0.0,0.0,0
forward_start,1780281113.0857182,66,66,66,72,FULL,1780281113.0857182,1780281113.085944,0.2257823944091797,decode,0,0,452715,0.0,0.0,0
forward_start,1780281113.0857427,64,64,64,72,FULL,1780281113.0857427,1780281113.085931,0.18835067749023438,decode,1,0,452712,0.0,0.0,0
forward_start,1780281113.0990145,66,66,66,72,FULL,1780281113.0990145,1780281113.0992417,0.22721290588378906,decode,0,0,452715,0.0,0.0,0
forward_start,1780281113.1033826,64,64,64,72,FULL,1780281113.1033826,1780281113.1035988,0.2162456512451172,decode,1,0,452712,0.2162456512451172,1.0,1
forward_start,1780281113.1112442,66,66,66,72,FULL,1780281113.1112442,1780281113.111518,0.27370452880859375,decode,0,0,452715,0.27370452880859375,1.0,1
forward_start,1780281113.111294,64,64,64,72,FULL,1780281113.111294,1780281113.1115022,0.20813941955566406,decode,1,0,452712,0.20813941955566406,1.0,1
forward_start,1780281113.124294,66,66,66,72,FULL,1780281113.124294,1780281113.1245582,0.26416778564453125,decode,0,0,452715,0.0,0.0,0
forward_start,1780281113.1243665,64,64,64,72,FULL,1780281113.1243665,1780281113.12455,0.18358230590820312,decode,1,0,452712,0.0,0.0,0
forward_start,1780281113.1372914,66,66,66,72,FULL,1780281113.1372914,1780281113.1375506,0.25916099548339844,decode,0,0,452715,0.0,0.0,0
forward_start,1780281113.1373346,64,64,64,72,FULL,1780281113.1373346,1780281113.1375458,0.21123886108398438,decode,1,0,452712,0.0,0.0,0
forward_start,1780281113.1500125,65,65,65,72,FULL,1780281113.1500125,1780281113.1502454,0.23293495178222656,decode,0,0,452715,0.0,0.0,0
forward_start,1780281113.1501026,64,64,64,72,FULL,1780281113.1501026,1780281113.1502957,0.19311904907226562,decode,1,0,452712,0.0,0.0,0
forward_start,1780281113.1629477,65,65,65,72,FULL,1780281113.1629477,1780281113.1631565,0.20885467529296875,decode,0,0,452715,0.0,0.0,0
forward_start,1780281113.1629508,64,64,64,72,FULL,1780281113.1629508,1780281113.1631336,0.18286705017089844,decode,1,0,452712,0.0,0.0,0
forward_start,1780281113.1760542,65,65,65,72,FULL,1780281113.1760542,1780281113.1762762,0.2219676971435547,decode,0,0,452715,0.0,0.0,0
forward_start,1780281113.1760907,64,64,64,72,FULL,1780281113.1760907,1780281113.1762881,0.19741058349609375,decode,1,0,452712,0.0,0.0,0
forward_start,1780281113.1885977,65,65,65,72,FULL,1780281113.1885977,1780281113.188812,0.2143383026123047,decode,0,0,452715,0.0,0.0,0
forward_start,1780281113.1886067,64,64,64,72,FULL,1780281113.1886067,1780281113.1887972,0.19049644470214844,decode,1,0,452712,0.0,0.0,0
forward_start,1780281113.2017224,65,65,65,72,FULL,1780281113.2017224,1780281113.2019384,0.21600723266601562,decode,0,0,452715,0.0,0.0,0
forward_start,1780281113.2069204,64,64,64,72,FULL,1780281113.2069204,1780281113.2071507,0.23031234741210938,decode,1,0,452712,0.23031234741210938,1.0,1
forward_start,1780281113.214471,65,65,65,72,FULL,1780281113.214471,1780281113.2146997,0.22864341735839844,decode,0,0,452715,0.40268898010253906,1.7612095933263816,2
forward_start,1780281113.2156868,64,64,64,72,FULL,1780281113.2156868,1780281113.215893,0.20623207092285156,decode,1,0,452712,0.4124641418457031,2.0,2
forward_start,1780281113.2271042,65,65,65,72,FULL,1780281113.2271042,1780281113.2273095,0.2052783966064453,decode,0,0,452715,0.4105567932128906,2.0,2
forward_start,1780281113.2271502,64,64,64,72,FULL,1780281113.2271502,1780281113.227369,0.21886825561523438,decode,1,0,452712,0.43773651123046875,2.0,2
forward_start,1780281113.2400694,65,65,65,72,FULL,1780281113.2400694,1780281113.2402732,0.20384788513183594,decode,0,0,452715,0.0,0.0,0
forward_start,1780281113.2401118,64,64,64,72,FULL,1780281113.2401118,1780281113.240298,0.1862049102783203,decode,1,0,452712,0.0,0.0,0
forward_start,1780281113.2531478,66,66,66,72,FULL,1780281113.2531478,1780281113.253354,0.20623207092285156,decode,1,0,452712,0.0,0.0,0
forward_start,1780281113.2602522,65,65,65,72,FULL,1780281113.2602522,1780281113.260587,0.33473968505859375,decode,0,0,452715,0.33473968505859375,1.0,1
forward_start,1780281113.2658103,65,65,65,72,FULL,1780281113.2658103,1780281113.2660153,0.20503997802734375,decode,0,0,452715,0.20503997802734375,1.0,1
forward_start,1780281113.265847,65,65,65,72,FULL,1780281113.265847,1780281113.2660408,0.1938343048095703,decode,1,0,452712,0.1938343048095703,1.0,1
forward_start,1780281113.278662,65,65,65,72,FULL,1780281113.278662,1780281113.27889,0.22792816162109375,decode,0,0,452715,0.0,0.0,0
forward_start,1780281113.2786717,65,65,65,72,FULL,1780281113.2786717,1780281113.2788594,0.1876354217529297,decode,1,0,452712,0.0,0.0,0
forward_start,1780281113.2923863,65,65,65,72,FULL,1780281113.2923863,1780281113.2926064,0.2200603485107422,decode,0,0,452715,0.0,0.0,0
forward_start,1780281113.2924285,65,65,65,72,FULL,1780281113.2924285,1780281113.2926216,0.19311904907226562,decode,1,0,452712,0.0,0.0,0
forward_start,1780281113.3045177,65,65,65,72,FULL,1780281113.3045177,1780281113.3047051,0.18739700317382812,decode,1,0,452712,0.0,0.0,0
forward_start,1780281113.3045447,65,65,65,72,FULL,1780281113.3045447,1780281113.3047574,0.21266937255859375,decode,0,0,452715,0.0,0.0,0
forward_start,1780281113.3171904,65,65,65,72,FULL,1780281113.3171904,1780281113.3174329,0.24247169494628906,decode,0,0,452715,0.0,0.0,0
forward_start,1780281113.3172529,65,65,65,72,FULL,1780281113.3172529,1780281113.3174644,0.21147727966308594,decode,1,0,452712,0.0,0.0,0
forward_start,1780281113.330143,64,64,64,72,FULL,1780281113.330143,1780281113.3303854,0.24247169494628906,decode,0,0,452715,0.0,0.0,0
forward_start,1780281113.3302271,65,65,65,72,FULL,1780281113.3302271,1780281113.3304574,0.23031234741210938,decode,1,0,452712,0.0,0.0,0
forward_start,1780281113.3427887,64,64,64,64,FULL,1780281113.3427887,1780281113.3429856,0.19693374633789062,decode,0,0,452715,0.0,0.0,0
forward_start,1780281113.3428774,64,64,64,64,FULL,1780281113.3428774,1780281113.3430927,0.21529197692871094,decode,1,0,452712,0.0,0.0,0
forward_start,1780281113.3559465,64,64,64,64,FULL,1780281113.3559465,1780281113.3561509,0.20432472229003906,decode,0,0,452715,0.0,0.0,0
forward_start,1780281113.356007,63,63,63,64,FULL,1780281113.356007,1780281113.3561945,0.18739700317382812,decode,1,0,452712,0.0,0.0,0
forward_start,1780281113.367947,64,64,64,64,FULL,1780281113.367947,1780281113.3681474,0.2002716064453125,decode,0,0,452715,0.0,0.0,0
forward_start,1780281113.3680186,63,63,63,64,FULL,1780281113.3680186,1780281113.368211,0.19240379333496094,decode,1,0,452712,0.0,0.0,0
forward_start,1780281113.380631,64,64,64,64,FULL,1780281113.380631,1780281113.380834,0.20313262939453125,decode,0,0,452715,0.0,0.0,0
forward_start,1780281113.380689,63,63,63,64,FULL,1780281113.380689,1780281113.3808773,0.18835067749023438,decode,1,0,452712,0.0,0.0,0
forward_start,1780281113.3927095,64,64,64,64,FULL,1780281113.3927095,1780281113.3929129,0.2033710479736328,decode,0,0,452715,0.0,0.0,0
forward_start,1780281113.4029055,63,63,63,64,FULL,1780281113.4029055,1780281113.4031138,0.20837783813476562,decode,1,0,452712,0.20837783813476562,1.0,1
forward_start,1780281113.4062145,63,63,63,64,FULL,1780281113.4062145,1780281113.406461,0.24652481079101562,decode,0,0,452715,0.24652481079101562,1.0,1
forward_start,1780281113.4062443,62,62,62,64,FULL,1780281113.4062443,1780281113.4064698,0.22554397583007812,decode,1,0,452712,0.22554397583007812,1.0,1
forward_start,1780281113.4179885,61,61,61,64,FULL,1780281113.4179885,1780281113.4181786,0.1900196075439453,decode,1,0,452712,0.1900196075439453,1.0,1
forward_start,1780281113.4180076,62,62,62,64,FULL,1780281113.4180076,1780281113.4182203,0.21266937255859375,decode,0,0,452715,0.21266937255859375,1.0,1
forward_start,1780281113.430138,62,62,62,64,FULL,1780281113.430138,1780281113.4303675,0.22935867309570312,decode,0,0,452715,0.0,0.0,0
forward_start,1780281113.4301736,61,61,61,64,FULL,1780281113.4301736,1780281113.4303837,0.21004676818847656,decode,1,0,452712,0.0,0.0,0
forward_start,1780281113.4426742,62,62,62,64,FULL,1780281113.4426742,1780281113.442878,0.20384788513183594,decode,0,0,452715,0.0,0.0,0
forward_start,1780281113.442702,62,62,62,64,FULL,1780281113.442702,1780281113.4428928,0.19073486328125,decode,1,0,452712,0.0,0.0,0
forward_start,1780281113.4550037,62,62,62,64,FULL,1780281113.4550037,1780281113.4552243,0.2205371856689453,decode,0,0,452715,0.0,0.0,0
forward_start,1780281113.4550107,62,62,62,64,FULL,1780281113.4550107,1780281113.4552042,0.19359588623046875,decode,1,0,452712,0.0,0.0,0
forward_start,1780281113.46715,62,62,62,64,FULL,1780281113.46715,1780281113.4673803,0.23031234741210938,decode,0,0,452715,0.0,0.0,0
forward_start,1780281113.46719,62,62,62,64,FULL,1780281113.46719,1780281113.4674022,0.21219253540039062,decode,1,0,452712,0.0,0.0,0
forward_start,1780281113.4847715,62,62,62,64,FULL,1780281113.4847715,1780281113.4849932,0.22172927856445312,decode,1,0,452712,0.44345855712890625,2.0,2
forward_start,1780281113.489185,62,62,62,64,FULL,1780281113.489185,1780281113.4895315,0.3464221954345703,decode,0,0,452715,0.6928443908691406,2.0,2
forward_start,1780281113.495298,62,62,62,64,FULL,1780281113.495298,1780281113.495538,0.24008750915527344,decode,1,0,452712,0.9603500366210938,4.0,4
forward_start,1780281113.4970758,62,62,62,64,FULL,1780281113.4970758,1780281113.4973018,0.22602081298828125,decode,0,0,452715,0.6780624389648438,3.0,3
forward_start,1780281113.5047154,62,62,62,64,FULL,1780281113.5047154,1780281113.504923,0.20766258239746094,decode,0,0,452715,0.4153251647949219,2.0,2
forward_start,1780281113.5047395,62,62,62,64,FULL,1780281113.5047395,1780281113.5049253,0.1857280731201172,decode,1,0,452712,0.3714561462402344,2.0,2
forward_start,1780281113.5175757,63,63,63,64,FULL,1780281113.5175757,1780281113.517773,0.1971721649169922,decode,1,0,452712,0.3943443298339844,2.0,2
forward_start,1780281113.5223615,63,63,63,64,FULL,1780281113.5223615,1780281113.5226357,0.2741813659667969,decode,0,0,452715,0.8225440979003906,3.0,3
forward_start,1780281113.5295749,64,64,64,64,FULL,1780281113.5295749,1780281113.5297961,0.22125244140625,decode,0,0,452715,0.8833408355712891,3.992456896551724,4
forward_start,1780281113.5300033,64,64,64,64,FULL,1780281113.5300033,1780281113.5301976,0.19431114196777344,decode,1,0,452712,0.7772445678710938,4.0,4
forward_start,1780281113.5414524,64,64,64,64,FULL,1780281113.5414524,1780281113.5416589,0.20647048950195312,decode,0,0,452715,0.6194114685058594,3.0,3
forward_start,1780281113.541508,64,64,64,64,FULL,1780281113.541508,1780281113.5416942,0.1862049102783203,decode,1,0,452712,0.5581378936767578,2.9974391805377723,3
forward_start,1780281113.5538445,64,64,64,72,FULL,1780281113.5538445,1780281113.5540526,0.20813941955566406,decode,0,0,452715,0.0,0.0,0
forward_start,1780281113.5539207,65,65,65,72,FULL,1780281113.5539207,1780281113.5541148,0.19407272338867188,decode,1,0,452712,0.0,0.0,0
forward_start,1780281113.566155,66,66,66,72,FULL,1780281113.566155,1780281113.5663927,0.2377033233642578,decode,0,0,452715,0.0,0.0,0
forward_start,1780281113.5663028,66,66,66,72,FULL,1780281113.5663028,1780281113.5665352,0.23245811462402344,decode,1,0,452712,0.0,0.0,0
forward_start,1780281113.5789375,66,66,66,72,FULL,1780281113.5789375,1780281113.5791345,0.19693374633789062,decode,0,0,452715,0.0,0.0,0
forward_start,1780281113.5790083,66,66,66,72,FULL,1780281113.5790083,1780281113.57923,0.22172927856445312,decode,1,0,452712,0.0,0.0,0
forward_start,1780281113.591431,66,66,66,72,FULL,1780281113.591431,1780281113.5916328,0.20194053649902344,decode,0,0,452715,0.0,0.0,0
forward_start,1780281113.5915215,66,66,66,72,FULL,1780281113.5915215,1780281113.591742,0.2205371856689453,decode,1,0,452712,0.0,0.0,0
forward_start,1780281113.6044118,66,66,66,72,FULL,1780281113.6044118,1780281113.6046124,0.20051002502441406,decode,0,0,452715,0.0,0.0,0
forward_start,1780281113.6045144,64,64,64,72,FULL,1780281113.6045144,1780281113.6047025,0.1881122589111328,decode,1,0,452712,0.0,0.0,0
forward_start,1780281113.6170118,66,66,66,72,FULL,1780281113.6170118,1780281113.6172104,0.19860267639160156,decode,0,0,452715,0.0,0.0,0
forward_start,1780281113.6170392,64,64,64,72,FULL,1780281113.6170392,1780281113.6172268,0.1876354217529297,decode,1,0,452712,0.0,0.0,0
forward_start,1780281113.6299398,66,66,66,72,FULL,1780281113.6299398,1780281113.6301556,0.21576881408691406,decode,0,0,452715,0.0,0.0,0
forward_start,1780281113.6299517,64,64,64,72,FULL,1780281113.6299517,1780281113.630142,0.19025802612304688,decode,1,0,452712,0.0,0.0,0
forward_start,1780281113.6427076,66,66,66,72,FULL,1780281113.6427076,1780281113.6429095,0.20194053649902344,decode,0,0,452715,0.0,0.0,0
forward_start,1780281113.666915,64,64,64,72,FULL,1780281113.666915,1780281113.667109,0.19407272338867188,decode,1,0,452712,0.19407272338867188,1.0,1
forward_start,1780281113.6700563,64,64,64,72,FULL,1780281113.6700563,1780281113.6702578,0.2014636993408203,decode,1,0,452712,0.2014636993408203,1.0,1
forward_start,1780281113.6701226,66,66,66,72,FULL,1780281113.6701226,1780281113.6703222,0.1995563507080078,decode,0,0,452715,0.1995563507080078,1.0,1
forward_start,1780281113.6822724,63,63,63,72,FULL,1780281113.6822724,1780281113.6824818,0.20933151245117188,decode,1,0,452712,0.25844573974609375,1.234624145785877,2
forward_start,1780281113.6878836,65,65,65,72,FULL,1780281113.6878836,1780281113.6881905,0.30684471130371094,decode,0,0,452715,0.30684471130371094,1.0,1
forward_start,1780281113.6953967,65,65,65,72,FULL,1780281113.6953967,1780281113.6956174,0.22077560424804688,decode,0,0,452715,0.24747848510742188,1.1209503239740821,2
forward_start,1780281113.6960046,62,62,62,72,FULL,1780281113.6960046,1780281113.6962004,0.1957416534423828,decode,1,0,452712,0.1957416534423828,1.0,1
forward_start,1780281113.7084703,64,64,64,64,FULL,1780281113.7084703,1780281113.708676,0.20575523376464844,decode,0,0,452715,0.20575523376464844,1.0,1
forward_start,1780281113.7085369,63,63,63,64,FULL,1780281113.7085369,1780281113.7087262,0.18930435180664062,decode,1,0,452712,0.18930435180664062,1.0,1
forward_start,1780281113.7208347,63,63,63,72,FULL,1780281113.7208347,1780281113.7210236,0.1888275146484375,decode,1,0,452712,0.0,0.0,0
forward_start,1780281113.7280757,65,65,65,72,FULL,1780281113.7280757,1780281113.728312,0.23627281188964844,decode,0,0,452715,0.23627281188964844,1.0,1
forward_start,1780281113.7329028,65,65,65,72,FULL,1780281113.7329028,1780281113.7331903,0.2875328063964844,decode,0,0,452715,0.2875328063964844,1.0,1
forward_start,1780281113.7330859,64,64,64,72,FULL,1780281113.7330859,1780281113.7332938,0.2079010009765625,decode,1,0,452712,0.148773193359375,0.7155963302752294,1
forward_start,1780281113.7456422,65,65,65,72,FULL,1780281113.7456422,1780281113.74585,0.2079010009765625,decode,0,0,452715,0.0,0.0,0
forward_start,1780281113.745658,64,64,64,72,FULL,1780281113.745658,1780281113.7458415,0.18358230590820312,decode,1,0,452712,0.0,0.0,0
forward_start,1780281113.7583537,66,66,66,72,FULL,1780281113.7583537,1780281113.7585907,0.23698806762695312,decode,0,0,452715,0.0,0.0,0
forward_start,1780281113.7584374,64,64,64,72,FULL,1780281113.7584374,1780281113.7586288,0.1914501190185547,decode,1,0,452712,0.0,0.0,0
forward_start,1780281113.7715518,64,64,64,64,FULL,1780281113.7715518,1780281113.7717865,0.2346038818359375,decode,0,0,452715,0.0,0.0,0
forward_start,1780281113.7715755,63,63,63,64,FULL,1780281113.7715755,1780281113.7717676,0.19216537475585938,decode,1,0,452712,0.0,0.0,0
forward_start,1780281113.7840774,63,63,63,64,FULL,1780281113.7840774,1780281113.7842631,0.1857280731201172,decode,1,0,452712,0.0,0.0,0
forward_start,1780281113.7840843,63,63,63,64,FULL,1780281113.7840843,1780281113.784289,0.20456314086914062,decode,0,0,452715,0.0,0.0,0
forward_start,1780281113.7966902,62,62,62,64,FULL,1780281113.7966902,1780281113.7968779,0.1876354217529297,decode,1,0,452712,0.0,0.0,0
forward_start,1780281113.7967277,63,63,63,64,FULL,1780281113.7967277,1780281113.796961,0.2334117889404297,decode,0,0,452715,0.0,0.0,0
forward_start,1780281113.808708,62,62,62,64,FULL,1780281113.808708,1780281113.8088949,0.186920166015625,decode,1,0,452712,0.0,0.0,0
forward_start,1780281113.808738,63,63,63,64,FULL,1780281113.808738,1780281113.8089795,0.2415180206298828,decode,0,0,452715,0.0,0.0,0
forward_start,1780281113.8210897,61,61,61,64,FULL,1780281113.8210897,1780281113.8212779,0.1881122589111328,decode,1,0,452712,0.0,0.0,0
forward_start,1780281113.8211153,63,63,63,64,FULL,1780281113.8211153,1780281113.821326,0.21076202392578125,decode,0,0,452715,0.0,0.0,0
forward_start,1780281113.8332012,63,63,63,64,FULL,1780281113.8332012,1780281113.8334365,0.2353191375732422,decode,0,0,452715,0.0,0.0,0
forward_start,1780281113.8333,61,61,61,64,FULL,1780281113.8333,1780281113.8335052,0.20503997802734375,decode,1,0,452712,0.0,0.0,0
forward_start,1780281113.8459294,63,63,63,64,FULL,1780281113.8459294,1780281113.8461301,0.20074844360351562,decode,0,0,452715,0.0,0.0,0
forward_start,1780281113.8459337,61,61,61,64,FULL,1780281113.8459337,1780281113.8461149,0.1811981201171875,decode,1,0,452712,0.0,0.0,0
forward_start,1780281113.8582315,62,62,62,64,FULL,1780281113.8582315,1780281113.8584645,0.23293495178222656,decode,0,0,452715,0.0,0.0,0
forward_start,1780281113.8583593,60,60,60,64,FULL,1780281113.8583593,1780281113.8585474,0.1881122589111328,decode,1,0,452712,0.0,0.0,0
forward_start,1780281113.8713272,61,61,61,64,FULL,1780281113.8713272,1780281113.8715987,0.2715587615966797,decode,0,0,452715,0.0,0.0,0
forward_start,1780281113.8714702,60,60,60,64,FULL,1780281113.8714702,1780281113.8716621,0.1919269561767578,decode,1,0,452712,0.0,0.0,0
forward_start,1780281113.8834612,61,61,61,64,FULL,1780281113.8834612,1780281113.8836849,0.22363662719726562,decode,0,0,452715,0.0,0.0,0
forward_start,1780281113.8834991,60,60,60,64,FULL,1780281113.8834991,1780281113.8836875,0.18835067749023438,decode,1,0,452712,0.0,0.0,0
forward_start,1780281113.896096,60,60,60,64,FULL,1780281113.896096,1780281113.8962843,0.18835067749023438,decode,1,0,452712,0.0,0.0,0
forward_start,1780281113.896099,61,61,61,64,FULL,1780281113.896099,1780281113.8963106,0.21147727966308594,decode,0,0,452715,0.0,0.0,0
forward_start,1780281113.9084466,61,61,61,64,FULL,1780281113.9084466,1780281113.9086623,0.21576881408691406,decode,0,0,452715,0.08869171142578125,0.41104972375690607,1
forward_start,1780281113.9099853,60,60,60,64,FULL,1780281113.9099853,1780281113.9101853,0.20003318786621094,decode,1,0,452712,0.20003318786621094,1.0,1
forward_start,1780281113.9208694,61,61,61,64,FULL,1780281113.9208694,1780281113.9210708,0.2014636993408203,decode,0,0,452715,0.2014636993408203,1.0,1
forward_start,1780281113.9208891,60,60,60,64,FULL,1780281113.9208891,1780281113.921082,0.19288063049316406,decode,1,0,452712,0.19288063049316406,1.0,1
forward_start,1780281113.9331021,60,60,60,64,FULL,1780281113.9331021,1780281113.93329,0.18787384033203125,decode,1,0,452712,0.0,0.0,0
forward_start,1780281113.9331248,61,61,61,64,FULL,1780281113.9331248,1780281113.9333615,0.23674964904785156,decode,0,0,452715,0.0,0.0,0
forward_start,1780281113.9459827,60,60,60,64,FULL,1780281113.9459827,1780281113.9461846,0.20194053649902344,decode,0,0,452715,0.0,0.0,0
forward_start,1780281113.946028,61,61,61,64,FULL,1780281113.946028,1780281113.946218,0.1900196075439453,decode,1,0,452712,0.0,0.0,0
forward_start,1780281113.9580016,61,61,61,64,FULL,1780281113.9580016,1780281113.9581919,0.19025802612304688,decode,1,0,452712,0.0,0.0,0
forward_start,1780281113.958012,60,60,60,64,FULL,1780281113.958012,1780281113.9582365,0.2243518829345703,decode,0,0,452715,0.0,0.0,0
forward_start,1780281113.9709795,60,60,60,64,FULL,1780281113.9709795,1780281113.971184,0.20456314086914062,decode,0,0,452715,0.08225440979003906,0.4020979020979021,1
forward_start,1780281113.97254,61,61,61,64,FULL,1780281113.97254,1780281113.9727383,0.1983642578125,decode,1,0,452712,0.1983642578125,1.0,1
forward_start,1780281113.9829354,60,60,60,64,FULL,1780281113.9829354,1780281113.983133,0.1976490020751953,decode,0,0,452715,0.1976490020751953,1.0,1
forward_start,1780281113.982949,61,61,61,64,FULL,1780281113.982949,1780281113.9831374,0.18835067749023438,decode,1,0,452712,0.18835067749023438,1.0,1
forward_start,1780281113.9954863,59,59,59,64,FULL,1780281113.9954863,1780281113.995691,0.2048015594482422,decode,0,0,452715,0.0,0.0,0
forward_start,1780281113.9955266,61,61,61,64,FULL,1780281113.9955266,1780281113.9957132,0.18668174743652344,decode,1,0,452712,0.0,0.0,0
forward_start,1780281114.007978,59,59,59,64,FULL,1780281114.007978,1780281114.0081787,0.20074844360351562,decode,0,0,452715,0.0,0.0,0
forward_start,1780281114.008006,62,62,62,64,FULL,1780281114.008006,1780281114.0081925,0.18644332885742188,decode,1,0,452712,0.0,0.0,0
forward_start,1780281114.0200875,59,59,59,64,FULL,1780281114.0200875,1780281114.0202892,0.20170211791992188,decode,0,0,452715,0.0,0.0,0
forward_start,1780281114.0201328,62,62,62,64,FULL,1780281114.0201328,1780281114.0203233,0.19049644470214844,decode,1,0,452712,0.0,0.0,0
forward_start,1780281114.0326006,58,58,58,64,FULL,1780281114.0326006,1780281114.0328014,0.20074844360351562,decode,0,0,452715,0.0,0.0,0
forward_start,1780281114.0326326,62,62,62,64,FULL,1780281114.0326326,1780281114.0328176,0.1850128173828125,decode,1,0,452712,0.0,0.0,0
forward_start,1780281114.045146,57,57,57,64,FULL,1780281114.045146,1780281114.0453694,0.22339820861816406,decode,0,0,452715,0.0,0.0,0
forward_start,1780281114.0451818,62,62,62,64,FULL,1780281114.0451818,1780281114.0453925,0.21076202392578125,decode,1,0,452712,0.0,0.0,0
forward_start,1780281114.0576289,57,57,57,64,FULL,1780281114.0576289,1780281114.057833,0.2040863037109375,decode,0,0,452715,0.0,0.0,0
forward_start,1780281114.0576317,61,61,61,64,FULL,1780281114.0576317,1780281114.0578482,0.21648406982421875,decode,1,0,452712,0.0,0.0,0
forward_start,1780281114.0699203,57,57,57,64,FULL,1780281114.0699203,1780281114.070121,0.20074844360351562,decode,0,0,452715,0.0,0.0,0
forward_start,1780281114.0699406,61,61,61,64,FULL,1780281114.0699406,1780281114.070127,0.18644332885742188,decode,1,0,452712,0.0,0.0,0
forward_start,1780281114.0822024,57,57,57,64,FULL,1780281114.0822024,1780281114.0824432,0.24080276489257812,decode,0,0,452715,0.0,0.0,0
forward_start,1780281114.082242,61,61,61,64,FULL,1780281114.082242,1780281114.0824456,0.20360946655273438,decode,1,0,452712,0.0,0.0,0
forward_start,1780281114.0948787,57,57,57,64,FULL,1780281114.0948787,1780281114.0950787,0.20003318786621094,decode,0,0,452715,0.0,0.0,0
forward_start,1780281114.0949013,61,61,61,64,FULL,1780281114.0949013,1780281114.09511,0.2086162567138672,decode,1,0,452712,0.0,0.0,0
forward_start,1780281114.1075137,57,57,57,64,FULL,1780281114.1075137,1780281114.1077366,0.22292137145996094,decode,0,0,452715,0.0,0.0,0
forward_start,1780281114.107525,61,61,61,64,FULL,1780281114.107525,1780281114.1077132,0.1881122589111328,decode,1,0,452712,0.0,0.0,0
forward_start,1780281114.1195483,57,57,57,64,FULL,1780281114.1195483,1780281114.1197546,0.20623207092285156,decode,0,0,452715,0.0,0.0,0
forward_start,1780281114.1195753,61,61,61,64,FULL,1780281114.1195753,1780281114.119765,0.18978118896484375,decode,1,0,452712,0.0,0.0,0
forward_start,1780281114.1319544,61,61,61,64,FULL,1780281114.1319544,1780281114.1321568,0.20241737365722656,decode,1,0,452712,0.12230873107910156,0.6042402826855123,1
forward_start,1780281114.1358202,57,57,57,64,FULL,1780281114.1358202,1780281114.1360447,0.22459030151367188,decode,0,0,452715,0.22459030151367188,1.0,1
forward_start,1780281114.1450012,57,57,57,64,FULL,1780281114.1450012,1780281114.1452005,0.19931793212890625,decode,0,0,452715,0.19931793212890625,1.0,1
forward_start,1780281114.1450436,61,61,61,64,FULL,1780281114.1450436,1780281114.1452332,0.1895427703857422,decode,1,0,452712,0.18596649169921875,0.9811320754716981,1
forward_start,1780281114.1569252,56,56,56,64,FULL,1780281114.1569252,1780281114.1571276,0.20241737365722656,decode,0,0,452715,0.0,0.0,0
forward_start,1780281114.156947,61,61,61,64,FULL,1780281114.156947,1780281114.1571367,0.18978118896484375,decode,1,0,452712,0.0,0.0,0
forward_start,1780281114.1697018,57,57,57,64,FULL,1780281114.1697018,1780281114.169903,0.20122528076171875,decode,0,0,452715,0.0,0.0,0
forward_start,1780281114.1697438,61,61,61,64,FULL,1780281114.1697438,1780281114.1699364,0.1926422119140625,decode,1,0,452712,0.0,0.0,0
forward_start,1780281114.1847107,61,61,61,64,FULL,1780281114.1847107,1780281114.184909,0.1983642578125,decode,1,0,452712,0.396728515625,2.0,2
forward_start,1780281114.2011354,57,57,57,64,FULL,1780281114.2011354,1780281114.2013342,0.19884109497070312,decode,0,0,452715,0.5965232849121094,3.0,3
forward_start,1780281114.2046833,57,57,57,64,FULL,1780281114.2046833,1780281114.204898,0.2148151397705078,decode,0,0,452715,0.4296302795410156,2.0,2
forward_start,1780281114.204775,61,61,61,64,FULL,1780281114.204775,1780281114.2049816,0.20647048950195312,decode,1,0,452712,0.41294097900390625,2.0,2
forward_start,1780281114.2159436,61,61,61,64,FULL,1780281114.2159436,1780281114.2161195,0.17595291137695312,decode,1,0,452712,0.17595291137695312,1.0,1
forward_start,1780281114.2159965,58,58,58,64,FULL,1780281114.2159965,1780281114.216203,0.20647048950195312,decode,0,0,452715,0.20647048950195312,1.0,1
forward_start,1780281114.228507,57,57,57,64,FULL,1780281114.228507,1780281114.228708,0.2009868621826172,decode,0,0,452715,0.0,0.0,0
forward_start,1780281114.2285347,62,62,62,64,FULL,1780281114.2285347,1780281114.2287235,0.1888275146484375,decode,1,0,452712,0.0,0.0,0
forward_start,1780281114.240903,58,58,58,64,FULL,1780281114.240903,1780281114.241107,0.2040863037109375,decode,0,0,452715,0.0,0.0,0
forward_start,1780281114.240911,62,62,62,64,FULL,1780281114.240911,1780281114.241104,0.19288063049316406,decode,1,0,452712,0.0,0.0,0
forward_start,1780281114.2532191,58,58,58,64,FULL,1780281114.2532191,1780281114.2534637,0.24461746215820312,decode,0,0,452715,0.0,0.0,0
forward_start,1780281114.2532578,62,62,62,64,FULL,1780281114.2532578,1780281114.2534626,0.2048015594482422,decode,1,0,452712,0.0,0.0,0
forward_start,1780281114.2660408,58,58,58,64,FULL,1780281114.2660408,1780281114.2662756,0.23484230041503906,decode,0,0,452715,0.0,0.0,0
forward_start,1780281114.2660677,62,62,62,64,FULL,1780281114.2660677,1780281114.2662537,0.18596649169921875,decode,1,0,452712,0.0,0.0,0
forward_start,1780281114.278244,58,58,58,64,FULL,1780281114.278244,1780281114.2784872,0.24318695068359375,decode,0,0,452715,0.0,0.0,0
forward_start,1780281114.2782745,62,62,62,64,FULL,1780281114.2782745,1780281114.2784867,0.21219253540039062,decode,1,0,452712,0.0,0.0,0
forward_start,1780281114.2907546,62,62,62,64,FULL,1780281114.2907546,1780281114.2909472,0.1926422119140625,decode,1,0,452712,0.07748603820800781,0.40222772277227725,1
forward_start,1780281114.2981892,57,57,57,64,FULL,1780281114.2981892,1780281114.2984617,0.27251243591308594,decode,0,0,452715,0.27251243591308594,1.0,1
forward_start,1780281114.3034594,62,62,62,64,FULL,1780281114.3034594,1780281114.303678,0.2186298370361328,decode,1,0,452712,0.4372596740722656,2.0,2
forward_start,1780281114.3055093,57,57,57,64,FULL,1780281114.3055093,1780281114.3057256,0.2162456512451172,decode,0,0,452715,0.4324913024902344,2.0,2
forward_start,1780281114.3156936,62,62,62,64,FULL,1780281114.3156936,1780281114.3159075,0.21386146545410156,decode,1,0,452712,0.37169456481933594,1.738015607580825,2
forward_start,1780281114.3177059,57,57,57,64,FULL,1780281114.3177059,1780281114.317927,0.22101402282714844,decode,0,0,452715,0.4420280456542969,2.0,2
forward_start,1780281114.328278,58,58,58,64,FULL,1780281114.328278,1780281114.3285224,0.24437904357910156,decode,0,0,452715,0.24437904357910156,1.0,1
forward_start,1780281114.3283072,61,61,61,64,FULL,1780281114.3283072,1780281114.3285143,0.2071857452392578,decode,1,0,452712,0.2071857452392578,1.0,1
forward_start,1780281114.3407655,59,59,59,64,FULL,1780281114.3407655,1780281114.3409638,0.1983642578125,decode,0,0,452715,0.0,0.0,0
forward_start,1780281114.3407774,61,61,61,64,FULL,1780281114.3407774,1780281114.3409646,0.18715858459472656,decode,1,0,452712,0.0,0.0,0
forward_start,1780281114.3531625,60,60,60,64,FULL,1780281114.3531625,1780281114.3533888,0.2262592315673828,decode,0,0,452715,0.0,0.0,0
forward_start,1780281114.3532028,61,61,61,64,FULL,1780281114.3532028,1780281114.3534398,0.23698806762695312,decode,1,0,452712,0.0,0.0,0
forward_start,1780281114.365463,60,60,60,64,FULL,1780281114.365463,1780281114.3656628,0.19979476928710938,decode,0,0,452715,0.0,0.0,0
forward_start,1780281114.365483,61,61,61,64,FULL,1780281114.365483,1780281114.3656607,0.17762184143066406,decode,1,0,452712,0.0,0.0,0
forward_start,1780281114.3778636,60,60,60,64,FULL,1780281114.3778636,1780281114.3780618,0.19812583923339844,decode,0,0,452715,0.0,0.0,0
forward_start,1780281114.3778834,61,61,61,64,FULL,1780281114.3778834,1780281114.3780732,0.18978118896484375,decode,1,0,452712,0.0,0.0,0
forward_start,1780281114.3902626,60,60,60,64,FULL,1780281114.3902626,1780281114.39053,0.2675056457519531,decode,0,0,452715,0.0,0.0,0
forward_start,1780281114.4121363,61,61,61,64,FULL,1780281114.4121363,1780281114.412357,0.22077560424804688,decode,1,0,452712,0.22077560424804688,1.0,1
forward_start,1780281114.415733,60,60,60,64,FULL,1780281114.415733,1780281114.4159424,0.20933151245117188,decode,1,0,452712,0.2620220184326172,1.2517084282460136,2
forward_start,1780281114.4178524,59,59,59,64,FULL,1780281114.4178524,1780281114.418077,0.22459030151367188,decode,0,0,452715,0.44918060302734375,2.0,2
forward_start,1780281114.426935,59,59,59,64,FULL,1780281114.426935,1780281114.4271464,0.21147727966308594,decode,0,0,452715,0.6344318389892578,3.0,3
forward_start,1780281114.4272952,60,60,60,64,FULL,1780281114.4272952,1780281114.427502,0.2067089080810547,decode,1,0,452712,0.4134178161621094,2.0,2
forward_start,1780281114.4394126,60,60,60,64,FULL,1780281114.4394126,1780281114.439602,0.18930435180664062,decode,1,0,452712,0.20956993103027344,1.1070528967254407,2
forward_start,1780281114.4434953,59,59,59,64,FULL,1780281114.4434953,1780281114.443739,0.24366378784179688,decode,0,0,452715,0.24366378784179688,1.0,1
forward_start,1780281114.451993,61,61,61,64,FULL,1780281114.451993,1780281114.4521801,0.18715858459472656,decode,1,0,452712,0.18715858459472656,1.0,1
forward_start,1780281114.452004,60,60,60,64,FULL,1780281114.452004,1780281114.452216,0.21195411682128906,decode,0,0,452715,0.21195411682128906,1.0,1
forward_start,1780281114.4640996,60,60,60,64,FULL,1780281114.4640996,1780281114.4643004,0.20074844360351562,decode,0,0,452715,0.0,0.0,0
forward_start,1780281114.4641416,62,62,62,64,FULL,1780281114.4641416,1780281114.464328,0.18644332885742188,decode,1,0,452712,0.0,0.0,0
forward_start,1780281114.4766004,62,62,62,64,FULL,1780281114.4766004,1780281114.4767916,0.19121170043945312,decode,1,0,452712,0.0,0.0,0
forward_start,1780281114.4766572,61,61,61,64,FULL,1780281114.4766572,1780281114.476881,0.2238750457763672,decode,0,0,452715,0.0,0.0,0
forward_start,1780281114.4889615,62,62,62,64,FULL,1780281114.4889615,1780281114.489145,0.18358230590820312,decode,1,0,452712,0.0,0.0,0
forward_start,1780281114.4889932,61,61,61,64,FULL,1780281114.4889932,1780281114.4892025,0.20933151245117188,decode,0,0,452715,0.0,0.0,0
forward_start,1780281114.5012836,61,61,61,64,FULL,1780281114.5012836,1780281114.501528,0.24437904357910156,decode,0,0,452715,0.0,0.0,0
forward_start,1780281114.501309,62,62,62,64,FULL,1780281114.501309,1780281114.5015182,0.20933151245117188,decode,1,0,452712,0.0,0.0,0
forward_start,1780281114.5139842,61,61,61,64,FULL,1780281114.5139842,1780281114.5141945,0.21028518676757812,decode,0,0,452715,0.06079673767089844,0.2891156462585034,1
forward_start,1780281114.518738,62,62,62,64,FULL,1780281114.518738,1780281114.5189424,0.20432472229003906,decode,1,0,452712,0.20432472229003906,1.0,1
forward_start,1780281114.526464,62,62,62,64,FULL,1780281114.526464,1780281114.5266469,0.18286705017089844,decode,1,0,452712,0.18286705017089844,1.0,1
forward_start,1780281114.526512,61,61,61,64,FULL,1780281114.526512,1780281114.5267262,0.2143383026123047,decode,0,0,452715,0.17189979553222656,0.8020022246941045,1
forward_start,1780281114.5385365,61,61,61,64,FULL,1780281114.5385365,1780281114.5387452,0.2086162567138672,decode,0,0,452715,0.0,0.0,0
forward_start,1780281114.5385554,62,62,62,64,FULL,1780281114.5385554,1780281114.5387502,0.19478797912597656,decode,1,0,452712,0.0,0.0,0
forward_start,1780281114.5509279,61,61,61,64,FULL,1780281114.5509279,1780281114.551131,0.20313262939453125,decode,0,0,452715,0.0,0.0,0
forward_start,1780281114.5509598,61,61,61,64,FULL,1780281114.5509598,1780281114.5511532,0.1933574676513672,decode,1,0,452712,0.0,0.0,0
forward_start,1780281114.5636158,60,60,60,64,FULL,1780281114.5636158,1780281114.5638053,0.1895427703857422,decode,0,0,452715,0.0,0.0,0
forward_start,1780281114.563681,61,61,61,64,FULL,1780281114.563681,1780281114.5638976,0.2167224884033203,decode,1,0,452712,0.0,0.0,0
forward_start,1780281114.5756705,60,60,60,64,FULL,1780281114.5756705,1780281114.5758748,0.20432472229003906,decode,0,0,452715,0.0,0.0,0
forward_start,1780281114.575712,61,61,61,64,FULL,1780281114.575712,1780281114.5758998,0.18787384033203125,decode,1,0,452712,0.0,0.0,0
forward_start,1780281114.5881083,61,61,61,64,FULL,1780281114.5881083,1780281114.5882983,0.1900196075439453,decode,1,0,452712,0.0,0.0,0
forward_start,1780281114.5980256,60,60,60,64,FULL,1780281114.5980256,1780281114.5982952,0.2696514129638672,decode,0,0,452715,0.2696514129638672,1.0,1
forward_start,1780281114.6010087,60,60,60,64,FULL,1780281114.6010087,1780281114.6012082,0.1995563507080078,decode,0,0,452715,0.2951622009277344,1.4790919952210275,2
forward_start,1780281114.6015217,61,61,61,64,FULL,1780281114.6015217,1780281114.601718,0.19621849060058594,decode,1,0,452712,0.19621849060058594,1.0,1
forward_start,1780281114.6131017,60,60,60,64,FULL,1780281114.6131017,1780281114.6133046,0.2028942108154297,decode,0,0,452715,0.2028942108154297,1.0,1
forward_start,1780281114.6131432,60,60,60,64,FULL,1780281114.6131432,1780281114.6133342,0.19097328186035156,decode,1,0,452712,0.19097328186035156,1.0,1
forward_start,1780281114.6255326,61,61,61,64,FULL,1780281114.6255326,1780281114.625734,0.2014636993408203,decode,0,0,452715,0.0,0.0,0
forward_start,1780281114.6255674,59,59,59,64,FULL,1780281114.6255674,1780281114.625755,0.1876354217529297,decode,1,0,452712,0.0,0.0,0
forward_start,1780281114.638097,61,61,61,64,FULL,1780281114.638097,1780281114.638296,0.19884109497070312,decode,0,0,452715,0.0,0.0,0
forward_start,1780281114.6381412,59,59,59,64,FULL,1780281114.6381412,1780281114.6383278,0.18668174743652344,decode,1,0,452712,0.0,0.0,0
forward_start,1780281114.6501496,61,61,61,64,FULL,1780281114.6501496,1780281114.6503718,0.22220611572265625,decode,0,0,452715,0.0,0.0,0
forward_start,1780281114.6501784,58,58,58,64,FULL,1780281114.6501784,1780281114.650421,0.24247169494628906,decode,1,0,452712,0.0,0.0,0
forward_start,1780281114.6627018,61,61,61,64,FULL,1780281114.6627018,1780281114.6629155,0.213623046875,decode,0,0,452715,0.0,0.0,0
forward_start,1780281114.6627169,58,58,58,64,FULL,1780281114.6627169,1780281114.6629057,0.1888275146484375,decode,1,0,452712,0.0,0.0,0
forward_start,1780281114.6747782,61,61,61,64,FULL,1780281114.6747782,1780281114.6749828,0.20456314086914062,decode,0,0,452715,0.0,0.0,0
forward_start,1780281114.6747816,58,58,58,64,FULL,1780281114.6747816,1780281114.6750019,0.22029876708984375,decode,1,0,452712,0.0,0.0,0
forward_start,1780281114.6872282,58,58,58,64,FULL,1780281114.6872282,1780281114.6874354,0.2071857452392578,decode,1,0,452712,0.0,0.0,0
forward_start,1780281114.700272,61,61,61,64,FULL,1780281114.700272,1780281114.7005987,0.3266334533691406,decode,0,0,452715,0.3266334533691406,1.0,1
forward_start,1780281114.7050517,58,58,58,64,FULL,1780281114.7050517,1780281114.7052515,0.19979476928710938,decode,1,0,452712,0.5993843078613281,3.0,3
forward_start,1780281114.7126417,61,61,61,64,FULL,1780281114.7126417,1780281114.7128305,0.1888275146484375,decode,0,0,452715,0.5664825439453125,3.0,3
forward_start,1780281114.7159822,61,61,61,64,FULL,1780281114.7159822,1780281114.7161996,0.217437744140625,decode,0,0,452715,0.43487548828125,2.0,2
forward_start,1780281114.7160842,58,58,58,64,FULL,1780281114.7160842,1780281114.7162852,0.2009868621826172,decode,1,0,452712,0.4019737243652344,2.0,2
forward_start,1780281114.7273326,62,62,62,64,FULL,1780281114.7273326,1780281114.7275746,0.24199485778808594,decode,0,0,452715,0.24199485778808594,1.0,1
forward_start,1780281114.7274866,58,58,58,64,FULL,1780281114.7274866,1780281114.7276747,0.1881122589111328,decode,1,0,452712,0.1239776611328125,0.6590621039290241,1
forward_start,1780281114.7400627,62,62,62,64,FULL,1780281114.7400627,1780281114.7402654,0.20265579223632812,decode,0,0,452715,0.0,0.0,0
forward_start,1780281114.7401035,59,59,59,64,FULL,1780281114.7401035,1780281114.7402918,0.18835067749023438,decode,1,0,452712,0.0,0.0,0
forward_start,1780281114.7522433,63,63,63,64,FULL,1780281114.7522433,1780281114.7524936,0.2503395080566406,decode,0,0,452715,0.0,0.0,0
forward_start,1780281114.752293,59,59,59,64,FULL,1780281114.752293,1780281114.7525015,0.20837783813476562,decode,1,0,452712,0.0,0.0,0
forward_start,1780281114.7648952,59,59,59,64,FULL,1780281114.7648952,1780281114.7650836,0.18835067749023438,decode,1,0,452712,0.0,0.0,0
forward_start,1780281114.764896,62,62,62,64,FULL,1780281114.764896,1780281114.7651281,0.23221969604492188,decode,0,0,452715,0.0,0.0,0
forward_start,1780281114.779036,58,58,58,64,FULL,1780281114.779036,1780281114.7792344,0.1983642578125,decode,1,0,452712,0.396728515625,2.0,2
forward_start,1780281114.7897549,62,62,62,64,FULL,1780281114.7897549,1780281114.7900481,0.2932548522949219,decode,0,0,452715,0.5865097045898438,2.0,2
forward_start,1780281114.7931254,58,58,58,64,FULL,1780281114.7931254,1780281114.7933145,0.18906593322753906,decode,1,0,452712,0.3781318664550781,2.0,2
forward_start,1780281114.793148,62,62,62,64,FULL,1780281114.793148,1780281114.793456,0.30803680419921875,decode,0,0,452715,0.5238056182861328,1.7004643962848298,2
forward_start,1780281114.8047042,62,62,62,64,FULL,1780281114.8047042,1780281114.8049214,0.21719932556152344,decode,0,0,452715,0.3788471221923828,1.7442371020856202,2
forward_start,1780281114.8051925,58,58,58,64,FULL,1780281114.8051925,1780281114.8054044,0.21195411682128906,decode,1,0,452712,0.21195411682128906,1.0,1
forward_start,1780281114.8171945,62,62,62,64,FULL,1780281114.8171945,1780281114.8174405,0.2460479736328125,decode,0,0,452715,0.029802322387695312,0.12112403100775193,1
forward_start,1780281114.8210669,59,59,59,64,FULL,1780281114.8210669,1780281114.8212876,0.22077560424804688,decode,1,0,452712,0.22077560424804688,1.0,1
forward_start,1780281114.8295422,60,60,60,64,FULL,1780281114.8295422,1780281114.8297336,0.1914501190185547,decode,1,0,452712,0.1914501190185547,1.0,1
forward_start,1780281114.829558,63,63,63,64,FULL,1780281114.829558,1780281114.829768,0.21004676818847656,decode,0,0,452715,0.21004676818847656,1.0,1
forward_start,1780281114.8418398,60,60,60,64,FULL,1780281114.8418398,1780281114.8420317,0.1919269561767578,decode,1,0,452712,0.0,0.0,0
forward_start,1780281114.8418882,63,63,63,64,FULL,1780281114.8418882,1780281114.8420997,0.21147727966308594,decode,0,0,452715,0.0,0.0,0
forward_start,1780281114.8542051,62,62,62,64,FULL,1780281114.8542051,1780281114.8544478,0.24271011352539062,decode,0,0,452715,0.0,0.0,0
forward_start,1780281114.854256,61,61,61,64,FULL,1780281114.854256,1780281114.854461,0.20503997802734375,decode,1,0,452712,0.0,0.0,0
forward_start,1780281114.8667169,60,60,60,64,FULL,1780281114.8667169,1780281114.8669055,0.18858909606933594,decode,1,0,452712,0.0,0.0,0
forward_start,1780281114.86675,62,62,62,64,FULL,1780281114.86675,1780281114.8669834,0.2334117889404297,decode,0,0,452715,0.0,0.0,0
forward_start,1780281114.8789082,60,60,60,64,FULL,1780281114.8789082,1780281114.8790987,0.19049644470214844,decode,1,0,452712,0.0,0.0,0
forward_start,1780281114.8789344,62,62,62,64,FULL,1780281114.8789344,1780281114.879169,0.2346038818359375,decode,0,0,452715,0.0,0.0,0
forward_start,1780281114.8912077,60,60,60,64,FULL,1780281114.8912077,1780281114.8914144,0.2067089080810547,decode,1,0,452712,0.0,0.0,0
forward_start,1780281114.8912165,62,62,62,64,FULL,1780281114.8912165,1780281114.8914652,0.2486705780029297,decode,0,0,452715,0.0,0.0,0
forward_start,1780281114.9033694,62,62,62,64,FULL,1780281114.9033694,1780281114.9036179,0.24843215942382812,decode,0,0,452715,0.0,0.0,0
forward_start,1780281114.9033818,60,60,60,64,FULL,1780281114.9033818,1780281114.9035728,0.19097328186035156,decode,1,0,452712,0.0,0.0,0
forward_start,1780281114.9159517,62,62,62,64,FULL,1780281114.9159517,1780281114.9161541,0.20241737365722656,decode,0,0,452715,0.0,0.0,0
forward_start,1780281114.9159632,60,60,60,64,FULL,1780281114.9159632,1780281114.916158,0.19478797912597656,decode,1,0,452712,0.0,0.0,0
forward_start,1780281114.9286904,60,60,60,64,FULL,1780281114.9286904,1780281114.9288766,0.1862049102783203,decode,1,0,452712,0.0,0.0,0
forward_start,1780281114.9286973,62,62,62,64,FULL,1780281114.9286973,1780281114.9289007,0.2033710479736328,decode,0,0,452715,0.0,0.0,0
forward_start,1780281114.940603,62,62,62,64,FULL,1780281114.940603,1780281114.9408026,0.1995563507080078,decode,0,0,452715,0.0,0.0,0
forward_start,1780281114.9406147,60,60,60,64,FULL,1780281114.9406147,1780281114.940802,0.18739700317382812,decode,1,0,452712,0.0,0.0,0
forward_start,1780281114.9524484,62,62,62,64,FULL,1780281114.9524484,1780281114.9526703,0.2219676971435547,decode,0,0,452715,0.0,0.0,0
forward_start,1780281114.9524992,60,60,60,64,FULL,1780281114.9524992,1780281114.952686,0.186920166015625,decode,1,0,452712,0.0,0.0,0
forward_start,1780281114.965098,62,62,62,64,FULL,1780281114.965098,1780281114.9653,0.202178955078125,decode,0,0,452715,0.0,0.0,0
forward_start,1780281114.9651453,59,59,59,64,FULL,1780281114.9651453,1780281114.9653301,0.18477439880371094,decode,1,0,452712,0.0,0.0,0
forward_start,1780281114.9770715,62,62,62,64,FULL,1780281114.9770715,1780281114.9772718,0.2002716064453125,decode,0,0,452715,0.0,0.0,0
forward_start,1780281114.977122,59,59,59,64,FULL,1780281114.977122,1780281114.9773083,0.1862049102783203,decode,1,0,452712,0.0,0.0,0
forward_start,1780281114.9895346,59,59,59,64,FULL,1780281114.9895346,1780281114.9897556,0.22101402282714844,decode,1,0,452712,0.0,0.0,0
forward_start,1780281114.9895597,62,62,62,64,FULL,1780281114.9895597,1780281114.9897892,0.2295970916748047,decode,0,0,452715,0.0,0.0,0
forward_start,1780281115.0018847,62,62,62,64,FULL,1780281115.0018847,1780281115.0020955,0.21076202392578125,decode,0,0,452715,0.09179115295410156,0.43552036199095023,1
forward_start,1780281115.0033686,59,59,59,64,FULL,1780281115.0033686,1780281115.0035617,0.19311904907226562,decode,1,0,452712,0.19311904907226562,1.0,1
forward_start,1780281115.0142329,62,62,62,64,FULL,1780281115.0142329,1780281115.0144622,0.22935867309570312,decode,0,0,452715,0.22935867309570312,1.0,1
forward_start,1780281115.0143185,59,59,59,64,FULL,1780281115.0143185,1780281115.0145183,0.19979476928710938,decode,1,0,452712,0.19979476928710938,1.0,1
forward_start,1780281115.0265708,62,62,62,64,FULL,1780281115.0265708,1780281115.0267985,0.2276897430419922,decode,0,0,452715,0.0,0.0,0
forward_start,1780281115.0265763,59,59,59,64,FULL,1780281115.0265763,1780281115.0267642,0.18787384033203125,decode,1,0,452712,0.0,0.0,0
forward_start,1780281115.0390875,62,62,62,64,FULL,1780281115.0390875,1780281115.0393088,0.22125244140625,decode,0,0,452715,0.0,0.0,0
forward_start,1780281115.0391576,60,60,60,64,FULL,1780281115.0391576,1780281115.0393531,0.19550323486328125,decode,1,0,452712,0.0,0.0,0
forward_start,1780281115.0513616,62,62,62,64,FULL,1780281115.0513616,1780281115.051584,0.2224445343017578,decode,0,0,452715,0.0,0.0,0
forward_start,1780281115.0513985,60,60,60,64,FULL,1780281115.0513985,1780281115.0515878,0.18930435180664062,decode,1,0,452712,0.0,0.0,0
forward_start,1780281115.0637798,60,60,60,64,FULL,1780281115.0637798,1780281115.0639656,0.1857280731201172,decode,1,0,452712,0.0,0.0,0
forward_start,1780281115.0637894,62,62,62,64,FULL,1780281115.0637894,1780281115.06399,0.20074844360351562,decode,0,0,452715,0.0,0.0,0
forward_start,1780281115.0763524,62,62,62,64,FULL,1780281115.0763524,1780281115.0765996,0.2472400665283203,decode,0,0,452715,0.0,0.0,0
forward_start,1780281115.0814252,60,60,60,64,FULL,1780281115.0814252,1780281115.081657,0.23174285888671875,decode,1,0,452712,0.23174285888671875,1.0,1
forward_start,1780281115.0889308,60,60,60,64,FULL,1780281115.0889308,1780281115.0891325,0.20170211791992188,decode,1,0,452712,0.28252601623535156,1.400709219858156,2
forward_start,1780281115.091278,61,61,61,64,FULL,1780281115.091278,1780281115.0915356,0.2574920654296875,decode,0,0,452715,0.514984130859375,2.0,2
forward_start,1780281115.101043,59,59,59,64,FULL,1780281115.101043,1780281115.1012454,0.20241737365722656,decode,0,0,452715,0.4048347473144531,2.0,2
forward_start,1780281115.1010842,60,60,60,64,FULL,1780281115.1010842,1780281115.1012704,0.1862049102783203,decode,1,0,452712,0.3724098205566406,2.0,2
forward_start,1780281115.113683,58,58,58,64,FULL,1780281115.113683,1780281115.1139088,0.2257823944091797,decode,0,0,452715,0.0,0.0,0
forward_start,1780281115.1137161,59,59,59,64,FULL,1780281115.1137161,1780281115.1139014,0.18525123596191406,decode,1,0,452712,0.0,0.0,0
forward_start,1780281115.1258197,60,60,60,64,FULL,1780281115.1258197,1780281115.1260052,0.18548965454101562,decode,1,0,452712,0.0,0.0,0
forward_start,1780281115.125836,59,59,59,64,FULL,1780281115.125836,1780281115.1260388,0.2028942108154297,decode,0,0,452715,0.0,0.0,0
forward_start,1780281115.1381755,60,60,60,64,FULL,1780281115.1381755,1780281115.1383882,0.21266937255859375,decode,1,0,452712,0.0,0.0,0
forward_start,1780281115.1381872,59,59,59,64,FULL,1780281115.1381872,1780281115.1384172,0.2300739288330078,decode,0,0,452715,0.0,0.0,0
forward_start,1780281115.1503084,59,59,59,64,FULL,1780281115.1503084,1780281115.1505625,0.2541542053222656,decode,0,0,452715,0.0,0.0,0
forward_start,1780281115.1503613,60,60,60,64,FULL,1780281115.1503613,1780281115.1505485,0.18715858459472656,decode,1,0,452712,0.0,0.0,0
forward_start,1780281115.1633184,60,60,60,64,FULL,1780281115.1633184,1780281115.1635294,0.2110004425048828,decode,1,0,452712,0.0,0.0,0
forward_start,1780281115.1750443,59,59,59,64,FULL,1780281115.1750443,1780281115.1753566,0.3123283386230469,decode,0,0,452715,0.3123283386230469,1.0,1
forward_start,1780281115.178224,59,59,59,64,FULL,1780281115.178224,1780281115.1785564,0.3323554992675781,decode,0,0,452715,0.3323554992675781,1.0,1
forward_start,1780281115.178263,60,60,60,64,FULL,1780281115.178263,1780281115.1784735,0.2105236053466797,decode,1,0,452712,0.2105236053466797,1.0,1
forward_start,1780281115.1899858,59,59,59,64,FULL,1780281115.1899858,1780281115.190184,0.1983642578125,decode,0,0,452715,0.1983642578125,1.0,1
forward_start,1780281115.193292,60,60,60,64,FULL,1780281115.193292,1780281115.1935158,0.2238750457763672,decode,1,0,452712,0.2238750457763672,1.0,1
forward_start,1780281115.2019637,59,59,59,64,FULL,1780281115.2019637,1780281115.2021894,0.2257823944091797,decode,0,0,452715,0.2257823944091797,1.0,1
forward_start,1780281115.2019732,60,60,60,64,FULL,1780281115.2019732,1780281115.2021623,0.18906593322753906,decode,1,0,452712,0.18906593322753906,1.0,1
forward_start,1780281115.2146375,59,59,59,64,FULL,1780281115.2146375,1780281115.214821,0.18358230590820312,decode,1,0,452712,0.0,0.0,0
forward_start,1780281115.2146516,59,59,59,64,FULL,1780281115.2146516,1780281115.2148566,0.20503997802734375,decode,0,0,452715,0.0,0.0,0
forward_start,1780281115.226808,59,59,59,64,FULL,1780281115.226808,1780281115.227007,0.19884109497070312,decode,0,0,452715,0.0,0.0,0
forward_start,1780281115.2268252,60,60,60,64,FULL,1780281115.2268252,1780281115.2270117,0.18644332885742188,decode,1,0,452712,0.0,0.0,0
forward_start,1780281115.2393825,59,59,59,64,FULL,1780281115.2393825,1780281115.2396307,0.24819374084472656,decode,0,0,452715,0.10514259338378906,0.42363112391930835,1
forward_start,1780281115.2471738,60,60,60,64,FULL,1780281115.2471738,1780281115.2473884,0.21457672119140625,decode,1,0,452712,0.21457672119140625,1.0,1
forward_start,1780281115.2513883,59,59,59,64,FULL,1780281115.2513883,1780281115.2516248,0.23651123046875,decode,0,0,452715,0.23651123046875,1.0,1
forward_start,1780281115.2514102,60,60,60,64,FULL,1780281115.2514102,1780281115.251603,0.1926422119140625,decode,1,0,452712,0.1926422119140625,1.0,1
forward_start,1780281115.263947,58,58,58,64,FULL,1780281115.263947,1780281115.2641451,0.19812583923339844,decode,0,0,452715,0.19812583923339844,1.0,1
forward_start,1780281115.2639642,60,60,60,64,FULL,1780281115.2639642,1780281115.264151,0.186920166015625,decode,1,0,452712,0.186920166015625,1.0,1
forward_start,1780281115.2760887,58,58,58,64,FULL,1780281115.2760887,1780281115.2762895,0.20074844360351562,decode,0,0,452715,0.0,0.0,0
forward_start,1780281115.2760947,60,60,60,64,FULL,1780281115.2760947,1780281115.2762837,0.18906593322753906,decode,1,0,452712,0.0,0.0,0
forward_start,1780281115.2886498,61,61,61,64,FULL,1780281115.2886498,1780281115.2888427,0.19288063049316406,decode,1,0,452712,0.0,0.0,0
forward_start,1780281115.2886968,58,58,58,64,FULL,1780281115.2886968,1780281115.2889078,0.2110004425048828,decode,0,0,452715,0.0,0.0,0
forward_start,1780281115.3006253,58,58,58,64,FULL,1780281115.3006253,1780281115.3008249,0.1995563507080078,decode,0,0,452715,0.0,0.0,0
forward_start,1780281115.3006377,61,61,61,64,FULL,1780281115.3006377,1780281115.3008223,0.18453598022460938,decode,1,0,452712,0.0,0.0,0
forward_start,1780281115.312936,58,58,58,64,FULL,1780281115.312936,1780281115.3131256,0.1895427703857422,decode,0,0,452715,0.0,0.0,0
forward_start,1780281115.313006,61,61,61,64,FULL,1780281115.313006,1780281115.3132167,0.21076202392578125,decode,1,0,452712,0.0,0.0,0
forward_start,1780281115.3259482,58,58,58,64,FULL,1780281115.3259482,1780281115.3261476,0.19931793212890625,decode,0,0,452715,0.0,0.0,0
forward_start,1780281115.3259716,61,61,61,64,FULL,1780281115.3259716,1780281115.3261638,0.19216537475585938,decode,1,0,452712,0.0,0.0,0
forward_start,1780281115.3375793,58,58,58,64,FULL,1780281115.3375793,1780281115.337771,0.19168853759765625,decode,0,0,452715,0.0,0.0,0
forward_start,1780281115.3376713,61,61,61,64,FULL,1780281115.3376713,1780281115.3378563,0.1850128173828125,decode,1,0,452712,0.0,0.0,0
forward_start,1780281115.3500097,57,57,57,64,FULL,1780281115.3500097,1780281115.3502004,0.19073486328125,decode,0,0,452715,0.0,0.0,0
forward_start,1780281115.350081,61,61,61,64,FULL,1780281115.350081,1780281115.3502634,0.1823902130126953,decode,1,0,452712,0.0,0.0,0
forward_start,1780281115.3621063,57,57,57,64,FULL,1780281115.3621063,1780281115.3622987,0.19240379333496094,decode,0,0,452715,0.0,0.0,0
forward_start,1780281115.362171,61,61,61,64,FULL,1780281115.362171,1780281115.362373,0.202178955078125,decode,1,0,452712,0.0,0.0,0
forward_start,1780281115.3748808,57,57,57,64,FULL,1780281115.3748808,1780281115.3750665,0.1857280731201172,decode,0,0,452715,0.0,0.0,0
forward_start,1780281115.3749719,61,61,61,64,FULL,1780281115.3749719,1780281115.3751574,0.18548965454101562,decode,1,0,452712,0.0,0.0,0
forward_start,1780281115.387101,57,57,57,64,FULL,1780281115.387101,1780281115.3872986,0.1976490020751953,decode,0,0,452715,0.0,0.0,0
forward_start,1780281115.387125,60,60,60,64,FULL,1780281115.387125,1780281115.387315,0.1900196075439453,decode,1,0,452712,0.0,0.0,0
forward_start,1780281115.3994014,57,57,57,64,FULL,1780281115.3994014,1780281115.3996024,0.2009868621826172,decode,0,0,452715,0.0,0.0,0
forward_start,1780281115.399494,59,59,59,64,FULL,1780281115.399494,1780281115.3996778,0.1838207244873047,decode,1,0,452712,0.0,0.0,0
forward_start,1780281115.4116707,57,57,57,64,FULL,1780281115.4116707,1780281115.411876,0.2052783966064453,decode,0,0,452715,0.0,0.0,0
forward_start,1780281115.4116876,59,59,59,64,FULL,1780281115.4116876,1780281115.4118721,0.18453598022460938,decode,1,0,452712,0.0,0.0,0
forward_start,1780281115.423851,59,59,59,64,FULL,1780281115.423851,1780281115.424081,0.2300739288330078,decode,1,0,452712,0.0,0.0,0
forward_start,1780281115.4239287,57,57,57,64,FULL,1780281115.4239287,1780281115.424143,0.2143383026123047,decode,0,0,452715,0.0,0.0,0
forward_start,1780281115.4363167,57,57,57,64,FULL,1780281115.4363167,1780281115.436566,0.24938583374023438,decode,0,0,452715,0.0,0.0,0
forward_start,1780281115.4363804,59,59,59,64,FULL,1780281115.4363804,1780281115.4365704,0.1900196075439453,decode,1,0,452712,0.0,0.0,0
forward_start,1780281115.4486063,59,59,59,64,FULL,1780281115.4486063,1780281115.4487927,0.18644332885742188,decode,1,0,452712,0.09202957153320312,0.4936061381074169,1
forward_start,1780281115.4535558,57,57,57,64,FULL,1780281115.4535558,1780281115.4537776,0.22172927856445312,decode,0,0,452715,0.22172927856445312,1.0,1
forward_start,1780281115.460876,57,57,57,64,FULL,1780281115.460876,1780281115.4610798,0.20384788513183594,decode,0,0,452715,0.20384788513183594,1.0,1
forward_start,1780281115.460879,59,59,59,64,FULL,1780281115.460879,1780281115.4610655,0.18644332885742188,decode,1,0,452712,0.18644332885742188,1.0,1
forward_start,1780281115.4731545,57,57,57,64,FULL,1780281115.4731545,1780281115.4733634,0.20885467529296875,decode,0,0,452715,0.0,0.0,0
forward_start,1780281115.4732487,59,59,59,64,FULL,1780281115.4732487,1780281115.4734552,0.20647048950195312,decode,1,0,452712,0.0,0.0,0
forward_start,1780281115.4857106,58,58,58,64,FULL,1780281115.4857106,1780281115.4859107,0.20003318786621094,decode,0,0,452715,0.0,0.0,0
forward_start,1780281115.4857187,58,58,58,64,FULL,1780281115.4857187,1780281115.4859066,0.18787384033203125,decode,1,0,452712,0.0,0.0,0
forward_start,1780281115.498111,57,57,57,64,FULL,1780281115.498111,1780281115.4983118,0.20074844360351562,decode,0,0,452715,0.0,0.0,0
forward_start,1780281115.498124,58,58,58,64,FULL,1780281115.498124,1780281115.4983592,0.2353191375732422,decode,1,0,452712,0.0,0.0,0
forward_start,1780281115.51045,58,58,58,64,FULL,1780281115.51045,1780281115.51064,0.1900196075439453,decode,1,0,452712,0.0,0.0,0
forward_start,1780281115.510477,56,56,56,64,FULL,1780281115.510477,1780281115.5106933,0.2162456512451172,decode,0,0,452715,0.0,0.0,0
forward_start,1780281115.528467,58,58,58,64,FULL,1780281115.528467,1780281115.528694,0.2269744873046875,decode,1,0,452712,0.453948974609375,2.0,2
forward_start,1780281115.5338268,55,55,55,64,FULL,1780281115.5338268,1780281115.5341403,0.3135204315185547,decode,0,0,452715,0.6270408630371094,2.0,2
forward_start,1780281115.5372057,58,58,58,64,FULL,1780281115.5372057,1780281115.5374274,0.22172927856445312,decode,1,0,452712,0.44345855712890625,2.0,2
forward_start,1780281115.5372255,55,55,55,64,FULL,1780281115.5372255,1780281115.5375698,0.34427642822265625,decode,0,0,452715,0.6885528564453125,2.0,2
forward_start,1780281115.5486298,55,55,55,64,FULL,1780281115.5486298,1780281115.5488331,0.2033710479736328,decode,0,0,452715,0.48613548278808594,2.3903868698710435,3
forward_start,1780281115.5506253,58,58,58,64,FULL,1780281115.5506253,1780281115.55082,0.19478797912597656,decode,1,0,452712,0.3895759582519531,2.0,2
forward_start,1780281115.5609372,58,58,58,64,FULL,1780281115.5609372,1780281115.5611231,0.18596649169921875,decode,1,0,452712,0.18596649169921875,1.0,1
forward_start,1780281115.5610077,55,55,55,64,FULL,1780281115.5610077,1780281115.5612218,0.21409988403320312,decode,0,0,452715,0.1609325408935547,0.7516703786191536,1
forward_start,1780281115.5732498,56,56,56,64,FULL,1780281115.5732498,1780281115.5735092,0.2593994140625,decode,0,0,452715,0.0,0.0,0
forward_start,1780281115.5732949,59,59,59,64,FULL,1780281115.5732949,1780281115.5735066,0.2117156982421875,decode,1,0,452712,0.0,0.0,0
forward_start,1780281115.5854967,60,60,60,64,FULL,1780281115.5854967,1780281115.5856867,0.1900196075439453,decode,1,0,452712,0.03504753112792969,0.18444165621079048,1
forward_start,1780281115.5876777,56,56,56,64,FULL,1780281115.5876777,1780281115.5879138,0.23603439331054688,decode,0,0,452715,0.23603439331054688,1.0,1
forward_start,1780281115.5975463,56,56,56,64,FULL,1780281115.5975463,1780281115.5977383,0.1919269561767578,decode,0,0,452715,0.1919269561767578,1.0,1
forward_start,1780281115.5976467,60,60,60,64,FULL,1780281115.5976467,1780281115.5978298,0.18310546875,decode,1,0,452712,0.12183189392089844,0.6653645833333334,1
forward_start,1780281115.6099055,56,56,56,64,FULL,1780281115.6099055,1780281115.6101093,0.20384788513183594,decode,0,0,452715,0.0,0.0,0
forward_start,1780281115.609916,60,60,60,64,FULL,1780281115.609916,1780281115.6101036,0.1876354217529297,decode,1,0,452712,0.0,0.0,0
forward_start,1780281115.6223333,57,57,57,64,FULL,1780281115.6223333,1780281115.622585,0.25177001953125,decode,0,0,452715,0.0,0.0,0
forward_start,1780281115.6224008,60,60,60,64,FULL,1780281115.6224008,1780281115.6225872,0.18644332885742188,decode,1,0,452712,0.0,0.0,0
forward_start,1780281115.6348236,59,59,59,64,FULL,1780281115.6348236,1780281115.63501,0.18644332885742188,decode,1,0,452712,0.0,0.0,0
forward_start,1780281115.6348925,56,56,56,64,FULL,1780281115.6348925,1780281115.635104,0.21147727966308594,decode,0,0,452715,0.0,0.0,0
forward_start,1780281115.6468203,59,59,59,64,FULL,1780281115.6468203,1780281115.6470027,0.1823902130126953,decode,1,0,452712,0.0,0.0,0
forward_start,1780281115.6468298,56,56,56,64,FULL,1780281115.6468298,1780281115.6470444,0.21457672119140625,decode,0,0,452715,0.0,0.0,0
forward_start,1780281115.659407,58,58,58,64,FULL,1780281115.659407,1780281115.659598,0.19121170043945312,decode,1,0,452712,0.0,0.0,0
forward_start,1780281115.65943,55,55,55,64,FULL,1780281115.65943,1780281115.659645,0.21505355834960938,decode,0,0,452715,0.0,0.0,0
forward_start,1780281115.671493,58,58,58,64,FULL,1780281115.671493,1780281115.6716857,0.1926422119140625,decode,1,0,452712,0.0,0.0,0
forward_start,1780281115.682165,55,55,55,64,FULL,1780281115.682165,1780281115.6824942,0.3292560577392578,decode,0,0,452715,0.3292560577392578,1.0,1
forward_start,1780281115.6855266,58,58,58,64,FULL,1780281115.6855266,1780281115.6857164,0.18978118896484375,decode,1,0,452712,0.2315044403076172,1.2198492462311559,2
forward_start,1780281115.6985848,55,55,55,64,FULL,1780281115.6985848,1780281115.698791,0.20623207092285156,decode,0,0,452715,0.4124641418457031,2.0,2
forward_start,1780281115.7018487,54,54,54,64,FULL,1780281115.7018487,1780281115.702069,0.22029876708984375,decode,0,0,452715,0.22029876708984375,1.0,1
forward_start,1780281115.7019494,57,57,57,64,FULL,1780281115.7019494,1780281115.702153,0.20360946655273438,decode,1,0,452712,0.20360946655273438,1.0,1
forward_start,1780281115.7137456,55,55,55,64,FULL,1780281115.7137456,1780281115.7139473,0.20170211791992188,decode,0,0,452715,0.20170211791992188,1.0,1
forward_start,1780281115.713758,57,57,57,64,FULL,1780281115.713758,1780281115.7139475,0.1895427703857422,decode,1,0,452712,0.1895427703857422,1.0,1
forward_start,1780281115.725977,57,57,57,64,FULL,1780281115.725977,1780281115.726165,0.1881122589111328,decode,1,0,452712,0.0,0.0,0
forward_start,1780281115.725995,55,55,55,64,FULL,1780281115.725995,1780281115.7262216,0.22649765014648438,decode,0,0,452715,0.0,0.0,0
forward_start,1780281115.7381806,56,56,56,64,FULL,1780281115.7381806,1780281115.7384136,0.23293495178222656,decode,0,0,452715,0.0,0.0,0
forward_start,1780281115.7382174,57,57,57,64,FULL,1780281115.7382174,1780281115.738453,0.23555755615234375,decode,1,0,452712,0.0,0.0,0
forward_start,1780281115.750039,56,56,56,64,FULL,1780281115.750039,1780281115.7502446,0.20551681518554688,decode,0,0,452715,0.0,0.0,0
forward_start,1780281115.7500873,57,57,57,64,FULL,1780281115.7500873,1780281115.750278,0.19073486328125,decode,1,0,452712,0.0,0.0,0
forward_start,1780281115.7626107,55,55,55,64,FULL,1780281115.7626107,1780281115.762813,0.20241737365722656,decode,0,0,452715,0.09250640869140625,0.45700824499411075,1
forward_start,1780281115.7647417,57,57,57,64,FULL,1780281115.7647417,1780281115.764942,0.2002716064453125,decode,1,0,452712,0.2002716064453125,1.0,1
forward_start,1780281115.7746017,55,55,55,56,FULL,1780281115.7746017,1780281115.7750008,0.3991127014160156,decode,0,0,452715,0.36597251892089844,0.9169653524492234,1
forward_start,1780281115.7746313,56,56,56,56,FULL,1780281115.7746313,1780281115.7749262,0.2949237823486328,decode,1,0,452712,0.2949237823486328,1.0,1
forward_start,1780281115.7869055,55,55,55,56,FULL,1780281115.7869055,1780281115.787203,0.29754638671875,decode,0,0,452715,0.0,0.0,0
forward_start,1780281115.7869146,56,56,56,56,FULL,1780281115.7869146,1780281115.78717,0.25534629821777344,decode,1,0,452712,0.0,0.0,0
forward_start,1780281115.799041,55,55,55,64,FULL,1780281115.799041,1780281115.7992442,0.20313262939453125,decode,0,0,452715,0.0,0.0,0
forward_start,1780281115.7990534,57,57,57,64,FULL,1780281115.7990534,1780281115.7992728,0.2193450927734375,decode,1,0,452712,0.0,0.0,0
forward_start,1780281115.8111053,55,55,55,64,FULL,1780281115.8111053,1780281115.8113067,0.2014636993408203,decode,0,0,452715,0.0,0.0,0
forward_start,1780281115.8111284,57,57,57,64,FULL,1780281115.8111284,1780281115.8113587,0.23031234741210938,decode,1,0,452712,0.0,0.0,0
forward_start,1780281115.8231602,57,57,57,64,FULL,1780281115.8231602,1780281115.8233695,0.20933151245117188,decode,1,0,452712,0.0,0.0,0
forward_start,1780281115.823224,55,55,55,64,FULL,1780281115.823224,1780281115.8234835,0.2593994140625,decode,0,0,452715,0.0,0.0,0
forward_start,1780281115.8355103,57,57,57,64,FULL,1780281115.8355103,1780281115.8357036,0.1933574676513672,decode,1,0,452712,0.0,0.0,0
forward_start,1780281115.8355289,55,55,55,64,FULL,1780281115.8355289,1780281115.8357673,0.2384185791015625,decode,0,0,452715,0.0,0.0,0
forward_start,1780281115.84787,57,57,57,64,FULL,1780281115.84787,1780281115.8480942,0.22411346435546875,decode,1,0,452712,0.0,0.0,0
forward_start,1780281115.8488896,54,54,54,64,FULL,1780281115.8488896,1780281115.8491025,0.2129077911376953,decode,0,0,452715,0.0,0.0,0
forward_start,1780281115.8600566,54,54,54,64,FULL,1780281115.8600566,1780281115.8602731,0.21648406982421875,decode,0,0,452715,0.0,0.0,0
forward_start,1780281115.8600764,57,57,57,64,FULL,1780281115.8600764,1780281115.8602579,0.18143653869628906,decode,1,0,452712,0.0,0.0,0
forward_start,1780281115.872635,55,55,55,64,FULL,1780281115.872635,1780281115.8728416,0.2067089080810547,decode,0,0,452715,0.0,0.0,0
forward_start,1780281115.8726544,57,57,57,64,FULL,1780281115.8726544,1780281115.8728433,0.1888275146484375,decode,1,0,452712,0.0,0.0,0
forward_start,1780281115.8847415,57,57,57,64,FULL,1780281115.8847415,1780281115.8849492,0.20766258239746094,decode,1,0,452712,0.0,0.0,0
forward_start,1780281115.8847718,55,55,55,64,FULL,1780281115.8847718,1780281115.884996,0.22411346435546875,decode,0,0,452715,0.0,0.0,0
forward_start,1780281115.897061,55,55,55,56,FULL,1780281115.897061,1780281115.8973129,0.25177001953125,decode,0,0,452715,0.0,0.0,0
forward_start,1780281115.897074,55,55,55,56,FULL,1780281115.897074,1780281115.8973012,0.22721290588378906,decode,1,0,452712,0.0,0.0,0
forward_start,1780281115.9097292,55,55,55,56,FULL,1780281115.9097292,1780281115.909946,0.2167224884033203,decode,1,0,452712,0.0,0.0,0
forward_start,1780281115.9097545,55,55,55,56,FULL,1780281115.9097545,1780281115.909986,0.2315044403076172,decode,0,0,452715,0.0,0.0,0
forward_start,1780281115.9211473,55,55,55,56,FULL,1780281115.9211473,1780281115.9213345,0.18715858459472656,decode,1,0,452712,0.0,0.0,0
forward_start,1780281115.9211767,55,55,55,56,FULL,1780281115.9211767,1780281115.921446,0.2694129943847656,decode,0,0,452715,0.0,0.0,0
forward_start,1780281115.9334505,55,55,55,56,FULL,1780281115.9334505,1780281115.9336796,0.22912025451660156,decode,0,0,452715,0.0,0.0,0
forward_start,1780281115.9384773,55,55,55,56,FULL,1780281115.9384773,1780281115.9386933,0.21600723266601562,decode,1,0,452712,0.21600723266601562,1.0,1
forward_start,1780281115.945122,55,55,55,56,FULL,1780281115.945122,1780281115.9453294,0.20742416381835938,decode,0,0,452715,0.20742416381835938,1.0,1
forward_start,1780281115.9451587,55,55,55,56,FULL,1780281115.9451587,1780281115.9453874,0.22864341735839844,decode,1,0,452712,0.22864341735839844,1.0,1
forward_start,1780281115.95725,55,55,55,56,FULL,1780281115.95725,1780281115.9575074,0.25725364685058594,decode,0,0,452715,0.25725364685058594,1.0,1
forward_start,1780281115.957288,55,55,55,56,FULL,1780281115.957288,1780281115.9574938,0.20575523376464844,decode,1,0,452712,0.20575523376464844,1.0,1
forward_start,1780281115.9692948,55,55,55,56,FULL,1780281115.9692948,1780281115.9695458,0.2510547637939453,decode,0,0,452715,0.0,0.0,0
forward_start,1780281115.9693654,55,55,55,56,FULL,1780281115.9693654,1780281115.9695761,0.21076202392578125,decode,1,0,452712,0.0,0.0,0
forward_start,1780281115.981718,55,55,55,56,FULL,1780281115.981718,1780281115.9819248,0.2067089080810547,decode,0,0,452715,0.0,0.0,0
forward_start,1780281115.981737,56,56,56,56,FULL,1780281115.981737,1780281115.9819283,0.1914501190185547,decode,1,0,452712,0.0,0.0,0
forward_start,1780281115.9935958,56,56,56,56,FULL,1780281115.9935958,1780281115.993792,0.19621849060058594,decode,1,0,452712,0.08535385131835938,0.4349939246658566,1
forward_start,1780281115.9982936,55,55,55,56,FULL,1780281115.9982936,1780281115.9985483,0.25463104248046875,decode,0,0,452715,0.25463104248046875,1.0,1
forward_start,1780281116.0056684,56,56,56,56,FULL,1780281116.0056684,1780281116.0058587,0.19025802612304688,decode,1,0,452712,0.19025802612304688,1.0,1
forward_start,1780281116.0056791,55,55,55,56,FULL,1780281116.0056791,1780281116.0058844,0.2052783966064453,decode,0,0,452715,0.2052783966064453,1.0,1
forward_start,1780281116.0173788,56,56,56,56,FULL,1780281116.0173788,1780281116.0175722,0.1933574676513672,decode,1,0,452712,0.0,0.0,0
forward_start,1780281116.0173798,55,55,55,56,FULL,1780281116.0173798,1780281116.017608,0.2281665802001953,decode,0,0,452715,0.0,0.0,0
forward_start,1780281116.0298204,56,56,56,56,FULL,1780281116.0298204,1780281116.0300093,0.1888275146484375,decode,1,0,452712,0.0,0.0,0
forward_start,1780281116.0298328,55,55,55,56,FULL,1780281116.0298328,1780281116.0300355,0.20265579223632812,decode,0,0,452715,0.0,0.0,0
forward_start,1780281116.041663,56,56,56,56,FULL,1780281116.041663,1780281116.0418537,0.19073486328125,decode,1,0,452712,0.07605552673339844,0.39875,1
forward_start,1780281116.0438113,55,55,55,56,FULL,1780281116.0438113,1780281116.0440423,0.23102760314941406,decode,0,0,452715,0.23102760314941406,1.0,1
forward_start,1780281116.0539057,56,56,56,56,FULL,1780281116.0539057,1780281116.0540962,0.19049644470214844,decode,1,0,452712,0.19049644470214844,1.0,1
forward_start,1780281116.0539174,55,55,55,56,FULL,1780281116.0539174,1780281116.0541267,0.20933151245117188,decode,0,0,452715,0.20933151245117188,1.0,1
forward_start,1780281116.0659242,56,56,56,56,FULL,1780281116.0659242,1780281116.0661101,0.18596649169921875,decode,1,0,452712,0.0,0.0,0
forward_start,1780281116.0659463,55,55,55,56,FULL,1780281116.0659463,1780281116.0661428,0.1964569091796875,decode,0,0,452715,0.0,0.0,0
forward_start,1780281116.078099,56,56,56,56,FULL,1780281116.078099,1780281116.0783014,0.20241737365722656,decode,0,0,452715,0.0,0.0,0
forward_start,1780281116.0784261,56,56,56,56,FULL,1780281116.0784261,1780281116.0786557,0.2295970916748047,decode,1,0,452712,0.0,0.0,0
forward_start,1780281116.0898068,56,56,56,56,FULL,1780281116.0898068,1780281116.090006,0.19931793212890625,decode,0,0,452715,0.0,0.0,0
forward_start,1780281116.08982,56,56,56,56,FULL,1780281116.08982,1780281116.0900056,0.1857280731201172,decode,1,0,452712,0.0,0.0,0
forward_start,1780281116.1021266,56,56,56,56,FULL,1780281116.1021266,1780281116.102325,0.1983642578125,decode,0,0,452715,0.0,0.0,0
forward_start,1780281116.1021726,56,56,56,56,FULL,1780281116.1021726,1780281116.1023812,0.2086162567138672,decode,1,0,452712,0.0,0.0,0
forward_start,1780281116.1146097,56,56,56,56,FULL,1780281116.1146097,1780281116.1148121,0.20241737365722656,decode,0,0,452715,0.0,0.0,0
forward_start,1780281116.1179955,56,56,56,56,FULL,1780281116.1179955,1780281116.1182144,0.21886825561523438,decode,1,0,452712,0.21886825561523438,1.0,1
forward_start,1780281116.126114,56,56,56,56,FULL,1780281116.126114,1780281116.1263106,0.19669532775878906,decode,0,0,452715,0.19669532775878906,1.0,1
forward_start,1780281116.1261797,55,55,55,56,FULL,1780281116.1261797,1780281116.1263885,0.20885467529296875,decode,1,0,452712,0.20885467529296875,1.0,1
forward_start,1780281116.138036,56,56,56,56,FULL,1780281116.138036,1780281116.1382415,0.20551681518554688,decode,0,0,452715,0.0,0.0,0
forward_start,1780281116.138114,55,55,55,56,FULL,1780281116.138114,1780281116.1383011,0.18715858459472656,decode,1,0,452712,0.0,0.0,0
forward_start,1780281116.1501696,56,56,56,56,FULL,1780281116.1501696,1780281116.1503994,0.22983551025390625,decode,0,0,452715,0.0,0.0,0
forward_start,1780281116.1502047,56,56,56,56,FULL,1780281116.1502047,1780281116.1504104,0.20575523376464844,decode,1,0,452712,0.0,0.0,0
forward_start,1780281116.1625183,56,56,56,56,FULL,1780281116.1625183,1780281116.1627057,0.18739700317382812,decode,1,0,452712,0.0,0.0,0
forward_start,1780281116.1715221,56,56,56,56,FULL,1780281116.1715221,1780281116.1718624,0.3402233123779297,decode,0,0,452715,0.3402233123779297,1.0,1
forward_start,1780281116.1748211,56,56,56,56,FULL,1780281116.1748211,1780281116.175085,0.2639293670654297,decode,0,0,452715,0.2639293670654297,1.0,1
forward_start,1780281116.1748223,56,56,56,56,FULL,1780281116.1748223,1780281116.1750135,0.19121170043945312,decode,1,0,452712,0.19121170043945312,1.0,1
forward_start,1780281116.186331,56,56,56,56,FULL,1780281116.186331,1780281116.186572,0.2410411834716797,decode,0,0,452715,0.2410411834716797,1.0,1
forward_start,1780281116.186386,56,56,56,56,FULL,1780281116.186386,1780281116.1865768,0.19073486328125,decode,1,0,452712,0.19073486328125,1.0,1
forward_start,1780281116.1983345,56,56,56,56,FULL,1780281116.1983345,1780281116.198567,0.23245811462402344,decode,0,0,452715,0.0,0.0,0
forward_start,1780281116.1983864,56,56,56,56,FULL,1780281116.1983864,1780281116.1985784,0.1919269561767578,decode,1,0,452712,0.0,0.0,0
forward_start,1780281116.210404,57,57,57,64,FULL,1780281116.210404,1780281116.210616,0.21219253540039062,decode,0,0,452715,0.0,0.0,0
forward_start,1780281116.2104464,56,56,56,64,FULL,1780281116.2104464,1780281116.210642,0.1957416534423828,decode,1,0,452712,0.0,0.0,0
forward_start,1780281116.222324,56,56,56,64,FULL,1780281116.222324,1780281116.222531,0.2071857452392578,decode,1,0,452712,0.0,0.0,0
forward_start,1780281116.222392,57,57,57,64,FULL,1780281116.222392,1780281116.2226176,0.22554397583007812,decode,0,0,452715,0.0,0.0,0
forward_start,1780281116.234563,57,57,57,64,FULL,1780281116.234563,1780281116.2347517,0.18858909606933594,decode,0,0,452715,0.0,0.0,0
forward_start,1780281116.2346406,56,56,56,64,FULL,1780281116.2346406,1780281116.2348309,0.19025802612304688,decode,1,0,452712,0.0,0.0,0
forward_start,1780281116.2470033,57,57,57,64,FULL,1780281116.2470033,1780281116.2471929,0.1895427703857422,decode,0,0,452715,0.0,0.0,0
forward_start,1780281116.2470906,56,56,56,64,FULL,1780281116.2470906,1780281116.2472746,0.18405914306640625,decode,1,0,452712,0.0,0.0,0
forward_start,1780281116.2591233,57,57,57,64,FULL,1780281116.2591233,1780281116.2593255,0.202178955078125,decode,0,0,452715,0.0,0.0,0
forward_start,1780281116.2591832,56,56,56,64,FULL,1780281116.2591832,1780281116.2593956,0.2124309539794922,decode,1,0,452712,0.0,0.0,0
forward_start,1780281116.2716875,57,57,57,64,FULL,1780281116.2716875,1780281116.2718787,0.19121170043945312,decode,0,0,452715,0.0,0.0,0
forward_start,1780281116.2717726,55,55,55,64,FULL,1780281116.2717726,1780281116.2719936,0.22101402282714844,decode,1,0,452712,0.0,0.0,0
forward_start,1780281116.2839758,55,55,55,64,FULL,1780281116.2839758,1780281116.2841654,0.1895427703857422,decode,1,0,452712,0.0,0.0,0
forward_start,1780281116.2840397,57,57,57,64,FULL,1780281116.2840397,1780281116.2842565,0.2167224884033203,decode,0,0,452715,0.0,0.0,0
forward_start,1780281116.29644,57,57,57,64,FULL,1780281116.29644,1780281116.2966564,0.21648406982421875,decode,0,0,452715,0.0,0.0,0
forward_start,1780281116.296482,53,53,53,64,FULL,1780281116.296482,1780281116.2966719,0.18978118896484375,decode,1,0,452712,0.0,0.0,0
forward_start,1780281116.3087308,53,53,53,64,FULL,1780281116.3087308,1780281116.3089557,0.22482872009277344,decode,1,0,452712,0.0,0.0,0
forward_start,1780281116.3206432,57,57,57,64,FULL,1780281116.3206432,1780281116.320908,0.26488304138183594,decode,0,0,452715,0.26488304138183594,1.0,1
forward_start,1780281116.3235996,57,57,57,64,FULL,1780281116.3235996,1780281116.3238573,0.25773048400878906,decode,0,0,452715,0.25773048400878906,1.0,1
forward_start,1780281116.323615,52,52,52,64,FULL,1780281116.323615,1780281116.3238096,0.194549560546875,decode,1,0,452712,0.194549560546875,1.0,1
forward_start,1780281116.3354378,57,57,57,64,FULL,1780281116.3354378,1780281116.3356645,0.22673606872558594,decode,0,0,452715,0.22673606872558594,1.0,1
forward_start,1780281116.3372052,52,52,52,64,FULL,1780281116.3372052,1780281116.337413,0.2079010009765625,decode,1,0,452712,0.2079010009765625,1.0,1
forward_start,1780281116.3478048,52,52,52,64,FULL,1780281116.3478048,1780281116.3479939,0.18906593322753906,decode,1,0,452712,0.2453327178955078,1.2976040353089533,2
forward_start,1780281116.3582273,57,57,57,64,FULL,1780281116.3582273,1780281116.358451,0.22363662719726562,decode,0,0,452715,0.22363662719726562,1.0,1
forward_start,1780281116.361617,57,57,57,64,FULL,1780281116.361617,1780281116.361831,0.21386146545410156,decode,0,0,452715,0.21386146545410156,1.0,1
forward_start,1780281116.3617196,51,51,51,64,FULL,1780281116.3617196,1780281116.3619206,0.2009868621826172,decode,1,0,452712,0.2009868621826172,1.0,1
forward_start,1780281116.3732867,56,56,56,56,FULL,1780281116.3732867,1780281116.3735209,0.23412704467773438,decode,0,0,452715,0.23412704467773438,1.0,1
forward_start,1780281116.3734193,52,52,52,56,FULL,1780281116.3734193,1780281116.373642,0.22268295288085938,decode,1,0,452712,0.12922286987304688,0.5802997858672377,1
forward_start,1780281116.3852415,52,52,52,56,FULL,1780281116.3852415,1780281116.3854487,0.2071857452392578,decode,1,0,452712,0.0,0.0,0
forward_start,1780281116.3854232,56,56,56,56,FULL,1780281116.3854232,1780281116.3856506,0.22745132446289062,decode,0,0,452715,0.0,0.0,0
forward_start,1780281116.3979676,52,52,52,64,FULL,1780281116.3979676,1780281116.3981533,0.1857280731201172,decode,1,0,452712,0.0,0.0,0
forward_start,1780281116.397973,57,57,57,64,FULL,1780281116.397973,1780281116.3981771,0.2040863037109375,decode,0,0,452715,0.0,0.0,0
forward_start,1780281116.4099662,57,57,57,64,FULL,1780281116.4099662,1780281116.4101658,0.1995563507080078,decode,0,0,452715,0.05221366882324219,0.2616487455197133,1
forward_start,1780281116.4115498,51,51,51,64,FULL,1780281116.4115498,1780281116.4117467,0.19693374633789062,decode,1,0,452712,0.19693374633789062,1.0,1
forward_start,1780281116.4223561,57,57,57,64,FULL,1780281116.4223561,1780281116.4225812,0.225067138671875,decode,0,0,452715,0.3046989440917969,1.353813559322034,2
forward_start,1780281116.4239035,51,51,51,64,FULL,1780281116.4239035,1780281116.4241052,0.20170211791992188,decode,1,0,452712,0.40340423583984375,2.0,2
forward_start,1780281116.4346743,56,56,56,56,FULL,1780281116.4346743,1780281116.434874,0.19979476928710938,decode,0,0,452715,0.19979476928710938,1.0,1
forward_start,1780281116.4347177,51,51,51,56,FULL,1780281116.4347177,1780281116.4349046,0.186920166015625,decode,1,0,452712,0.186920166015625,1.0,1
forward_start,1780281116.4474323,56,56,56,56,FULL,1780281116.4474323,1780281116.4476595,0.22721290588378906,decode,0,0,452715,0.0,0.0,0
forward_start,1780281116.4474611,51,51,51,56,FULL,1780281116.4474611,1780281116.447652,0.19097328186035156,decode,1,0,452712,0.0,0.0,0
forward_start,1780281116.4592044,56,56,56,56,FULL,1780281116.4592044,1780281116.4594512,0.2467632293701172,decode,0,0,452715,0.026464462280273438,0.1072463768115942,1
forward_start,1780281116.4607825,52,52,52,56,FULL,1780281116.4607825,1780281116.4609811,0.19860267639160156,decode,1,0,452712,0.19860267639160156,1.0,1
forward_start,1780281116.4714684,56,56,56,56,FULL,1780281116.4714684,1780281116.4716809,0.2124309539794922,decode,0,0,452715,0.2124309539794922,1.0,1
forward_start,1780281116.4715307,51,51,51,56,FULL,1780281116.4715307,1780281116.4717228,0.19216537475585938,decode,1,0,452712,0.19216537475585938,1.0,1
forward_start,1780281116.4834976,51,51,51,56,FULL,1780281116.4834976,1780281116.4837053,0.20766258239746094,decode,1,0,452712,0.08058547973632812,0.3880597014925373,1
forward_start,1780281116.4842367,56,56,56,56,FULL,1780281116.4842367,1780281116.484516,0.2791881561279297,decode,0,0,452715,0.2791881561279297,1.0,1
forward_start,1780281116.495731,56,56,56,56,FULL,1780281116.495731,1780281116.4959307,0.1995563507080078,decode,0,0,452715,0.0,0.0,0
forward_start,1780281116.4957752,52,52,52,56,FULL,1780281116.4957752,1780281116.4959598,0.18453598022460938,decode,1,0,452712,0.0,0.0,0
forward_start,1780281116.5083575,57,57,57,64,FULL,1780281116.5083575,1780281116.5085955,0.23794174194335938,decode,0,0,452715,0.0,0.0,0
forward_start,1780281116.5084062,52,52,52,64,FULL,1780281116.5084062,1780281116.5086007,0.194549560546875,decode,1,0,452712,0.0,0.0,0
forward_start,1780281116.519982,57,57,57,64,FULL,1780281116.519982,1780281116.52018,0.19788742065429688,decode,0,0,452715,0.0,0.0,0
forward_start,1780281116.5200062,51,51,51,64,FULL,1780281116.5200062,1780281116.5201926,0.18644332885742188,decode,1,0,452712,0.0,0.0,0
forward_start,1780281116.5323102,51,51,51,64,FULL,1780281116.5323102,1780281116.5325167,0.20647048950195312,decode,1,0,452712,0.0,0.0,0
forward_start,1780281116.5323548,57,57,57,64,FULL,1780281116.5323548,1780281116.5326042,0.24938583374023438,decode,0,0,452715,0.0,0.0,0
forward_start,1780281116.5449367,57,57,57,64,FULL,1780281116.5449367,1780281116.54514,0.2033710479736328,decode,0,0,452715,0.0,0.0,0
forward_start,1780281116.544959,50,50,50,64,FULL,1780281116.544959,1780281116.545148,0.1888275146484375,decode,1,0,452712,0.0,0.0,0
forward_start,1780281116.557071,49,49,49,64,FULL,1780281116.557071,1780281116.5572574,0.18644332885742188,decode,1,0,452712,0.0,0.0,0
forward_start,1780281116.5570817,57,57,57,64,FULL,1780281116.5570817,1780281116.557292,0.21028518676757812,decode,0,0,452715,0.0,0.0,0
forward_start,1780281116.5694437,49,49,49,64,FULL,1780281116.5694437,1780281116.5696309,0.18715858459472656,decode,1,0,452712,0.0,0.0,0
forward_start,1780281116.5694532,57,57,57,64,FULL,1780281116.5694532,1780281116.569657,0.20384788513183594,decode,0,0,452715,0.0,0.0,0
forward_start,1780281116.5816455,57,57,57,64,FULL,1780281116.5816455,1780281116.5818343,0.1888275146484375,decode,0,0,452715,0.0,0.0,0
forward_start,1780281116.5817196,49,49,49,64,FULL,1780281116.5817196,1780281116.5819085,0.1888275146484375,decode,1,0,452712,0.0,0.0,0
forward_start,1780281116.5944147,57,57,57,64,FULL,1780281116.5944147,1780281116.5946248,0.21004676818847656,decode,0,0,452715,0.0,0.0,0
forward_start,1780281116.5944293,49,49,49,64,FULL,1780281116.5944293,1780281116.5946255,0.19621849060058594,decode,1,0,452712,0.0,0.0,0
forward_start,1780281116.6064909,57,57,57,64,FULL,1780281116.6064909,1780281116.606684,0.19311904907226562,decode,0,0,452715,0.0,0.0,0
forward_start,1780281116.6065738,49,49,49,64,FULL,1780281116.6065738,1780281116.6067584,0.18453598022460938,decode,1,0,452712,0.0,0.0,0
forward_start,1780281116.61895,57,57,57,64,FULL,1780281116.61895,1780281116.6191428,0.19288063049316406,decode,0,0,452715,0.0,0.0,0
forward_start,1780281116.6190066,49,49,49,64,FULL,1780281116.6190066,1780281116.6191902,0.18358230590820312,decode,1,0,452712,0.0,0.0,0
forward_start,1780281116.6311123,57,57,57,64,FULL,1780281116.6311123,1780281116.631301,0.18858909606933594,decode,0,0,452715,0.0,0.0,0
forward_start,1780281116.6312075,49,49,49,64,FULL,1780281116.6312075,1780281116.631414,0.20647048950195312,decode,1,0,452712,0.0,0.0,0
forward_start,1780281116.6435654,57,57,57,64,FULL,1780281116.6435654,1780281116.6437597,0.19431114196777344,decode,0,0,452715,0.0,0.0,0
forward_start,1780281116.6436386,49,49,49,64,FULL,1780281116.6436386,1780281116.643824,0.18548965454101562,decode,1,0,452712,0.0,0.0,0
forward_start,1780281116.6560915,56,56,56,56,FULL,1780281116.6560915,1780281116.6562803,0.1888275146484375,decode,0,0,452715,0.0,0.0,0
forward_start,1780281116.6561978,49,49,49,56,FULL,1780281116.6561978,1780281116.6564033,0.20551681518554688,decode,1,0,452712,0.0,0.0,0
forward_start,1780281116.668503,56,56,56,56,FULL,1780281116.668503,1780281116.6686916,0.18858909606933594,decode,0,0,452715,0.0,0.0,0
forward_start,1780281116.6685946,49,49,49,56,FULL,1780281116.6685946,1780281116.6688104,0.21576881408691406,decode,1,0,452712,0.0,0.0,0
forward_start,1780281116.6805391,56,56,56,56,FULL,1780281116.6805391,1780281116.680752,0.2129077911376953,decode,0,0,452715,0.0,0.0,0
forward_start,1780281116.680567,49,49,49,56,FULL,1780281116.680567,1780281116.6807845,0.217437744140625,decode,1,0,452712,0.0,0.0,0
forward_start,1780281116.692832,56,56,56,56,FULL,1780281116.692832,1780281116.6930323,0.2002716064453125,decode,0,0,452715,0.0,0.0,0
forward_start,1780281116.6928492,49,49,49,56,FULL,1780281116.6928492,1780281116.693034,0.18477439880371094,decode,1,0,452712,0.0,0.0,0
forward_start,1780281116.7049217,56,56,56,56,FULL,1780281116.7049217,1780281116.7051122,0.19049644470214844,decode,0,0,452715,0.0,0.0,0
forward_start,1780281116.7050207,49,49,49,56,FULL,1780281116.7050207,1780281116.7052379,0.21719932556152344,decode,1,0,452712,0.0,0.0,0
forward_start,1780281116.7169392,56,56,56,56,FULL,1780281116.7169392,1780281116.7171402,0.2009868621826172,decode,0,0,452715,0.0,0.0,0
forward_start,1780281116.7169878,48,48,48,56,FULL,1780281116.7169878,1780281116.7171724,0.18453598022460938,decode,1,0,452712,0.0,0.0,0
forward_start,1780281116.7290938,56,56,56,56,FULL,1780281116.7290938,1780281116.7292812,0.18739700317382812,decode,0,0,452715,0.0,0.0,0
forward_start,1780281116.729207,48,48,48,56,FULL,1780281116.729207,1780281116.7294426,0.23555755615234375,decode,1,0,452712,0.0,0.0,0
forward_start,1780281116.7417889,56,56,56,56,FULL,1780281116.7417889,1780281116.7419877,0.19884109497070312,decode,0,0,452715,0.0,0.0,0
forward_start,1780281116.7418373,47,47,47,56,FULL,1780281116.7418373,1780281116.7420197,0.1823902130126953,decode,1,0,452712,0.0,0.0,0
forward_start,1780281116.7538285,56,56,56,56,FULL,1780281116.7538285,1780281116.7540274,0.19884109497070312,decode,0,0,452715,0.0,0.0,0
forward_start,1780281116.75387,46,46,46,56,FULL,1780281116.75387,1780281116.754052,0.1819133758544922,decode,1,0,452712,0.0,0.0,0
forward_start,1780281116.7663789,56,56,56,56,FULL,1780281116.7663789,1780281116.7665942,0.21529197692871094,decode,0,0,452715,0.0,0.0,0
forward_start,1780281116.766462,46,46,46,56,FULL,1780281116.766462,1780281116.7666473,0.18525123596191406,decode,1,0,452712,0.0,0.0,0
forward_start,1780281116.7778835,56,56,56,56,FULL,1780281116.7778835,1780281116.778125,0.2415180206298828,decode,0,0,452715,0.0,0.0,0
forward_start,1780281116.777937,46,46,46,56,FULL,1780281116.777937,1780281116.7781243,0.18739700317382812,decode,1,0,452712,0.0,0.0,0
forward_start,1780281116.7902122,56,56,56,56,FULL,1780281116.7902122,1780281116.7904613,0.2491474151611328,decode,0,0,452715,0.0,0.0,0
forward_start,1780281116.7902346,46,46,46,56,FULL,1780281116.7902346,1780281116.790446,0.21147727966308594,decode,1,0,452712,0.0,0.0,0
forward_start,1780281116.802252,56,56,56,56,FULL,1780281116.802252,1780281116.8024917,0.2396106719970703,decode,0,0,452715,0.06890296936035156,0.28756218905472636,1
forward_start,1780281116.8028986,46,46,46,56,FULL,1780281116.8028986,1780281116.8030956,0.19693374633789062,decode,1,0,452712,0.19693374633789062,1.0,1
forward_start,1780281116.8148143,56,56,56,56,FULL,1780281116.8148143,1780281116.815015,0.20074844360351562,decode,0,0,452715,0.20074844360351562,1.0,1
forward_start,1780281116.8148565,46,46,46,56,FULL,1780281116.8148565,1780281116.8150408,0.1842975616455078,decode,1,0,452712,0.1842975616455078,1.0,1
forward_start,1780281116.8267212,56,56,56,56,FULL,1780281116.8267212,1780281116.8269205,0.19931793212890625,decode,0,0,452715,0.0,0.0,0
forward_start,1780281116.8267686,46,46,46,56,FULL,1780281116.8267686,1780281116.82696,0.1914501190185547,decode,1,0,452712,0.0,0.0,0
forward_start,1780281116.8394718,55,55,55,56,FULL,1780281116.8394718,1780281116.839684,0.21219253540039062,decode,0,0,452715,0.003337860107421875,0.015730337078651686,1
forward_start,1780281116.8444688,46,46,46,56,FULL,1780281116.8444688,1780281116.8446686,0.19979476928710938,decode,1,0,452712,0.19979476928710938,1.0,1
forward_start,1780281116.8513644,55,55,55,56,FULL,1780281116.8513644,1780281116.8515992,0.23484230041503906,decode,0,0,452715,0.23484230041503906,1.0,1
forward_start,1780281116.8514154,46,46,46,56,FULL,1780281116.8514154,1780281116.8516107,0.1952648162841797,decode,1,0,452712,0.1952648162841797,1.0,1
forward_start,1780281116.8637602,46,46,46,56,FULL,1780281116.8637602,1780281116.8639476,0.18739700317382812,decode,1,0,452712,0.0,0.0,0
forward_start,1780281116.8637946,55,55,55,56,FULL,1780281116.8637946,1780281116.8640022,0.20766258239746094,decode,0,0,452715,0.0,0.0,0
forward_start,1780281116.876209,55,55,55,56,FULL,1780281116.876209,1780281116.8764565,0.24747848510742188,decode,0,0,452715,0.07796287536621094,0.315028901734104,1
forward_start,1780281116.8809943,46,46,46,56,FULL,1780281116.8809943,1780281116.8811934,0.1990795135498047,decode,1,0,452712,0.1990795135498047,1.0,1
forward_start,1780281116.888073,46,46,46,56,FULL,1780281116.888073,1780281116.8882608,0.18787384033203125,decode,1,0,452712,0.18787384033203125,1.0,1
forward_start,1780281116.8881001,55,55,55,56,FULL,1780281116.8881001,1780281116.8883073,0.2071857452392578,decode,0,0,452715,0.20241737365722656,0.9769850402761795,1
forward_start,1780281116.9007547,55,55,55,56,FULL,1780281116.9007547,1780281116.9009564,0.20170211791992188,decode,0,0,452715,0.0,0.0,0
forward_start,1780281116.9007661,46,46,46,56,FULL,1780281116.9007661,1780281116.900954,0.18787384033203125,decode,1,0,452712,0.0,0.0,0
forward_start,1780281116.9126472,55,55,55,56,FULL,1780281116.9126472,1780281116.9128487,0.2014636993408203,decode,0,0,452715,0.10514259338378906,0.5218934911242603,1
forward_start,1780281116.9143927,47,47,47,56,FULL,1780281116.9143927,1780281116.91459,0.1971721649169922,decode,1,0,452712,0.0,0.0,0
forward_start,1780281116.9249334,47,47,47,56,FULL,1780281116.9249334,1780281116.9251218,0.18835067749023438,decode,1,0,452712,0.0,0.0,0
forward_start,1780281116.9250054,54,54,54,56,FULL,1780281116.9250054,1780281116.9252188,0.21338462829589844,decode,0,0,452715,0.0,0.0,0
forward_start,1780281116.9370627,53,53,53,56,FULL,1780281116.9370627,1780281116.9372637,0.2009868621826172,decode,0,0,452715,0.0,0.0,0
forward_start,1780281116.9413457,47,47,47,56,FULL,1780281116.9413457,1780281116.941547,0.20122528076171875,decode,1,0,452712,0.20122528076171875,1.0,1
forward_start,1780281116.9491608,53,53,53,56,FULL,1780281116.9491608,1780281116.9493966,0.2357959747314453,decode,0,0,452715,0.2357959747314453,1.0,1
forward_start,1780281116.9492006,47,47,47,56,FULL,1780281116.9492006,1780281116.9494114,0.21076202392578125,decode,1,0,452712,0.21076202392578125,1.0,1
forward_start,1780281116.9614003,53,53,53,56,FULL,1780281116.9614003,1780281116.961611,0.21076202392578125,decode,0,0,452715,0.0,0.0,0
forward_start,1780281116.9614573,46,46,46,56,FULL,1780281116.9614573,1780281116.9616427,0.18548965454101562,decode,1,0,452712,0.0,0.0,0
forward_start,1780281116.9734921,53,53,53,56,FULL,1780281116.9734921,1780281116.9737144,0.22220611572265625,decode,0,0,452715,0.0,0.0,0
forward_start,1780281116.9735155,47,47,47,56,FULL,1780281116.9735155,1780281116.973702,0.18644332885742188,decode,1,0,452712,0.0,0.0,0
forward_start,1780281116.985778,53,53,53,56,FULL,1780281116.985778,1780281116.985973,0.19478797912597656,decode,0,0,452715,0.0,0.0,0
forward_start,1780281116.9858027,47,47,47,56,FULL,1780281116.9858027,1780281116.9859896,0.186920166015625,decode,1,0,452712,0.0,0.0,0
forward_start,1780281116.997947,53,53,53,56,FULL,1780281116.997947,1780281116.9981472,0.2002716064453125,decode,0,0,452715,0.0,0.0,0
forward_start,1780281116.99795,47,47,47,56,FULL,1780281116.99795,1780281116.9981382,0.1881122589111328,decode,1,0,452712,0.0,0.0,0
forward_start,1780281117.0105748,52,52,52,56,FULL,1780281117.0105748,1780281117.0107749,0.20003318786621094,decode,0,0,452715,0.0,0.0,0
forward_start,1780281117.0162604,47,47,47,56,FULL,1780281117.0162604,1780281117.0164957,0.2353191375732422,decode,1,0,452712,0.2353191375732422,1.0,1
forward_start,1780281117.0226114,47,47,47,56,FULL,1780281117.0226114,1780281117.0228174,0.20599365234375,decode,1,0,452712,0.20599365234375,1.0,1
forward_start,1780281117.0226684,52,52,52,56,FULL,1780281117.0226684,1780281117.0228803,0.21195411682128906,decode,0,0,452715,0.21195411682128906,1.0,1
forward_start,1780281117.0348263,52,52,52,56,FULL,1780281117.0348263,1780281117.035025,0.19860267639160156,decode,0,0,452715,0.2827644348144531,1.4237695078031212,2
forward_start,1780281117.0366442,47,47,47,56,FULL,1780281117.0366442,1780281117.0368388,0.194549560546875,decode,1,0,452712,0.194549560546875,1.0,1
forward_start,1780281117.0469043,52,52,52,56,FULL,1780281117.0469043,1780281117.0471127,0.20837783813476562,decode,0,0,452715,0.0,0.0,0
forward_start,1780281117.0469277,47,47,47,56,FULL,1780281117.0469277,1780281117.0471146,0.186920166015625,decode,1,0,452712,0.0,0.0,0
forward_start,1780281117.0593007,52,52,52,56,FULL,1780281117.0593007,1780281117.0595376,0.23698806762695312,decode,0,0,452715,0.0,0.0,0
forward_start,1780281117.0594225,49,49,49,56,FULL,1780281117.0594225,1780281117.0596104,0.18787384033203125,decode,1,0,452712,0.0,0.0,0
forward_start,1780281117.07112,52,52,52,56,FULL,1780281117.07112,1780281117.0713184,0.1983642578125,decode,0,0,452715,0.0,0.0,0
forward_start,1780281117.0711648,49,49,49,56,FULL,1780281117.0711648,1780281117.0713737,0.20885467529296875,decode,1,0,452712,0.0,0.0,0
forward_start,1780281117.0833788,52,52,52,56,FULL,1780281117.0833788,1780281117.0835888,0.21004676818847656,decode,0,0,452715,0.0,0.0,0
forward_start,1780281117.0834818,49,49,49,56,FULL,1780281117.0834818,1780281117.0836701,0.18835067749023438,decode,1,0,452712,0.0,0.0,0
forward_start,1780281117.0954924,52,52,52,56,FULL,1780281117.0954924,1780281117.0956807,0.18835067749023438,decode,0,0,452715,0.0,0.0,0
forward_start,1780281117.0955653,49,49,49,56,FULL,1780281117.0955653,1780281117.0957568,0.1914501190185547,decode,1,0,452712,0.0,0.0,0
forward_start,1780281117.1077359,51,51,51,56,FULL,1780281117.1077359,1780281117.1079242,0.18835067749023438,decode,0,0,452715,0.0,0.0,0
forward_start,1780281117.1078193,49,49,49,56,FULL,1780281117.1078193,1780281117.1080055,0.1862049102783203,decode,1,0,452712,0.0,0.0,0
forward_start,1780281117.1198626,51,51,51,56,FULL,1780281117.1198626,1780281117.1200504,0.18787384033203125,decode,0,0,452715,0.0,0.0,0
forward_start,1780281117.1199262,49,49,49,56,FULL,1780281117.1199262,1780281117.120114,0.18787384033203125,decode,1,0,452712,0.0,0.0,0
forward_start,1780281117.1320417,51,51,51,56,FULL,1780281117.1320417,1780281117.1322403,0.19860267639160156,decode,0,0,452715,0.0,0.0,0
forward_start,1780281117.1320755,49,49,49,56,FULL,1780281117.1320755,1780281117.1322634,0.18787384033203125,decode,1,0,452712,0.0,0.0,0
forward_start,1780281117.14418,51,51,51,56,FULL,1780281117.14418,1780281117.1443975,0.217437744140625,decode,0,0,452715,0.0,0.0,0
forward_start,1780281117.1442904,49,49,49,56,FULL,1780281117.1442904,1780281117.1444914,0.2009868621826172,decode,1,0,452712,0.0,0.0,0
forward_start,1780281117.1564617,51,51,51,56,FULL,1780281117.1564617,1780281117.1566494,0.1876354217529297,decode,0,0,452715,0.0,0.0,0
forward_start,1780281117.1565351,49,49,49,56,FULL,1780281117.1565351,1780281117.1567225,0.18739700317382812,decode,1,0,452712,0.0,0.0,0
forward_start,1780281117.1687074,51,51,51,56,FULL,1780281117.1687074,1780281117.1688962,0.1888275146484375,decode,0,0,452715,0.0,0.0,0
forward_start,1780281117.1687884,49,49,49,56,FULL,1780281117.1687884,1780281117.1689756,0.18715858459472656,decode,1,0,452712,0.0,0.0,0
forward_start,1780281117.180989,51,51,51,56,FULL,1780281117.180989,1780281117.1811795,0.19049644470214844,decode,0,0,452715,0.0,0.0,0
forward_start,1780281117.1810765,49,49,49,56,FULL,1780281117.1810765,1780281117.1812603,0.1838207244873047,decode,1,0,452712,0.0,0.0,0
forward_start,1780281117.193226,51,51,51,56,FULL,1780281117.193226,1780281117.1934671,0.2410411834716797,decode,0,0,452715,0.0,0.0,0
forward_start,1780281117.1932538,49,49,49,56,FULL,1780281117.1932538,1780281117.193464,0.21028518676757812,decode,1,0,452712,0.0,0.0,0
forward_start,1780281117.20583,51,51,51,56,FULL,1780281117.20583,1780281117.2060301,0.20003318786621094,decode,0,0,452715,0.0,0.0,0
forward_start,1780281117.2058423,49,49,49,56,FULL,1780281117.2058423,1780281117.2060297,0.18739700317382812,decode,1,0,452712,0.0,0.0,0
forward_start,1780281117.2177074,49,49,49,56,FULL,1780281117.2177074,1780281117.2178981,0.19073486328125,decode,1,0,452712,0.028371810913085938,0.14875,1
forward_start,1780281117.2237015,51,51,51,56,FULL,1780281117.2237015,1780281117.2239342,0.232696533203125,decode,0,0,452715,0.232696533203125,1.0,1
forward_start,1780281117.2302134,51,51,51,56,FULL,1780281117.2302134,1780281117.230459,0.24557113647460938,decode,0,0,452715,0.24557113647460938,1.0,1
forward_start,1780281117.2302399,49,49,49,56,FULL,1780281117.2302399,1780281117.230449,0.2090930938720703,decode,1,0,452712,0.2090930938720703,1.0,1
forward_start,1780281117.2422144,51,51,51,56,FULL,1780281117.2422144,1780281117.2424417,0.22721290588378906,decode,0,0,452715,0.0,0.0,0
forward_start,1780281117.242318,49,49,49,56,FULL,1780281117.242318,1780281117.2425272,0.20933151245117188,decode,1,0,452712,0.0,0.0,0
forward_start,1780281117.2546895,52,52,52,56,FULL,1780281117.2546895,1780281117.2548943,0.2048015594482422,decode,0,0,452715,0.0,0.0,0
forward_start,1780281117.254707,49,49,49,56,FULL,1780281117.254707,1780281117.2548954,0.18835067749023438,decode,1,0,452712,0.0,0.0,0
forward_start,1780281117.2668433,52,52,52,56,FULL,1780281117.2668433,1780281117.26704,0.19669532775878906,decode,0,0,452715,0.0,0.0,0
forward_start,1780281117.2708638,49,49,49,56,FULL,1780281117.2708638,1780281117.271085,0.22125244140625,decode,1,0,452712,0.22125244140625,1.0,1
forward_start,1780281117.2789388,52,52,52,56,FULL,1780281117.2789388,1780281117.2791426,0.20384788513183594,decode,0,0,452715,0.20384788513183594,1.0,1
forward_start,1780281117.278953,49,49,49,56,FULL,1780281117.278953,1780281117.2791433,0.19025802612304688,decode,1,0,452712,0.19025802612304688,1.0,1
forward_start,1780281117.291935,49,49,49,56,FULL,1780281117.291935,1780281117.292124,0.18906593322753906,decode,1,0,452712,0.0,0.0,0
forward_start,1780281117.297737,52,52,52,56,FULL,1780281117.297737,1780281117.2979648,0.22792816162109375,decode,0,0,452715,0.22792816162109375,1.0,1
forward_start,1780281117.3036363,52,52,52,56,FULL,1780281117.3036363,1780281117.303836,0.19979476928710938,decode,0,0,452715,0.2923011779785156,1.4630071599045347,2
forward_start,1780281117.3042204,50,50,50,56,FULL,1780281117.3042204,1780281117.3044317,0.21123886108398438,decode,1,0,452712,0.0,0.0,0
forward_start,1780281117.315507,52,52,52,56,FULL,1780281117.315507,1780281117.3157258,0.21886825561523438,decode,0,0,452715,0.0,0.0,0
forward_start,1780281117.3155317,50,50,50,56,FULL,1780281117.3155317,1780281117.31572,0.18835067749023438,decode,1,0,452712,0.0,0.0,0
forward_start,1780281117.3276594,51,51,51,56,FULL,1780281117.3276594,1780281117.3278456,0.1862049102783203,decode,1,0,452712,0.0,0.0,0
forward_start,1780281117.3276627,53,53,53,56,FULL,1780281117.3276627,1780281117.327888,0.22530555725097656,decode,0,0,452715,0.0,0.0,0
forward_start,1780281117.3396678,53,53,53,56,FULL,1780281117.3396678,1780281117.339868,0.2002716064453125,decode,0,0,452715,0.0,0.0,0
forward_start,1780281117.339668,51,51,51,56,FULL,1780281117.339668,1780281117.339857,0.18906593322753906,decode,1,0,452712,0.0,0.0,0
forward_start,1780281117.3519316,53,53,53,56,FULL,1780281117.3519316,1780281117.3521314,0.19979476928710938,decode,0,0,452715,0.0,0.0,0
forward_start,1780281117.3519526,51,51,51,56,FULL,1780281117.3519526,1780281117.3521473,0.19478797912597656,decode,1,0,452712,0.0,0.0,0
forward_start,1780281117.3645263,51,51,51,56,FULL,1780281117.3645263,1780281117.3647172,0.19097328186035156,decode,1,0,452712,0.0,0.0,0
forward_start,1780281117.364567,52,52,52,56,FULL,1780281117.364567,1780281117.3647854,0.21839141845703125,decode,0,0,452715,0.0,0.0,0
forward_start,1780281117.3766348,51,51,51,56,FULL,1780281117.3766348,1780281117.376825,0.19025802612304688,decode,1,0,452712,0.0,0.0,0
forward_start,1780281117.3766396,50,50,50,56,FULL,1780281117.3766396,1780281117.3768442,0.20456314086914062,decode,0,0,452715,0.0,0.0,0
forward_start,1780281117.3887186,50,50,50,56,FULL,1780281117.3887186,1780281117.3889043,0.1857280731201172,decode,1,0,452712,0.07271766662597656,0.39152759948652116,1
forward_start,1780281117.3908358,50,50,50,56,FULL,1780281117.3908358,1780281117.391058,0.22220611572265625,decode,0,0,452715,0.22220611572265625,1.0,1
forward_start,1780281117.4008772,50,50,50,56,FULL,1780281117.4008772,1780281117.4010777,0.20051002502441406,decode,0,0,452715,0.20051002502441406,1.0,1
forward_start,1780281117.4009414,50,50,50,56,FULL,1780281117.4009414,1780281117.4011264,0.1850128173828125,decode,1,0,452712,0.1742839813232422,0.9420103092783505,1
forward_start,1780281117.4128397,50,50,50,56,FULL,1780281117.4128397,1780281117.41304,0.2002716064453125,decode,0,0,452715,0.0,0.0,0
forward_start,1780281117.4128587,50,50,50,56,FULL,1780281117.4128587,1780281117.41305,0.19121170043945312,decode,1,0,452712,0.0,0.0,0
forward_start,1780281117.425277,51,51,51,56,FULL,1780281117.425277,1780281117.425523,0.2460479736328125,decode,0,0,452715,0.0,0.0,0
forward_start,1780281117.4253008,50,50,50,56,FULL,1780281117.4253008,1780281117.425509,0.20813941955566406,decode,1,0,452712,0.0,0.0,0
forward_start,1780281117.4372454,50,50,50,56,FULL,1780281117.4372454,1780281117.4374561,0.21076202392578125,decode,1,0,452712,0.0,0.0,0
forward_start,1780281117.4372756,51,51,51,56,FULL,1780281117.4372756,1780281117.4375362,0.2605915069580078,decode,0,0,452715,0.0,0.0,0
forward_start,1780281117.449566,50,50,50,56,FULL,1780281117.449566,1780281117.449755,0.18906593322753906,decode,1,0,452712,0.03337860107421875,0.17654476670870115,1
forward_start,1780281117.451727,51,51,51,56,FULL,1780281117.451727,1780281117.4519582,0.23126602172851562,decode,0,0,452715,0.23126602172851562,1.0,1
forward_start,1780281117.4615436,51,51,51,56,FULL,1780281117.4615436,1780281117.4617453,0.20170211791992188,decode,0,0,452715,0.20170211791992188,1.0,1
forward_start,1780281117.461575,50,50,50,56,FULL,1780281117.461575,1780281117.4617612,0.1862049102783203,decode,1,0,452712,0.1862049102783203,1.0,1
forward_start,1780281117.473997,51,51,51,56,FULL,1780281117.473997,1780281117.4741962,0.1990795135498047,decode,0,0,452715,0.0,0.0,0
forward_start,1780281117.4740105,50,50,50,56,FULL,1780281117.4740105,1780281117.4741979,0.18739700317382812,decode,1,0,452712,0.0,0.0,0
forward_start,1780281117.48637,50,50,50,56,FULL,1780281117.48637,1780281117.4865599,0.18978118896484375,decode,1,0,452712,0.0,0.0,0
forward_start,1780281117.486387,52,52,52,56,FULL,1780281117.486387,1780281117.4866261,0.2391338348388672,decode,0,0,452715,0.0,0.0,0
forward_start,1780281117.4984822,52,52,52,56,FULL,1780281117.4984822,1780281117.4986837,0.2014636993408203,decode,0,0,452715,0.0,0.0,0
forward_start,1780281117.4984934,50,50,50,56,FULL,1780281117.4984934,1780281117.4986806,0.18715858459472656,decode,1,0,452712,0.0,0.0,0
forward_start,1780281117.510916,52,52,52,56,FULL,1780281117.510916,1780281117.5111177,0.20170211791992188,decode,0,0,452715,0.0,0.0,0
forward_start,1780281117.5159855,50,50,50,56,FULL,1780281117.5159855,1780281117.5162036,0.2181529998779297,decode,1,0,452712,0.2181529998779297,1.0,1
forward_start,1780281117.522784,50,50,50,56,FULL,1780281117.522784,1780281117.522988,0.2040863037109375,decode,1,0,452712,0.2040863037109375,1.0,1
forward_start,1780281117.5228484,52,52,52,56,FULL,1780281117.5228484,1780281117.5230608,0.2124309539794922,decode,0,0,452715,0.2124309539794922,1.0,1
forward_start,1780281117.5350258,50,50,50,56,FULL,1780281117.5350258,1780281117.5352156,0.18978118896484375,decode,1,0,452712,0.18978118896484375,1.0,1
forward_start,1780281117.5350914,52,52,52,56,FULL,1780281117.5350914,1780281117.5353055,0.21409988403320312,decode,0,0,452715,0.16546249389648438,0.7728285077951003,1
forward_start,1780281117.5471764,52,52,52,56,FULL,1780281117.5471764,1780281117.547408,0.23174285888671875,decode,0,0,452715,0.0,0.0,0
forward_start,1780281117.5472105,50,50,50,56,FULL,1780281117.5472105,1780281117.5474195,0.2090930938720703,decode,1,0,452712,0.0,0.0,0
forward_start,1780281117.5597541,52,52,52,56,FULL,1780281117.5597541,1780281117.5599568,0.20265579223632812,decode,0,0,452715,0.0,0.0,0
forward_start,1780281117.5597684,51,51,51,56,FULL,1780281117.5597684,1780281117.5599618,0.1933574676513672,decode,1,0,452712,0.0,0.0,0
forward_start,1780281117.571773,52,52,52,56,FULL,1780281117.571773,1780281117.5719764,0.2033710479736328,decode,0,0,452715,0.0,0.0,0
forward_start,1780281117.571781,51,51,51,56,FULL,1780281117.571781,1780281117.5719693,0.18835067749023438,decode,1,0,452712,0.0,0.0,0
forward_start,1780281117.584043,52,52,52,56,FULL,1780281117.584043,1780281117.5842414,0.1983642578125,decode,0,0,452715,0.0,0.0,0
forward_start,1780281117.59597,50,50,50,56,FULL,1780281117.59597,1780281117.5961797,0.209808349609375,decode,1,0,452712,0.209808349609375,1.0,1
forward_start,1780281117.5991857,52,52,52,56,FULL,1780281117.5991857,1780281117.5994186,0.23293495178222656,decode,0,0,452715,0.23293495178222656,1.0,1
forward_start,1780281117.599186,50,50,50,56,FULL,1780281117.599186,1780281117.599416,0.2300739288330078,decode,1,0,452712,0.2300739288330078,1.0,1
forward_start,1780281117.610677,52,52,52,56,FULL,1780281117.610677,1780281117.6109023,0.22530555725097656,decode,0,0,452715,0.22530555725097656,1.0,1
forward_start,1780281117.6146097,50,50,50,56,FULL,1780281117.6146097,1780281117.614821,0.21123886108398438,decode,1,0,452712,0.42247772216796875,2.0,2
forward_start,1780281117.622985,52,52,52,56,FULL,1780281117.622985,1780281117.6231914,0.20647048950195312,decode,0,0,452715,0.20647048950195312,1.0,1
forward_start,1780281117.6276402,50,50,50,56,FULL,1780281117.6276402,1780281117.627864,0.22363662719726562,decode,1,0,452712,0.44727325439453125,2.0,2
forward_start,1780281117.6352253,52,52,52,56,FULL,1780281117.6352253,1780281117.6354692,0.24390220642089844,decode,0,0,452715,0.24390220642089844,1.0,1
forward_start,1780281117.6352756,51,51,51,56,FULL,1780281117.6352756,1780281117.6354952,0.21958351135253906,decode,1,0,452712,0.21958351135253906,1.0,1
forward_start,1780281117.6481614,52,52,52,56,FULL,1780281117.6481614,1780281117.6483905,0.22912025451660156,decode,1,0,452712,0.4582405090332031,2.0,2
forward_start,1780281117.6505907,52,52,52,56,FULL,1780281117.6505907,1780281117.650814,0.22339820861816406,decode,0,0,452715,0.22339820861816406,1.0,1
forward_start,1780281117.659466,52,52,52,56,FULL,1780281117.659466,1780281117.6596537,0.1876354217529297,decode,1,0,452712,0.1876354217529297,1.0,1
forward_start,1780281117.6643047,52,52,52,56,FULL,1780281117.6643047,1780281117.664586,0.28133392333984375,decode,0,0,452715,0.5626678466796875,2.0,2
forward_start,1780281117.6717534,52,52,52,56,FULL,1780281117.6717534,1780281117.6719558,0.20241737365722656,decode,0,0,452715,0.24652481079101562,1.2179034157832744,2
forward_start,1780281117.6756463,54,54,54,56,FULL,1780281117.6756463,1780281117.6758604,0.21409988403320312,decode,1,0,452712,0.21409988403320312,1.0,1
forward_start,1780281117.6844213,53,53,53,56,FULL,1780281117.6844213,1780281117.6846354,0.21409988403320312,decode,0,0,452715,0.21409988403320312,1.0,1
forward_start,1780281117.6844416,53,53,53,56,FULL,1780281117.6844416,1780281117.684629,0.18739700317382812,decode,1,0,452712,0.18739700317382812,1.0,1
forward_start,1780281117.699383,53,53,53,56,FULL,1780281117.699383,1780281117.699609,0.22602081298828125,decode,1,0,452712,0.4520416259765625,2.0,2
forward_start,1780281117.7015917,53,53,53,56,FULL,1780281117.7015917,1780281117.7018158,0.22411346435546875,decode,0,0,452715,0.22411346435546875,1.0,1
forward_start,1780281117.7087572,54,54,54,56,FULL,1780281117.7087572,1780281117.708944,0.186920166015625,decode,1,0,452712,0.22339820861816406,1.1951530612244898,2
forward_start,1780281117.711011,53,53,53,56,FULL,1780281117.711011,1780281117.7112503,0.23937225341796875,decode,0,0,452715,0.4787445068359375,2.0,2
forward_start,1780281117.7204132,55,55,55,56,FULL,1780281117.7204132,1780281117.7206028,0.1895427703857422,decode,1,0,452712,0.24056434631347656,1.2691823899371069,2
forward_start,1780281117.7211106,53,53,53,56,FULL,1780281117.7211106,1780281117.7213342,0.22363662719726562,decode,0,0,452715,0.44727325439453125,2.0,2
forward_start,1780281117.732732,54,54,54,56,FULL,1780281117.732732,1780281117.732938,0.20599365234375,decode,0,0,452715,0.0,0.0,0
forward_start,1780281117.7327435,55,55,55,56,FULL,1780281117.7327435,1780281117.732931,0.18739700317382812,decode,1,0,452712,0.0,0.0,0
forward_start,1780281117.7448382,56,56,56,56,FULL,1780281117.7448382,1780281117.745044,0.20575523376464844,decode,0,0,452715,0.0,0.0,0
forward_start,1780281117.7448761,55,55,55,56,FULL,1780281117.7448761,1780281117.7450638,0.1876354217529297,decode,1,0,452712,0.0,0.0,0
forward_start,1780281117.7571037,55,55,55,56,FULL,1780281117.7571037,1780281117.7572885,0.18477439880371094,decode,1,0,452712,0.0,0.0,0
forward_start,1780281117.7571106,56,56,56,56,FULL,1780281117.7571106,1780281117.7573268,0.2162456512451172,decode,0,0,452715,0.0,0.0,0
forward_start,1780281117.769287,55,55,55,56,FULL,1780281117.769287,1780281117.7695014,0.2143383026123047,decode,1,0,452712,0.0,0.0,0
forward_start,1780281117.7693086,56,56,56,56,FULL,1780281117.7693086,1780281117.76957,0.26154518127441406,decode,0,0,452715,0.0,0.0,0
forward_start,1780281117.7816277,56,56,56,56,FULL,1780281117.7816277,1780281117.78184,0.2124309539794922,decode,0,0,452715,0.08654594421386719,0.4074074074074074,1
forward_start,1780281117.7848938,55,55,55,56,FULL,1780281117.7848938,1780281117.7851033,0.20956993103027344,decode,1,0,452712,0.20956993103027344,1.0,1
forward_start,1780281117.7933004,56,56,56,56,FULL,1780281117.7933004,1780281117.7935493,0.24890899658203125,decode,0,0,452715,0.24890899658203125,1.0,1
forward_start,1780281117.7933843,55,55,55,56,FULL,1780281117.7933843,1780281117.7935734,0.18906593322753906,decode,1,0,452712,0.18906593322753906,1.0,1
forward_start,1780281117.8054447,56,56,56,56,FULL,1780281117.8054447,1780281117.8056557,0.2110004425048828,decode,0,0,452715,0.0,0.0,0
forward_start,1780281117.805513,55,55,55,56,FULL,1780281117.805513,1780281117.8057039,0.19097328186035156,decode,1,0,452712,0.0,0.0,0
forward_start,1780281117.8176877,56,56,56,56,FULL,1780281117.8176877,1780281117.8178995,0.2117156982421875,decode,0,0,452715,0.03981590270996094,0.18806306306306306,1
forward_start,1780281117.821095,56,56,56,56,FULL,1780281117.821095,1780281117.8213093,0.2143383026123047,decode,1,0,452712,0.2143383026123047,1.0,1
forward_start,1780281117.8296833,56,56,56,56,FULL,1780281117.8296833,1780281117.8298895,0.20623207092285156,decode,0,0,452715,0.20623207092285156,1.0,1
forward_start,1780281117.8297026,56,56,56,56,FULL,1780281117.8297026,1780281117.8298907,0.1881122589111328,decode,1,0,452712,0.1881122589111328,1.0,1
forward_start,1780281117.8416917,56,56,56,56,FULL,1780281117.8416917,1780281117.8418965,0.2048015594482422,decode,1,0,452712,0.10895729064941406,0.5320139697322468,1
forward_start,1780281117.8445818,56,56,56,56,FULL,1780281117.8445818,1780281117.844814,0.23221969604492188,decode,0,0,452715,0.23221969604492188,1.0,1
forward_start,1780281117.8536682,57,57,57,64,FULL,1780281117.8536682,1780281117.853895,0.22673606872558594,decode,1,0,452712,0.22673606872558594,1.0,1
forward_start,1780281117.8536868,56,56,56,64,FULL,1780281117.8536868,1780281117.8540652,0.3783702850341797,decode,0,0,452715,0.3783702850341797,1.0,1
forward_start,1780281117.86577,56,56,56,64,FULL,1780281117.86577,1780281117.8660405,0.2703666687011719,decode,0,0,452715,0.0,0.0,0
forward_start,1780281117.86578,57,57,57,64,FULL,1780281117.86578,1780281117.8659906,0.2105236053466797,decode,1,0,452712,0.0,0.0,0
forward_start,1780281117.878152,57,57,57,64,FULL,1780281117.878152,1780281117.8784347,0.2827644348144531,decode,0,0,452715,0.0,0.0,0
forward_start,1780281117.8782272,57,57,57,64,FULL,1780281117.8782272,1780281117.8784478,0.2205371856689453,decode,1,0,452712,0.0,0.0,0
forward_start,1780281117.8905725,57,57,57,64,FULL,1780281117.8905725,1780281117.8908162,0.24366378784179688,decode,0,0,452715,0.0,0.0,0
forward_start,1780281117.8905742,57,57,57,64,FULL,1780281117.8905742,1780281117.8907678,0.19359588623046875,decode,1,0,452712,0.0,0.0,0
forward_start,1780281117.9030614,57,57,57,64,FULL,1780281117.9030614,1780281117.903263,0.20170211791992188,decode,0,0,452715,0.0,0.0,0
forward_start,1780281117.9030886,57,57,57,64,FULL,1780281117.9030886,1780281117.9032815,0.19288063049316406,decode,1,0,452712,0.0,0.0,0
forward_start,1780281117.9153156,57,57,57,64,FULL,1780281117.9153156,1780281117.915577,0.2613067626953125,decode,0,0,452715,0.0,0.0,0
forward_start,1780281117.920828,57,57,57,64,FULL,1780281117.920828,1780281117.921049,0.22101402282714844,decode,1,0,452712,0.22101402282714844,1.0,1
forward_start,1780281117.9278216,57,57,57,64,FULL,1780281117.9278216,1780281117.9280243,0.20265579223632812,decode,1,0,452712,0.20265579223632812,1.0,1
forward_start,1780281117.9278853,56,56,56,64,FULL,1780281117.9278853,1780281117.9280992,0.21386146545410156,decode,0,0,452715,0.21386146545410156,1.0,1
forward_start,1780281117.9402373,57,57,57,64,FULL,1780281117.9402373,1780281117.9404435,0.20623207092285156,decode,1,0,452712,0.3261566162109375,1.5815028901734105,2
forward_start,1780281117.940925,56,56,56,64,FULL,1780281117.940925,1780281117.9411392,0.2143383026123047,decode,0,0,452715,0.2143383026123047,1.0,1
forward_start,1780281117.9523122,56,56,56,64,FULL,1780281117.9523122,1780281117.9525747,0.2624988555908203,decode,0,0,452715,0.0,0.0,0
forward_start,1780281117.9523313,57,57,57,64,FULL,1780281117.9523313,1780281117.9525406,0.20933151245117188,decode,1,0,452712,0.0,0.0,0
forward_start,1780281117.9651709,56,56,56,64,FULL,1780281117.9651709,1780281117.9654057,0.23484230041503906,decode,0,0,452715,0.0,0.0,0
forward_start,1780281117.9651873,58,58,58,64,FULL,1780281117.9651873,1780281117.9653933,0.20599365234375,decode,1,0,452712,0.0,0.0,0
forward_start,1780281117.9771311,56,56,56,64,FULL,1780281117.9771311,1780281117.9773328,0.20170211791992188,decode,0,0,452715,0.0,0.0,0
forward_start,1780281117.9771643,58,58,58,64,FULL,1780281117.9771643,1780281117.9773731,0.20885467529296875,decode,1,0,452712,0.0,0.0,0
forward_start,1780281117.9897475,58,58,58,64,FULL,1780281117.9897475,1780281117.9899356,0.1881122589111328,decode,1,0,452712,0.0,0.0,0
forward_start,1780281117.9897945,56,56,56,64,FULL,1780281117.9897945,1780281117.9900038,0.20933151245117188,decode,0,0,452715,0.0,0.0,0
forward_start,1780281118.0022657,55,55,55,64,FULL,1780281118.0022657,1780281118.0025234,0.25773048400878906,decode,0,0,452715,0.0,0.0,0
forward_start,1780281118.0022938,58,58,58,64,FULL,1780281118.0022938,1780281118.0025005,0.2067089080810547,decode,1,0,452712,0.0,0.0,0
forward_start,1780281118.0146222,58,58,58,64,FULL,1780281118.0146222,1780281118.014816,0.1938343048095703,decode,1,0,452712,0.0,0.0,0
forward_start,1780281118.0146773,55,55,55,64,FULL,1780281118.0146773,1780281118.0148873,0.21004676818847656,decode,0,0,452715,0.0,0.0,0
forward_start,1780281118.0271654,55,55,55,64,FULL,1780281118.0271654,1780281118.0273929,0.22745132446289062,decode,0,0,452715,0.0,0.0,0
forward_start,1780281118.0271971,58,58,58,64,FULL,1780281118.0271971,1780281118.0274045,0.20742416381835938,decode,1,0,452712,0.0,0.0,0
forward_start,1780281118.0394614,55,55,55,64,FULL,1780281118.0394614,1780281118.0396774,0.21600723266601562,decode,0,0,452715,0.0,0.0,0
forward_start,1780281118.0394855,58,58,58,64,FULL,1780281118.0394855,1780281118.039673,0.1876354217529297,decode,1,0,452712,0.0,0.0,0
forward_start,1780281118.0518334,58,58,58,64,FULL,1780281118.0518334,1780281118.0520258,0.19240379333496094,decode,1,0,452712,0.0,0.0,0
forward_start,1780281118.0518365,54,54,54,64,FULL,1780281118.0518365,1780281118.052038,0.2014636993408203,decode,0,0,452715,0.0,0.0,0
forward_start,1780281118.0642197,54,54,54,64,FULL,1780281118.0642197,1780281118.0644598,0.24008750915527344,decode,0,0,452715,0.0,0.0,0
forward_start,1780281118.0642254,58,58,58,64,FULL,1780281118.0642254,1780281118.0644329,0.20742416381835938,decode,1,0,452712,0.0,0.0,0
forward_start,1780281118.0770187,54,54,54,64,FULL,1780281118.0770187,1780281118.077222,0.2033710479736328,decode,0,0,452715,0.0,0.0,0
forward_start,1780281118.07705,58,58,58,64,FULL,1780281118.07705,1780281118.0772362,0.1862049102783203,decode,1,0,452712,0.0,0.0,0
forward_start,1780281118.0890186,54,54,54,64,FULL,1780281118.0890186,1780281118.0892184,0.19979476928710938,decode,0,0,452715,0.0,0.0,0
forward_start,1780281118.0890355,58,58,58,64,FULL,1780281118.0890355,1780281118.0892262,0.19073486328125,decode,1,0,452712,0.0,0.0,0
forward_start,1780281118.1009276,54,54,54,64,FULL,1780281118.1009276,1780281118.1011186,0.19097328186035156,decode,0,0,452715,0.0,0.0,0
forward_start,1780281118.1009996,58,58,58,64,FULL,1780281118.1009996,1780281118.1011872,0.1876354217529297,decode,1,0,452712,0.0,0.0,0
forward_start,1780281118.113501,54,54,54,64,FULL,1780281118.113501,1780281118.1136925,0.1914501190185547,decode,0,0,452715,0.0,0.0,0
forward_start,1780281118.1136045,58,58,58,64,FULL,1780281118.1136045,1780281118.113792,0.18739700317382812,decode,1,0,452712,0.0,0.0,0
forward_start,1780281118.1258767,54,54,54,64,FULL,1780281118.1258767,1780281118.1260657,0.18906593322753906,decode,0,0,452715,0.0,0.0,0
forward_start,1780281118.1259751,58,58,58,64,FULL,1780281118.1259751,1780281118.1261647,0.1895427703857422,decode,1,0,452712,0.0,0.0,0
forward_start,1780281118.138504,54,54,54,64,FULL,1780281118.138504,1780281118.1386988,0.19478797912597656,decode,0,0,452715,0.0,0.0,0
forward_start,1780281118.1385818,58,58,58,64,FULL,1780281118.1385818,1780281118.1387672,0.18548965454101562,decode,1,0,452712,0.0,0.0,0
forward_start,1780281118.151188,54,54,54,64,FULL,1780281118.151188,1780281118.151416,0.2281665802001953,decode,0,0,452715,0.0,0.0,0
forward_start,1780281118.151274,57,57,57,64,FULL,1780281118.151274,1780281118.1514766,0.20265579223632812,decode,1,0,452712,0.0,0.0,0
forward_start,1780281118.1636586,57,57,57,64,FULL,1780281118.1636586,1780281118.1638505,0.1919269561767578,decode,1,0,452712,0.0,0.0,0
forward_start,1780281118.163675,54,54,54,64,FULL,1780281118.163675,1780281118.1638715,0.1964569091796875,decode,0,0,452715,0.0,0.0,0
forward_start,1780281118.1760268,54,54,54,64,FULL,1780281118.1760268,1780281118.1762285,0.20170211791992188,decode,0,0,452715,0.0,0.0,0
forward_start,1780281118.1760492,57,57,57,64,FULL,1780281118.1760492,1780281118.1762373,0.1881122589111328,decode,1,0,452712,0.0,0.0,0
forward_start,1780281118.188625,56,56,56,56,FULL,1780281118.188625,1780281118.1888144,0.18930435180664062,decode,1,0,452712,0.0,0.0,0
forward_start,1780281118.1886663,54,54,54,56,FULL,1780281118.1886663,1780281118.1888762,0.209808349609375,decode,0,0,452715,0.0,0.0,0
forward_start,1780281118.2005281,54,54,54,56,FULL,1780281118.2005281,1780281118.200732,0.20384788513183594,decode,0,0,452715,0.0,0.0,0
forward_start,1780281118.2005298,56,56,56,56,FULL,1780281118.2005298,1780281118.2007177,0.18787384033203125,decode,1,0,452712,0.0,0.0,0
forward_start,1780281118.2128704,56,56,56,56,FULL,1780281118.2128704,1780281118.2130635,0.19311904907226562,decode,1,0,452712,0.0,0.0,0
forward_start,1780281118.2128885,54,54,54,56,FULL,1780281118.2128885,1780281118.2130861,0.1976490020751953,decode,0,0,452715,0.0,0.0,0
forward_start,1780281118.2250166,53,53,53,56,FULL,1780281118.2250166,1780281118.2252097,0.19311904907226562,decode,0,0,452715,0.0,0.0,0
forward_start,1780281118.225078,56,56,56,56,FULL,1780281118.225078,1780281118.225268,0.18978118896484375,decode,1,0,452712,0.0,0.0,0
forward_start,1780281118.2371075,53,53,53,56,FULL,1780281118.2371075,1780281118.2373073,0.19979476928710938,decode,0,0,452715,0.0,0.0,0
forward_start,1780281118.2371123,56,56,56,56,FULL,1780281118.2371123,1780281118.2373018,0.1895427703857422,decode,1,0,452712,0.0,0.0,0
forward_start,1780281118.2491214,53,53,53,56,FULL,1780281118.2491214,1780281118.2493324,0.2110004425048828,decode,0,0,452715,0.0,0.0,0
forward_start,1780281118.2491374,56,56,56,56,FULL,1780281118.2491374,1780281118.249324,0.18668174743652344,decode,1,0,452712,0.0,0.0,0
forward_start,1780281118.2615964,53,53,53,56,FULL,1780281118.2615964,1780281118.261795,0.19860267639160156,decode,0,0,452715,0.0,0.0,0
forward_start,1780281118.2616186,55,55,55,56,FULL,1780281118.2616186,1780281118.2618036,0.1850128173828125,decode,1,0,452712,0.0,0.0,0
forward_start,1780281118.273652,55,55,55,56,FULL,1780281118.273652,1780281118.2738419,0.18978118896484375,decode,1,0,452712,0.0,0.0,0
forward_start,1780281118.2832365,53,53,53,56,FULL,1780281118.2832365,1780281118.2835948,0.35834312438964844,decode,0,0,452715,0.35834312438964844,1.0,1
forward_start,1780281118.2867215,55,55,55,56,FULL,1780281118.2867215,1780281118.2869093,0.18787384033203125,decode,1,0,452712,0.18787384033203125,1.0,1
forward_start,1780281118.286747,52,52,52,56,FULL,1780281118.286747,1780281118.2870183,0.2713203430175781,decode,0,0,452715,0.2713203430175781,1.0,1
forward_start,1780281118.2981956,52,52,52,56,FULL,1780281118.2981956,1780281118.2984333,0.2377033233642578,decode,0,0,452715,0.30541419982910156,1.2848545636910733,2
forward_start,1780281118.301965,55,55,55,56,FULL,1780281118.301965,1780281118.3021648,0.19979476928710938,decode,1,0,452712,0.19979476928710938,1.0,1
forward_start,1780281118.3102837,52,52,52,56,FULL,1780281118.3102837,1780281118.3105404,0.2567768096923828,decode,0,0,452715,0.2567768096923828,1.0,1
forward_start,1780281118.3103147,55,55,55,56,FULL,1780281118.3103147,1780281118.31053,0.21529197692871094,decode,1,0,452712,0.21529197692871094,1.0,1
forward_start,1780281118.3225787,53,53,53,56,FULL,1780281118.3225787,1780281118.3227813,0.20265579223632812,decode,0,0,452715,0.0,0.0,0
forward_start,1780281118.3226104,55,55,55,56,FULL,1780281118.3226104,1780281118.322798,0.1876354217529297,decode,1,0,452712,0.0,0.0,0
forward_start,1780281118.334733,56,56,56,56,FULL,1780281118.334733,1780281118.334954,0.22101402282714844,decode,1,0,452712,0.0,0.0,0
forward_start,1780281118.3347597,53,53,53,56,FULL,1780281118.3347597,1780281118.3349617,0.20194053649902344,decode,0,0,452715,0.0,0.0,0
forward_start,1780281118.3465881,53,53,53,56,FULL,1780281118.3465881,1780281118.3467963,0.20813941955566406,decode,0,0,452715,0.0,0.0,0
forward_start,1780281118.3466372,56,56,56,56,FULL,1780281118.3466372,1780281118.3468528,0.2155303955078125,decode,1,0,452712,0.0,0.0,0
forward_start,1780281118.3594575,53,53,53,56,FULL,1780281118.3594575,1780281118.359656,0.19860267639160156,decode,0,0,452715,0.0,0.0,0
forward_start,1780281118.3594694,56,56,56,56,FULL,1780281118.3594694,1780281118.3596494,0.1800060272216797,decode,1,0,452712,0.0,0.0,0
forward_start,1780281118.3712385,52,52,52,56,FULL,1780281118.3712385,1780281118.3714685,0.2300739288330078,decode,0,0,452715,0.0,0.0,0
forward_start,1780281118.3713026,56,56,56,56,FULL,1780281118.3713026,1780281118.3715084,0.20575523376464844,decode,1,0,452712,0.0,0.0,0
forward_start,1780281118.3834488,52,52,52,56,FULL,1780281118.3834488,1780281118.3836408,0.1919269561767578,decode,0,0,452715,0.0,0.0,0
forward_start,1780281118.3834999,56,56,56,56,FULL,1780281118.3834999,1780281118.3836854,0.18548965454101562,decode,1,0,452712,0.0,0.0,0
forward_start,1780281118.3957167,56,56,56,56,FULL,1780281118.3957167,1780281118.3959107,0.19407272338867188,decode,1,0,452712,0.0,0.0,0
forward_start,1780281118.395728,52,52,52,56,FULL,1780281118.395728,1780281118.395935,0.20694732666015625,decode,0,0,452715,0.0,0.0,0
forward_start,1780281118.408085,56,56,56,56,FULL,1780281118.408085,1780281118.408275,0.18978118896484375,decode,1,0,452712,0.0,0.0,0
forward_start,1780281118.408087,52,52,52,56,FULL,1780281118.408087,1780281118.408294,0.20694732666015625,decode,0,0,452715,0.0,0.0,0
forward_start,1780281118.4201083,56,56,56,56,FULL,1780281118.4201083,1780281118.4202964,0.1881122589111328,decode,1,0,452712,0.0,0.0,0
forward_start,1780281118.428915,52,52,52,56,FULL,1780281118.428915,1780281118.429213,0.2980232238769531,decode,0,0,452715,0.2980232238769531,1.0,1
forward_start,1780281118.432464,52,52,52,56,FULL,1780281118.432464,1780281118.4327378,0.2739429473876953,decode,0,0,452715,0.44608116149902344,1.628372497824195,2
forward_start,1780281118.432991,56,56,56,56,FULL,1780281118.432991,1780281118.4331849,0.1938343048095703,decode,1,0,452712,0.3876686096191406,2.0,2
forward_start,1780281118.44444,52,52,52,56,FULL,1780281118.44444,1780281118.444646,0.20599365234375,decode,0,0,452715,0.20599365234375,1.0,1
forward_start,1780281118.4444969,55,55,55,56,FULL,1780281118.4444969,1780281118.4446864,0.1895427703857422,decode,1,0,452712,0.18167495727539062,0.9584905660377359,1
forward_start,1780281118.457,56,56,56,56,FULL,1780281118.457,1780281118.4571838,0.1838207244873047,decode,1,0,452712,0.0,0.0,0
forward_start,1780281118.4614089,52,52,52,56,FULL,1780281118.4614089,1780281118.4616416,0.232696533203125,decode,0,0,452715,0.232696533203125,1.0,1
forward_start,1780281118.4697099,53,53,53,56,FULL,1780281118.4697099,1780281118.469919,0.2090930938720703,decode,0,0,452715,0.3414154052734375,1.6328392246294186,2
forward_start,1780281118.47177,56,56,56,56,FULL,1780281118.47177,1780281118.471969,0.19884109497070312,decode,1,0,452712,0.19884109497070312,1.0,1
forward_start,1780281118.4817188,56,56,56,56,FULL,1780281118.4817188,1780281118.4819102,0.1914501190185547,decode,1,0,452712,0.1914501190185547,1.0,1
forward_start,1780281118.4818232,52,52,52,56,FULL,1780281118.4818232,1780281118.48204,0.2167224884033203,decode,0,0,452715,0.12135505676269531,0.55995599559956,1
forward_start,1780281118.493689,56,56,56,56,FULL,1780281118.493689,1780281118.4938776,0.18858909606933594,decode,1,0,452712,0.0,0.0,0
forward_start,1780281118.4937341,53,53,53,56,FULL,1780281118.4937341,1780281118.4939435,0.20933151245117188,decode,0,0,452715,0.0,0.0,0
forward_start,1780281118.5057607,53,53,53,64,FULL,1780281118.5057607,1780281118.5059717,0.2110004425048828,decode,0,0,452715,0.0,0.0,0
forward_start,1780281118.5057797,57,57,57,64,FULL,1780281118.5057797,1780281118.505965,0.18525123596191406,decode,1,0,452712,0.0,0.0,0
forward_start,1780281118.5179524,57,57,57,64,FULL,1780281118.5179524,1780281118.518138,0.18548965454101562,decode,1,0,452712,0.0,0.0,0
forward_start,1780281118.5180118,53,53,53,64,FULL,1780281118.5180118,1780281118.5182285,0.2167224884033203,decode,0,0,452715,0.0,0.0,0
forward_start,1780281118.530171,53,53,53,64,FULL,1780281118.530171,1780281118.5304027,0.23174285888671875,decode,0,0,452715,0.0,0.0,0
forward_start,1780281118.5302002,57,57,57,64,FULL,1780281118.5302002,1780281118.53041,0.209808349609375,decode,1,0,452712,0.0,0.0,0
forward_start,1780281118.5429053,57,57,57,64,FULL,1780281118.5429053,1780281118.5431154,0.21004676818847656,decode,1,0,452712,0.15878677368164062,0.7559591373439274,1
forward_start,1780281118.5435667,53,53,53,64,FULL,1780281118.5435667,1780281118.543785,0.21839141845703125,decode,0,0,452715,0.21839141845703125,1.0,1
forward_start,1780281118.5555413,53,53,53,64,FULL,1780281118.5555413,1780281118.555746,0.2048015594482422,decode,0,0,452715,0.2048015594482422,1.0,1
forward_start,1780281118.5555413,57,57,57,64,FULL,1780281118.5555413,1780281118.55573,0.1888275146484375,decode,1,0,452712,0.1888275146484375,1.0,1
forward_start,1780281118.5677106,57,57,57,64,FULL,1780281118.5677106,1780281118.5678954,0.18477439880371094,decode,1,0,452712,0.0,0.0,0
forward_start,1780281118.5759492,53,53,53,64,FULL,1780281118.5759492,1780281118.576247,0.29778480529785156,decode,0,0,452715,0.29778480529785156,1.0,1
forward_start,1780281118.5803304,54,54,54,64,FULL,1780281118.5803304,1780281118.5805779,0.24747848510742188,decode,0,0,452715,0.24747848510742188,1.0,1
forward_start,1780281118.5803874,57,57,57,64,FULL,1780281118.5803874,1780281118.5805786,0.19121170043945312,decode,1,0,452712,0.19121170043945312,1.0,1
forward_start,1780281118.5926297,53,53,53,64,FULL,1780281118.5926297,1780281118.59283,0.2002716064453125,decode,0,0,452715,0.0,0.0,0
forward_start,1780281118.5926497,57,57,57,64,FULL,1780281118.5926497,1780281118.5928385,0.1888275146484375,decode,1,0,452712,0.0,0.0,0
forward_start,1780281118.6053057,54,54,54,64,FULL,1780281118.6053057,1780281118.6055737,0.26798248291015625,decode,0,0,452715,0.0,0.0,0
forward_start,1780281118.6053753,57,57,57,64,FULL,1780281118.6053753,1780281118.605563,0.1876354217529297,decode,1,0,452712,0.0,0.0,0
forward_start,1780281118.6177008,57,57,57,64,FULL,1780281118.6177008,1780281118.6178892,0.18835067749023438,decode,1,0,452712,0.0,0.0,0
forward_start,1780281118.6177595,54,54,54,64,FULL,1780281118.6177595,1780281118.6179762,0.2167224884033203,decode,0,0,452715,0.0,0.0,0
forward_start,1780281118.6302176,54,54,54,64,FULL,1780281118.6302176,1780281118.6304622,0.24461746215820312,decode,0,0,452715,0.0,0.0,0
forward_start,1780281118.6302304,57,57,57,64,FULL,1780281118.6302304,1780281118.6304355,0.20503997802734375,decode,1,0,452712,0.0,0.0,0
forward_start,1780281118.6425724,54,54,54,64,FULL,1780281118.6425724,1780281118.642777,0.20456314086914062,decode,0,0,452715,0.0,0.0,0
forward_start,1780281118.6465187,57,57,57,64,FULL,1780281118.6465187,1780281118.6467338,0.21505355834960938,decode,1,0,452712,0.21505355834960938,1.0,1
forward_start,1780281118.6550016,54,54,54,64,FULL,1780281118.6550016,1780281118.6552017,0.20003318786621094,decode,0,0,452715,0.20003318786621094,1.0,1
forward_start,1780281118.6550095,57,57,57,64,FULL,1780281118.6550095,1780281118.6551983,0.1888275146484375,decode,1,0,452712,0.1888275146484375,1.0,1
forward_start,1780281118.667327,54,54,54,64,FULL,1780281118.667327,1780281118.667579,0.25200843811035156,decode,0,0,452715,0.0,0.0,0
forward_start,1780281118.6673896,57,57,57,64,FULL,1780281118.6673896,1780281118.6675801,0.19049644470214844,decode,1,0,452712,0.0,0.0,0
forward_start,1780281118.6801353,53,53,53,64,FULL,1780281118.6801353,1780281118.6803339,0.19860267639160156,decode,0,0,452715,0.0,0.0,0
forward_start,1780281118.6801631,58,58,58,64,FULL,1780281118.6801631,1780281118.6803691,0.20599365234375,decode,1,0,452712,0.0,0.0,0
forward_start,1780281118.6925294,53,53,53,64,FULL,1780281118.6925294,1780281118.6927323,0.2028942108154297,decode,0,0,452715,0.0,0.0,0
forward_start,1780281118.692542,58,58,58,64,FULL,1780281118.692542,1780281118.6927292,0.18715858459472656,decode,1,0,452712,0.0,0.0,0
forward_start,1780281118.7049515,53,53,53,64,FULL,1780281118.7049515,1780281118.7051535,0.20194053649902344,decode,0,0,452715,0.0,0.0,0
forward_start,1780281118.7049596,58,58,58,64,FULL,1780281118.7049596,1780281118.7051423,0.18262863159179688,decode,1,0,452712,0.0,0.0,0
forward_start,1780281118.7170172,53,53,53,64,FULL,1780281118.7170172,1780281118.717216,0.19884109497070312,decode,0,0,452715,0.0,0.0,0
forward_start,1780281118.7170377,58,58,58,64,FULL,1780281118.7170377,1780281118.7172265,0.1888275146484375,decode,1,0,452712,0.0,0.0,0
forward_start,1780281118.7295375,53,53,53,64,FULL,1780281118.7295375,1780281118.7297587,0.22125244140625,decode,0,0,452715,0.0,0.0,0
forward_start,1780281118.729555,58,58,58,64,FULL,1780281118.729555,1780281118.7297456,0.19073486328125,decode,1,0,452712,0.0,0.0,0
forward_start,1780281118.7419555,58,58,58,64,FULL,1780281118.7419555,1780281118.7421417,0.1862049102783203,decode,1,0,452712,0.0,0.0,0
forward_start,1780281118.7419581,53,53,53,64,FULL,1780281118.7419581,1780281118.7421615,0.2033710479736328,decode,0,0,452715,0.0,0.0,0
forward_start,1780281118.754562,58,58,58,64,FULL,1780281118.754562,1780281118.7547545,0.1926422119140625,decode,1,0,452712,0.13780593872070312,0.7153465346534653,1
forward_start,1780281118.7565444,53,53,53,64,FULL,1780281118.7565444,1780281118.7567708,0.22649765014648438,decode,0,0,452715,0.22649765014648438,1.0,1
forward_start,1780281118.7667782,52,52,52,64,FULL,1780281118.7667782,1780281118.7669835,0.2052783966064453,decode,0,0,452715,0.2052783966064453,1.0,1
forward_start,1780281118.7668014,58,58,58,64,FULL,1780281118.7668014,1780281118.766987,0.1857280731201172,decode,1,0,452712,0.1857280731201172,1.0,1
forward_start,1780281118.779299,58,58,58,64,FULL,1780281118.779299,1780281118.7795064,0.20742416381835938,decode,1,0,452712,0.0,0.0,0
forward_start,1780281118.7793014,51,51,51,64,FULL,1780281118.7793014,1780281118.7795763,0.27489662170410156,decode,0,0,452715,0.0,0.0,0
forward_start,1780281118.791925,58,58,58,64,FULL,1780281118.791925,1780281118.7921114,0.18644332885742188,decode,1,0,452712,0.0,0.0,0
forward_start,1780281118.7919893,51,51,51,64,FULL,1780281118.7919893,1780281118.7922025,0.21314620971679688,decode,0,0,452715,0.0,0.0,0
forward_start,1780281118.8041792,57,57,57,64,FULL,1780281118.8041792,1780281118.8043854,0.20623207092285156,decode,1,0,452712,0.1087188720703125,0.5271676300578034,1
forward_start,1780281118.8049138,51,51,51,64,FULL,1780281118.8049138,1780281118.805144,0.23031234741210938,decode,0,0,452715,0.23031234741210938,1.0,1
forward_start,1780281118.816225,51,51,51,64,FULL,1780281118.816225,1780281118.816482,0.2570152282714844,decode,0,0,452715,0.2570152282714844,1.0,1
forward_start,1780281118.8162296,57,57,57,64,FULL,1780281118.8162296,1780281118.8164618,0.23221969604492188,decode,1,0,452712,0.23221969604492188,1.0,1
forward_start,1780281118.8288114,57,57,57,64,FULL,1780281118.8288114,1780281118.828996,0.18453598022460938,decode,1,0,452712,0.0,0.0,0
forward_start,1780281118.8288572,51,51,51,64,FULL,1780281118.8288572,1780281118.8290665,0.20933151245117188,decode,0,0,452715,0.0,0.0,0
forward_start,1780281118.8447924,51,51,51,64,FULL,1780281118.8447924,1780281118.8450134,0.22101402282714844,decode,0,0,452715,0.4420280456542969,2.0,2
forward_start,1780281118.8456066,57,57,57,64,FULL,1780281118.8456066,1780281118.845852,0.2453327178955078,decode,1,0,452712,0.4906654357910156,2.0,2
forward_start,1780281118.8538277,57,57,57,64,FULL,1780281118.8538277,1780281118.8540263,0.19860267639160156,decode,1,0,452712,0.5238056182861328,2.6374549819927973,3
forward_start,1780281118.8558545,51,51,51,64,FULL,1780281118.8558545,1780281118.8560762,0.22172927856445312,decode,0,0,452715,0.44345855712890625,2.0,2
forward_start,1780281118.8662522,51,51,51,64,FULL,1780281118.8662522,1780281118.8665051,0.2529621124267578,decode,0,0,452715,0.2529621124267578,1.0,1
forward_start,1780281118.8662858,57,57,57,64,FULL,1780281118.8662858,1780281118.8664963,0.2105236053466797,decode,1,0,452712,0.2105236053466797,1.0,1
forward_start,1780281118.8783224,52,52,52,64,FULL,1780281118.8783224,1780281118.8785746,0.2522468566894531,decode,0,0,452715,0.0,0.0,0
forward_start,1780281118.8783855,58,58,58,64,FULL,1780281118.8783855,1780281118.8785782,0.1926422119140625,decode,1,0,452712,0.0,0.0,0
forward_start,1780281118.8907025,53,53,53,64,FULL,1780281118.8907025,1780281118.8909197,0.21719932556152344,decode,0,0,452715,0.0,0.0,0
forward_start,1780281118.8907342,58,58,58,64,FULL,1780281118.8907342,1780281118.890919,0.18477439880371094,decode,1,0,452712,0.0,0.0,0
forward_start,1780281118.902923,53,53,53,64,FULL,1780281118.902923,1780281118.9031522,0.22912025451660156,decode,0,0,452715,0.0,0.0,0
forward_start,1780281118.9029245,58,58,58,64,FULL,1780281118.9029245,1780281118.9031146,0.1900196075439453,decode,1,0,452712,0.0,0.0,0
forward_start,1780281118.915042,53,53,53,64,FULL,1780281118.915042,1780281118.915243,0.2009868621826172,decode,0,0,452715,0.0,0.0,0
forward_start,1780281118.9150846,58,58,58,64,FULL,1780281118.9150846,1780281118.9152734,0.1888275146484375,decode,1,0,452712,0.0,0.0,0
forward_start,1780281118.927665,58,58,58,64,FULL,1780281118.927665,1780281118.927855,0.1900196075439453,decode,1,0,452712,0.0,0.0,0
forward_start,1780281118.927734,53,53,53,64,FULL,1780281118.927734,1780281118.927949,0.21505355834960938,decode,0,0,452715,0.0,0.0,0
forward_start,1780281118.9400225,58,58,58,64,FULL,1780281118.9400225,1780281118.9402428,0.22029876708984375,decode,1,0,452712,0.22029876708984375,1.0,1
forward_start,1780281118.9405081,53,53,53,64,FULL,1780281118.9405081,1780281118.940726,0.21791458129882812,decode,0,0,452715,0.21791458129882812,1.0,1
forward_start,1780281118.9522517,53,53,53,64,FULL,1780281118.9522517,1780281118.9525073,0.255584716796875,decode,0,0,452715,0.255584716796875,1.0,1
forward_start,1780281118.9522748,58,58,58,64,FULL,1780281118.9522748,1780281118.9524922,0.217437744140625,decode,1,0,452712,0.217437744140625,1.0,1
forward_start,1780281118.9646087,53,53,53,64,FULL,1780281118.9646087,1780281118.9647965,0.18787384033203125,decode,0,0,452715,0.0,0.0,0
forward_start,1780281118.9646945,57,57,57,64,FULL,1780281118.9646945,1780281118.964878,0.18358230590820312,decode,1,0,452712,0.0,0.0,0
forward_start,1780281118.9769723,54,54,54,64,FULL,1780281118.9769723,1780281118.9771643,0.1919269561767578,decode,0,0,452715,0.0,0.0,0
forward_start,1780281118.97706,57,57,57,64,FULL,1780281118.97706,1780281118.9772422,0.18215179443359375,decode,1,0,452712,0.0,0.0,0
forward_start,1780281118.9892244,54,54,54,64,FULL,1780281118.9892244,1780281118.9894493,0.22482872009277344,decode,0,0,452715,0.0,0.0,0
forward_start,1780281118.9893596,57,57,57,64,FULL,1780281118.9893596,1780281118.9895656,0.20599365234375,decode,1,0,452712,0.0,0.0,0
forward_start,1780281119.0022123,54,54,54,56,FULL,1780281119.0022123,1780281119.0024505,0.23818016052246094,decode,0,0,452715,0.0,0.0,0
forward_start,1780281119.0022187,56,56,56,56,FULL,1780281119.0022187,1780281119.0024316,0.2129077911376953,decode,1,0,452712,0.0,0.0,0
forward_start,1780281119.014316,53,53,53,56,FULL,1780281119.014316,1780281119.0145662,0.25010108947753906,decode,0,0,452715,0.0,0.0,0
forward_start,1780281119.014365,56,56,56,56,FULL,1780281119.014365,1780281119.0145612,0.19621849060058594,decode,1,0,452712,0.0,0.0,0
forward_start,1780281119.0266354,53,53,53,56,FULL,1780281119.0266354,1780281119.0268364,0.2009868621826172,decode,0,0,452715,0.0,0.0,0
forward_start,1780281119.0266483,55,55,55,56,FULL,1780281119.0266483,1780281119.026834,0.1857280731201172,decode,1,0,452712,0.0,0.0,0
forward_start,1780281119.0388432,55,55,55,56,FULL,1780281119.0388432,1780281119.0390673,0.22411346435546875,decode,1,0,452712,0.13256072998046875,0.5914893617021276,1
forward_start,1780281119.0420282,52,52,52,56,FULL,1780281119.0420282,1780281119.042254,0.2257823944091797,decode,0,0,452715,0.2257823944091797,1.0,1
forward_start,1780281119.050888,52,52,52,56,FULL,1780281119.050888,1780281119.0511038,0.21576881408691406,decode,0,0,452715,0.3960132598876953,1.8353591160220994,2
forward_start,1780281119.052364,55,55,55,56,FULL,1780281119.052364,1780281119.0525622,0.19812583923339844,decode,1,0,452712,0.19812583923339844,1.0,1
forward_start,1780281119.0629191,54,54,54,56,FULL,1780281119.0629191,1780281119.063107,0.18787384033203125,decode,1,0,452712,0.2491474151611328,1.3261421319796953,2
forward_start,1780281119.0671751,52,52,52,56,FULL,1780281119.0671751,1780281119.067431,0.25582313537597656,decode,0,0,452715,0.25582313537597656,1.0,1
forward_start,1780281119.0752242,51,51,51,56,FULL,1780281119.0752242,1780281119.0754735,0.24938583374023438,decode,0,0,452715,0.24938583374023438,1.0,1
forward_start,1780281119.0752757,53,53,53,56,FULL,1780281119.0752757,1780281119.0754838,0.20813941955566406,decode,1,0,452712,0.20813941955566406,1.0,1
forward_start,1780281119.087203,51,51,51,56,FULL,1780281119.087203,1780281119.0874443,0.24127960205078125,decode,0,0,452715,0.0,0.0,0
forward_start,1780281119.0872736,54,54,54,56,FULL,1780281119.0872736,1780281119.0874841,0.2105236053466797,decode,1,0,452712,0.0,0.0,0
forward_start,1780281119.099706,52,52,52,56,FULL,1780281119.099706,1780281119.0999048,0.19884109497070312,decode,0,0,452715,0.0,0.0,0
forward_start,1780281119.0997095,54,54,54,56,FULL,1780281119.0997095,1780281119.0999007,0.19121170043945312,decode,1,0,452712,0.0,0.0,0
forward_start,1780281119.1115854,52,52,52,56,FULL,1780281119.1115854,1780281119.111787,0.20170211791992188,decode,0,0,452715,0.08845329284667969,0.4385342789598109,1
forward_start,1780281119.1137333,54,54,54,56,FULL,1780281119.1137333,1780281119.113925,0.19168853759765625,decode,1,0,452712,0.19168853759765625,1.0,1
forward_start,1780281119.1239455,52,52,52,56,FULL,1780281119.1239455,1780281119.1241453,0.19979476928710938,decode,0,0,452715,0.19979476928710938,1.0,1
forward_start,1780281119.1239543,54,54,54,56,FULL,1780281119.1239543,1780281119.124143,0.18858909606933594,decode,1,0,452712,0.18858909606933594,1.0,1
forward_start,1780281119.1360447,52,52,52,56,FULL,1780281119.1360447,1780281119.1362429,0.19812583923339844,decode,0,0,452715,0.0,0.0,0
forward_start,1780281119.1360755,54,54,54,56,FULL,1780281119.1360755,1780281119.1362603,0.18477439880371094,decode,1,0,452712,0.0,0.0,0
forward_start,1780281119.1482677,55,55,55,56,FULL,1780281119.1482677,1780281119.1484725,0.2048015594482422,decode,1,0,452712,0.0,0.0,0
forward_start,1780281119.1483064,52,52,52,56,FULL,1780281119.1483064,1780281119.1485715,0.2651214599609375,decode,0,0,452715,0.0,0.0,0
forward_start,1780281119.1604555,55,55,55,56,FULL,1780281119.1604555,1780281119.160645,0.1895427703857422,decode,1,0,452712,0.0,0.0,0
forward_start,1780281119.160501,52,52,52,56,FULL,1780281119.160501,1780281119.1607192,0.2181529998779297,decode,0,0,452715,0.0,0.0,0
forward_start,1780281119.1729372,55,55,55,56,FULL,1780281119.1729372,1780281119.1731236,0.18644332885742188,decode,1,0,452712,0.05888938903808594,0.31585677749360613,1
forward_start,1780281119.176332,52,52,52,56,FULL,1780281119.176332,1780281119.176607,0.27489662170410156,decode,0,0,452715,0.27489662170410156,1.0,1
forward_start,1780281119.1847367,52,52,52,56,FULL,1780281119.1847367,1780281119.1849375,0.20074844360351562,decode,0,0,452715,0.20074844360351562,1.0,1
forward_start,1780281119.1847467,55,55,55,56,FULL,1780281119.1847467,1780281119.1849344,0.1876354217529297,decode,1,0,452712,0.1876354217529297,1.0,1
forward_start,1780281119.197114,52,52,52,56,FULL,1780281119.197114,1780281119.1973176,0.20360946655273438,decode,0,0,452715,0.0,0.0,0
forward_start,1780281119.1971538,55,55,55,56,FULL,1780281119.1971538,1780281119.1973608,0.20694732666015625,decode,1,0,452712,0.0,0.0,0
forward_start,1780281119.2093263,53,53,53,56,FULL,1780281119.2093263,1780281119.2095716,0.2453327178955078,decode,0,0,452715,0.04506111145019531,0.1836734693877551,1
forward_start,1780281119.213891,55,55,55,56,FULL,1780281119.213891,1780281119.2140834,0.19240379333496094,decode,1,0,452712,0.19240379333496094,1.0,1
forward_start,1780281119.221375,53,53,53,56,FULL,1780281119.221375,1780281119.2216015,0.22649765014648438,decode,0,0,452715,0.22649765014648438,1.0,1
forward_start,1780281119.2213938,55,55,55,56,FULL,1780281119.2213938,1780281119.2215834,0.1895427703857422,decode,1,0,452712,0.1895427703857422,1.0,1
forward_start,1780281119.233836,55,55,55,56,FULL,1780281119.233836,1780281119.234031,0.19502639770507812,decode,1,0,452712,0.10323524475097656,0.5293398533007335,1
forward_start,1780281119.2368433,53,53,53,56,FULL,1780281119.2368433,1780281119.2371008,0.2574920654296875,decode,0,0,452715,0.2574920654296875,1.0,1
forward_start,1780281119.2459283,56,56,56,56,FULL,1780281119.2459283,1780281119.2461135,0.18525123596191406,decode,1,0,452712,0.18525123596191406,1.0,1
forward_start,1780281119.2460268,53,53,53,56,FULL,1780281119.2460268,1780281119.2462332,0.20647048950195312,decode,0,0,452715,0.20647048950195312,1.0,1
forward_start,1780281119.258544,53,53,53,56,FULL,1780281119.258544,1780281119.2587466,0.20265579223632812,decode,0,0,452715,0.0,0.0,0
forward_start,1780281119.258588,56,56,56,56,FULL,1780281119.258588,1780281119.2587755,0.18739700317382812,decode,1,0,452712,0.0,0.0,0
forward_start,1780281119.270182,53,53,53,56,FULL,1780281119.270182,1780281119.270407,0.225067138671875,decode,0,0,452715,0.0,0.0,0
forward_start,1780281119.2702515,56,56,56,56,FULL,1780281119.2702515,1780281119.2704623,0.21076202392578125,decode,1,0,452712,0.0,0.0,0
forward_start,1780281119.282561,56,56,56,56,FULL,1780281119.282561,1780281119.2827482,0.18715858459472656,decode,1,0,452712,0.0,0.0,0
forward_start,1780281119.2825842,52,52,52,56,FULL,1780281119.2825842,1780281119.2827845,0.2002716064453125,decode,0,0,452715,0.0,0.0,0
forward_start,1780281119.2946057,56,56,56,56,FULL,1780281119.2946057,1780281119.2947927,0.186920166015625,decode,1,0,452712,0.0,0.0,0
forward_start,1780281119.2946455,52,52,52,56,FULL,1780281119.2946455,1780281119.2948737,0.2281665802001953,decode,0,0,452715,0.0,0.0,0
forward_start,1780281119.306791,51,51,51,56,FULL,1780281119.306791,1780281119.3070052,0.21409988403320312,decode,0,0,452715,0.0,0.0,0
forward_start,1780281119.312728,56,56,56,56,FULL,1780281119.312728,1780281119.312957,0.22912025451660156,decode,1,0,452712,0.22912025451660156,1.0,1
forward_start,1780281119.3189838,51,51,51,56,FULL,1780281119.3189838,1780281119.319186,0.202178955078125,decode,0,0,452715,0.30159950256347656,1.491745283018868,2
forward_start,1780281119.3202434,56,56,56,56,FULL,1780281119.3202434,1780281119.320465,0.22172927856445312,decode,1,0,452712,0.44345855712890625,2.0,2
forward_start,1780281119.3308797,51,51,51,56,FULL,1780281119.3308797,1780281119.3311145,0.23484230041503906,decode,0,0,452715,0.4696846008300781,2.0,2
forward_start,1780281119.3308797,56,56,56,56,FULL,1780281119.3308797,1780281119.3310688,0.18906593322753906,decode,1,0,452712,0.3781318664550781,2.0,2
forward_start,1780281119.3431246,51,51,51,56,FULL,1780281119.3431246,1780281119.343367,0.24247169494628906,decode,0,0,452715,0.24247169494628906,1.0,1
forward_start,1780281119.343197,56,56,56,56,FULL,1780281119.343197,1780281119.3434124,0.21529197692871094,decode,1,0,452712,0.21529197692871094,1.0,1
forward_start,1780281119.3555918,56,56,56,56,FULL,1780281119.3555918,1780281119.3557808,0.18906593322753906,decode,1,0,452712,0.0,0.0,0
forward_start,1780281119.3556342,51,51,51,56,FULL,1780281119.3556342,1780281119.3558342,0.20003318786621094,decode,0,0,452715,0.0,0.0,0
forward_start,1780281119.3675683,51,51,51,64,FULL,1780281119.3675683,1780281119.3677752,0.20694732666015625,decode,0,0,452715,0.0,0.0,0
forward_start,1780281119.3676102,57,57,57,64,FULL,1780281119.3676102,1780281119.367798,0.18787384033203125,decode,1,0,452712,0.0,0.0,0
forward_start,1780281119.3794613,51,51,51,64,FULL,1780281119.3794613,1780281119.3796759,0.21457672119140625,decode,0,0,452715,0.0,0.0,0
forward_start,1780281119.3794873,57,57,57,64,FULL,1780281119.3794873,1780281119.3796773,0.1900196075439453,decode,1,0,452712,0.0,0.0,0
forward_start,1780281119.391882,51,51,51,64,FULL,1780281119.391882,1780281119.3920996,0.21767616271972656,decode,0,0,452715,0.0,0.0,0
forward_start,1780281119.39189,57,57,57,64,FULL,1780281119.39189,1780281119.3920765,0.18644332885742188,decode,1,0,452712,0.0,0.0,0
forward_start,1780281119.4043076,51,51,51,64,FULL,1780281119.4043076,1780281119.4045346,0.2269744873046875,decode,0,0,452715,0.0,0.0,0
forward_start,1780281119.4044068,57,57,57,64,FULL,1780281119.4044068,1780281119.4045985,0.19168853759765625,decode,1,0,452712,0.0,0.0,0
forward_start,1780281119.4168928,57,57,57,64,FULL,1780281119.4168928,1780281119.41708,0.18715858459472656,decode,1,0,452712,0.0,0.0,0
forward_start,1780281119.4169734,51,51,51,64,FULL,1780281119.4169734,1780281119.4171906,0.21719932556152344,decode,0,0,452715,0.0,0.0,0
forward_start,1780281119.4288974,51,51,51,64,FULL,1780281119.4288974,1780281119.429088,0.19073486328125,decode,0,0,452715,0.0,0.0,0
forward_start,1780281119.4289627,57,57,57,64,FULL,1780281119.4289627,1780281119.4291458,0.18310546875,decode,1,0,452712,0.0,0.0,0
forward_start,1780281119.4415066,51,51,51,64,FULL,1780281119.4415066,1780281119.4417007,0.19407272338867188,decode,0,0,452715,0.0,0.0,0
forward_start,1780281119.4415956,57,57,57,64,FULL,1780281119.4415956,1780281119.4417863,0.19073486328125,decode,1,0,452712,0.0,0.0,0
forward_start,1780281119.4538417,51,51,51,64,FULL,1780281119.4538417,1780281119.4540336,0.1919269561767578,decode,0,0,452715,0.0,0.0,0
forward_start,1780281119.4539325,57,57,57,64,FULL,1780281119.4539325,1780281119.454119,0.18644332885742188,decode,1,0,452712,0.0,0.0,0
forward_start,1780281119.466315,51,51,51,56,FULL,1780281119.466315,1780281119.4665375,0.2224445343017578,decode,0,0,452715,0.0,0.0,0
forward_start,1780281119.4664037,55,55,55,56,FULL,1780281119.4664037,1780281119.4665904,0.18668174743652344,decode,1,0,452712,0.0,0.0,0
forward_start,1780281119.4784493,51,51,51,56,FULL,1780281119.4784493,1780281119.478645,0.1957416534423828,decode,0,0,452715,0.0,0.0,0
forward_start,1780281119.4785233,55,55,55,56,FULL,1780281119.4785233,1780281119.478707,0.1838207244873047,decode,1,0,452712,0.0,0.0,0
forward_start,1780281119.4907255,51,51,51,56,FULL,1780281119.4907255,1780281119.4909275,0.20194053649902344,decode,0,0,452715,0.0,0.0,0
forward_start,1780281119.4907365,55,55,55,56,FULL,1780281119.4907365,1780281119.4909253,0.1888275146484375,decode,1,0,452712,0.0,0.0,0
forward_start,1780281119.5027854,50,50,50,56,FULL,1780281119.5027854,1780281119.5029898,0.20432472229003906,decode,0,0,452715,0.0,0.0,0
forward_start,1780281119.5027864,55,55,55,56,FULL,1780281119.5027864,1780281119.5029879,0.2014636993408203,decode,1,0,452712,0.0,0.0,0
forward_start,1780281119.5149841,50,50,50,56,FULL,1780281119.5149841,1780281119.5151947,0.2105236053466797,decode,0,0,452715,0.0,0.0,0
forward_start,1780281119.5150628,55,55,55,56,FULL,1780281119.5150628,1780281119.5152485,0.1857280731201172,decode,1,0,452712,0.0,0.0,0
forward_start,1780281119.527372,55,55,55,56,FULL,1780281119.527372,1780281119.5275621,0.19025802612304688,decode,1,0,452712,0.0,0.0,0
forward_start,1780281119.5274048,50,50,50,56,FULL,1780281119.5274048,1780281119.5276566,0.25177001953125,decode,0,0,452715,0.0,0.0,0
forward_start,1780281119.5395818,55,55,55,56,FULL,1780281119.5395818,1780281119.539771,0.18930435180664062,decode,1,0,452712,0.0,0.0,0
forward_start,1780281119.5396452,50,50,50,56,FULL,1780281119.5396452,1780281119.5398605,0.21529197692871094,decode,0,0,452715,0.0,0.0,0
forward_start,1780281119.551506,50,50,50,56,FULL,1780281119.551506,1780281119.5516987,0.1926422119140625,decode,0,0,452715,0.0,0.0,0
forward_start,1780281119.551596,55,55,55,56,FULL,1780281119.551596,1780281119.5517843,0.18835067749023438,decode,1,0,452712,0.0,0.0,0
forward_start,1780281119.5638032,50,50,50,56,FULL,1780281119.5638032,1780281119.563995,0.19168853759765625,decode,0,0,452715,0.0,0.0,0
forward_start,1780281119.5638633,55,55,55,56,FULL,1780281119.5638633,1780281119.564047,0.1838207244873047,decode,1,0,452712,0.0,0.0,0
forward_start,1780281119.5759048,50,50,50,56,FULL,1780281119.5759048,1780281119.5760946,0.18978118896484375,decode,0,0,452715,0.0,0.0,0
forward_start,1780281119.5759692,55,55,55,56,FULL,1780281119.5759692,1780281119.5761542,0.1850128173828125,decode,1,0,452712,0.0,0.0,0
forward_start,1780281119.5882113,50,50,50,56,FULL,1780281119.5882113,1780281119.5884373,0.22602081298828125,decode,0,0,452715,0.0,0.0,0
forward_start,1780281119.588282,55,55,55,56,FULL,1780281119.588282,1780281119.588489,0.20694732666015625,decode,1,0,452712,0.0,0.0,0
forward_start,1780281119.6002357,50,50,50,56,FULL,1780281119.6002357,1780281119.600466,0.23031234741210938,decode,0,0,452715,0.0,0.0,0
forward_start,1780281119.6003287,55,55,55,56,FULL,1780281119.6003287,1780281119.600536,0.20742416381835938,decode,1,0,452712,0.0,0.0,0
forward_start,1780281119.6124513,50,50,50,56,FULL,1780281119.6124513,1780281119.612647,0.1957416534423828,decode,0,0,452715,0.0,0.0,0
forward_start,1780281119.6125586,55,55,55,56,FULL,1780281119.6125586,1780281119.6127534,0.19478797912597656,decode,1,0,452712,0.0,0.0,0
forward_start,1780281119.624734,50,50,50,56,FULL,1780281119.624734,1780281119.6249266,0.1926422119140625,decode,0,0,452715,0.0,0.0,0
forward_start,1780281119.6248074,55,55,55,56,FULL,1780281119.6248074,1780281119.6249945,0.18715858459472656,decode,1,0,452712,0.0,0.0,0
forward_start,1780281119.6369872,50,50,50,56,FULL,1780281119.6369872,1780281119.637188,0.20074844360351562,decode,0,0,452715,0.0,0.0,0
forward_start,1780281119.6370716,55,55,55,56,FULL,1780281119.6370716,1780281119.6372547,0.18310546875,decode,1,0,452712,0.0,0.0,0
forward_start,1780281119.6499498,50,50,50,56,FULL,1780281119.6499498,1780281119.6501365,0.18668174743652344,decode,0,0,452715,0.0,0.0,0
forward_start,1780281119.650055,54,54,54,56,FULL,1780281119.650055,1780281119.6502411,0.1862049102783203,decode,1,0,452712,0.0,0.0,0
forward_start,1780281119.661326,50,50,50,56,FULL,1780281119.661326,1780281119.661552,0.22602081298828125,decode,0,0,452715,0.0,0.0,0
forward_start,1780281119.6614506,54,54,54,56,FULL,1780281119.6614506,1780281119.6616466,0.19598007202148438,decode,1,0,452712,0.0,0.0,0
forward_start,1780281119.673639,50,50,50,56,FULL,1780281119.673639,1780281119.6738322,0.19311904907226562,decode,0,0,452715,0.0,0.0,0
forward_start,1780281119.6736758,54,54,54,56,FULL,1780281119.6736758,1780281119.6738584,0.18262863159179688,decode,1,0,452712,0.0,0.0,0
forward_start,1780281119.6860788,50,50,50,56,FULL,1780281119.6860788,1780281119.6862752,0.1964569091796875,decode,0,0,452715,0.0,0.0,0
forward_start,1780281119.6861026,54,54,54,56,FULL,1780281119.6861026,1780281119.6862886,0.18596649169921875,decode,1,0,452712,0.0,0.0,0
forward_start,1780281119.6980891,50,50,50,56,FULL,1780281119.6980891,1780281119.6982777,0.18858909606933594,decode,0,0,452715,0.0,0.0,0
forward_start,1780281119.6982005,54,54,54,56,FULL,1780281119.6982005,1780281119.6984134,0.2129077911376953,decode,1,0,452712,0.0,0.0,0
forward_start,1780281119.7105448,50,50,50,56,FULL,1780281119.7105448,1780281119.7107306,0.1857280731201172,decode,0,0,452715,0.0,0.0,0
forward_start,1780281119.7106056,54,54,54,56,FULL,1780281119.7106056,1780281119.710785,0.179290771484375,decode,1,0,452712,0.0,0.0,0
forward_start,1780281119.7226527,49,49,49,56,FULL,1780281119.7226527,1780281119.7228463,0.19359588623046875,decode,0,0,452715,0.0,0.0,0
forward_start,1780281119.7227411,53,53,53,56,FULL,1780281119.7227411,1780281119.7229257,0.18453598022460938,decode,1,0,452712,0.0,0.0,0
forward_start,1780281119.7352197,48,48,48,56,FULL,1780281119.7352197,1780281119.7354522,0.23245811462402344,decode,0,0,452715,0.0,0.0,0
forward_start,1780281119.735234,52,52,52,56,FULL,1780281119.735234,1780281119.7354336,0.1995563507080078,decode,1,0,452712,0.0,0.0,0
forward_start,1780281119.7473733,47,47,47,56,FULL,1780281119.7473733,1780281119.7475939,0.2205371856689453,decode,0,0,452715,0.0,0.0,0
forward_start,1780281119.7474096,52,52,52,56,FULL,1780281119.7474096,1780281119.7475986,0.18906593322753906,decode,1,0,452712,0.0,0.0,0
forward_start,1780281119.7593527,47,47,47,56,FULL,1780281119.7593527,1780281119.7595966,0.24390220642089844,decode,0,0,452715,0.0,0.0,0
forward_start,1780281119.7593694,52,52,52,56,FULL,1780281119.7593694,1780281119.759554,0.18453598022460938,decode,1,0,452712,0.0,0.0,0
forward_start,1780281119.7714705,45,45,45,56,FULL,1780281119.7714705,1780281119.7716792,0.2086162567138672,decode,0,0,452715,0.0,0.0,0
forward_start,1780281119.7714837,51,51,51,56,FULL,1780281119.7714837,1780281119.7716687,0.1850128173828125,decode,1,0,452712,0.0,0.0,0
forward_start,1780281119.7836914,51,51,51,56,FULL,1780281119.7836914,1780281119.7838748,0.18334388732910156,decode,1,0,452712,0.0,0.0,0
forward_start,1780281119.7841942,45,45,45,56,FULL,1780281119.7841942,1780281119.7845843,0.39005279541015625,decode,0,0,452715,0.0,0.0,0
forward_start,1780281119.7961543,51,51,51,56,FULL,1780281119.7961543,1780281119.7963638,0.20956993103027344,decode,1,0,452712,0.0,0.0,0
forward_start,1780281119.796215,45,45,45,56,FULL,1780281119.796215,1780281119.7965384,0.32329559326171875,decode,0,0,452715,0.0,0.0,0
forward_start,1780281119.8081815,51,51,51,56,FULL,1780281119.8081815,1780281119.8083854,0.20384788513183594,decode,1,0,452712,0.0,0.0,0
forward_start,1780281119.8082256,45,45,45,56,FULL,1780281119.8082256,1780281119.8085487,0.3230571746826172,decode,0,0,452715,0.0,0.0,0
forward_start,1780281119.8205547,51,51,51,56,FULL,1780281119.8205547,1780281119.8207428,0.1881122589111328,decode,1,0,452712,0.0,0.0,0
forward_start,1780281119.820571,45,45,45,56,FULL,1780281119.820571,1780281119.8208601,0.2892017364501953,decode,0,0,452715,0.0,0.0,0
forward_start,1780281119.8326228,45,45,45,56,FULL,1780281119.8326228,1780281119.8329024,0.2796649932861328,decode,0,0,452715,0.0,0.0,0
forward_start,1780281119.832627,51,51,51,56,FULL,1780281119.832627,1780281119.832808,0.18095970153808594,decode,1,0,452712,0.0,0.0,0
forward_start,1780281119.8447745,51,51,51,56,FULL,1780281119.8447745,1780281119.8449574,0.18286705017089844,decode,1,0,452712,0.0,0.0,0
forward_start,1780281119.8447785,45,45,45,56,FULL,1780281119.8447785,1780281119.845063,0.28443336486816406,decode,0,0,452715,0.0,0.0,0
forward_start,1780281119.8569686,51,51,51,56,FULL,1780281119.8569686,1780281119.857153,0.1842975616455078,decode,1,0,452712,0.0,0.0,0
forward_start,1780281119.8569756,45,45,45,56,FULL,1780281119.8569756,1780281119.8572595,0.28395652770996094,decode,0,0,452715,0.0,0.0,0
forward_start,1780281119.8689122,45,45,45,56,FULL,1780281119.8689122,1780281119.8691986,0.28634071350097656,decode,0,0,452715,0.0,0.0,0
forward_start,1780281119.8689191,51,51,51,56,FULL,1780281119.8689191,1780281119.8691077,0.18858909606933594,decode,1,0,452712,0.0,0.0,0
forward_start,1780281119.8815992,51,51,51,56,FULL,1780281119.8815992,1780281119.8817868,0.1876354217529297,decode,1,0,452712,0.0,0.0,0
forward_start,1780281119.881605,45,45,45,56,FULL,1780281119.881605,1780281119.8818986,0.293731689453125,decode,0,0,452715,0.0,0.0,0
forward_start,1780281119.8935041,50,50,50,56,FULL,1780281119.8935041,1780281119.893692,0.18787384033203125,decode,1,0,452712,0.0,0.0,0
forward_start,1780281119.8935058,45,45,45,56,FULL,1780281119.8935058,1780281119.8937907,0.2849102020263672,decode,0,0,452715,0.0,0.0,0
forward_start,1780281119.905773,50,50,50,56,FULL,1780281119.905773,1780281119.9059587,0.1857280731201172,decode,1,0,452712,0.0,0.0,0
forward_start,1780281119.9057803,45,45,45,56,FULL,1780281119.9057803,1780281119.9060743,0.29397010803222656,decode,0,0,452715,0.0,0.0,0
forward_start,1780281119.917971,48,48,48,48,FULL,1780281119.917971,1780281119.9182692,0.2982616424560547,decode,1,0,452712,0.0,0.0,0
forward_start,1780281119.917983,45,45,45,48,FULL,1780281119.917983,1780281119.918403,0.41985511779785156,decode,0,0,452715,0.0,0.0,0
forward_start,1780281119.9301004,48,48,48,48,FULL,1780281119.9301004,1780281119.9303882,0.28777122497558594,decode,1,0,452712,0.0,0.0,0
forward_start,1780281119.9303548,45,45,45,48,FULL,1780281119.9303548,1780281119.9307287,0.37384033203125,decode,0,0,452715,0.0,0.0,0
forward_start,1780281119.9426756,48,48,48,48,FULL,1780281119.9426756,1780281119.9429076,0.2319812774658203,decode,1,0,452712,0.0,0.0,0
forward_start,1780281119.9427025,44,44,44,48,FULL,1780281119.9427025,1780281119.943026,0.3235340118408203,decode,0,0,452715,0.0,0.0,0
forward_start,1780281119.954371,44,44,44,48,FULL,1780281119.954371,1780281119.9546285,0.2574920654296875,decode,0,0,452715,0.0,0.0,0
forward_start,1780281119.9543784,48,48,48,48,FULL,1780281119.9543784,1780281119.9545782,0.19979476928710938,decode,1,0,452712,0.0,0.0,0
forward_start,1780281119.966363,44,44,44,48,FULL,1780281119.966363,1780281119.9666016,0.23865699768066406,decode,0,0,452715,0.0,0.0,0
forward_start,1780281119.9664402,48,48,48,48,FULL,1780281119.9664402,1780281119.966638,0.19788742065429688,decode,1,0,452712,0.0,0.0,0
forward_start,1780281119.9787028,44,44,44,48,FULL,1780281119.9787028,1780281119.9789226,0.21982192993164062,decode,0,0,452715,0.0,0.0,0
forward_start,1780281119.97879,48,48,48,48,FULL,1780281119.97879,1780281119.9789813,0.19121170043945312,decode,1,0,452712,0.0,0.0,0
forward_start,1780281119.9907148,44,44,44,48,FULL,1780281119.9907148,1780281119.9909198,0.20503997802734375,decode,0,0,452715,0.0,0.0,0
forward_start,1780281119.9907918,48,48,48,48,FULL,1780281119.9907918,1780281119.9909797,0.18787384033203125,decode,1,0,452712,0.0,0.0,0
forward_start,1780281120.0031996,43,43,43,48,FULL,1780281120.0031996,1780281120.0034244,0.22482872009277344,decode,0,0,452715,0.0,0.0,0
forward_start,1780281120.0032527,48,48,48,48,FULL,1780281120.0032527,1780281120.0034637,0.2110004425048828,decode,1,0,452712,0.0,0.0,0
forward_start,1780281120.0154812,48,48,48,48,FULL,1780281120.0154812,1780281120.0156713,0.1900196075439453,decode,1,0,452712,0.0,0.0,0
forward_start,1780281120.0155416,43,43,43,48,FULL,1780281120.0155416,1780281120.0157712,0.2295970916748047,decode,0,0,452715,0.0,0.0,0
forward_start,1780281120.0278742,43,43,43,48,FULL,1780281120.0278742,1780281120.028075,0.20074844360351562,decode,0,0,452715,0.0,0.0,0
forward_start,1780281120.0279443,48,48,48,48,FULL,1780281120.0279443,1780281120.02813,0.1857280731201172,decode,1,0,452712,0.0,0.0,0
forward_start,1780281120.0400577,43,43,43,48,FULL,1780281120.0400577,1780281120.040279,0.22125244140625,decode,0,0,452715,0.0,0.0,0
forward_start,1780281120.0401454,48,48,48,48,FULL,1780281120.0401454,1780281120.0403318,0.18644332885742188,decode,1,0,452712,0.0,0.0,0
forward_start,1780281120.051914,43,43,43,48,FULL,1780281120.051914,1780281120.0521173,0.2033710479736328,decode,0,0,452715,0.0,0.0,0
forward_start,1780281120.0520015,48,48,48,48,FULL,1780281120.0520015,1780281120.052187,0.18548965454101562,decode,1,0,452712,0.0,0.0,0
forward_start,1780281120.0640004,43,43,43,48,FULL,1780281120.0640004,1780281120.0641973,0.19693374633789062,decode,0,0,452715,0.0,0.0,0
forward_start,1780281120.0640774,48,48,48,48,FULL,1780281120.0640774,1780281120.0642622,0.18477439880371094,decode,1,0,452712,0.0,0.0,0
forward_start,1780281120.0762994,43,43,43,48,FULL,1780281120.0762994,1780281120.076511,0.21147727966308594,decode,0,0,452715,0.0,0.0,0
forward_start,1780281120.076386,48,48,48,48,FULL,1780281120.076386,1780281120.0765727,0.18668174743652344,decode,1,0,452712,0.0,0.0,0
forward_start,1780281120.0883546,43,43,43,48,FULL,1780281120.0883546,1780281120.0885513,0.19669532775878906,decode,0,0,452715,0.0,0.0,0
forward_start,1780281120.0884275,48,48,48,48,FULL,1780281120.0884275,1780281120.0886164,0.1888275146484375,decode,1,0,452712,0.0,0.0,0
forward_start,1780281120.1005876,43,43,43,48,FULL,1780281120.1005876,1780281120.1007776,0.1900196075439453,decode,0,0,452715,0.0,0.0,0
forward_start,1780281120.1006718,48,48,48,48,FULL,1780281120.1006718,1780281120.1008584,0.18668174743652344,decode,1,0,452712,0.0,0.0,0
forward_start,1780281120.1129794,43,43,43,48,FULL,1780281120.1129794,1780281120.1131687,0.18930435180664062,decode,0,0,452715,0.0,0.0,0
forward_start,1780281120.1130605,48,48,48,48,FULL,1780281120.1130605,1780281120.1132483,0.18787384033203125,decode,1,0,452712,0.0,0.0,0
forward_start,1780281120.1252122,43,43,43,48,FULL,1780281120.1252122,1780281120.1254265,0.2143383026123047,decode,0,0,452715,0.0,0.0,0
forward_start,1780281120.1252756,47,47,47,48,FULL,1780281120.1252756,1780281120.1254776,0.20194053649902344,decode,1,0,452712,0.0,0.0,0
forward_start,1780281120.1373687,43,43,43,48,FULL,1780281120.1373687,1780281120.1375597,0.19097328186035156,decode,0,0,452715,0.0,0.0,0
forward_start,1780281120.137501,47,47,47,48,FULL,1780281120.137501,1780281120.137691,0.1900196075439453,decode,1,0,452712,0.0,0.0,0
forward_start,1780281120.1500132,43,43,43,48,FULL,1780281120.1500132,1780281120.1502278,0.21457672119140625,decode,0,0,452715,0.0,0.0,0
forward_start,1780281120.1500638,47,47,47,48,FULL,1780281120.1500638,1780281120.1502552,0.1914501190185547,decode,1,0,452712,0.0,0.0,0
forward_start,1780281120.16194,43,43,43,48,FULL,1780281120.16194,1780281120.1621666,0.22649765014648438,decode,0,0,452715,0.0,0.0,0
forward_start,1780281120.161975,47,47,47,48,FULL,1780281120.161975,1780281120.1621606,0.1857280731201172,decode,1,0,452712,0.0,0.0,0
forward_start,1780281120.1739647,43,43,43,48,FULL,1780281120.1739647,1780281120.174152,0.18715858459472656,decode,0,0,452715,0.0,0.0,0
forward_start,1780281120.1741009,47,47,47,48,FULL,1780281120.1741009,1780281120.1742911,0.19025802612304688,decode,1,0,452712,0.0,0.0,0
forward_start,1780281120.1860366,43,43,43,48,FULL,1780281120.1860366,1780281120.1862297,0.19311904907226562,decode,0,0,452715,0.0,0.0,0
forward_start,1780281120.1861522,47,47,47,48,FULL,1780281120.1861522,1780281120.186361,0.20885467529296875,decode,1,0,452712,0.0,0.0,0
forward_start,1780281120.1985059,43,43,43,48,FULL,1780281120.1985059,1780281120.1987107,0.2048015594482422,decode,0,0,452715,0.0,0.0,0
forward_start,1780281120.1985743,47,47,47,48,FULL,1780281120.1985743,1780281120.1987653,0.19097328186035156,decode,1,0,452712,0.0,0.0,0
forward_start,1780281120.2106247,43,43,43,48,FULL,1780281120.2106247,1780281120.2108312,0.20647048950195312,decode,0,0,452715,0.0,0.0,0
forward_start,1780281120.2107556,47,47,47,48,FULL,1780281120.2107556,1780281120.2109427,0.18715858459472656,decode,1,0,452712,0.0,0.0,0
forward_start,1780281120.2230642,47,47,47,48,FULL,1780281120.2230642,1780281120.2232547,0.19049644470214844,decode,1,0,452712,0.0,0.0,0
forward_start,1780281120.2230713,43,43,43,48,FULL,1780281120.2230713,1780281120.223281,0.20956993103027344,decode,0,0,452715,0.0,0.0,0
forward_start,1780281120.2350433,43,43,43,48,FULL,1780281120.2350433,1780281120.2352314,0.1881122589111328,decode,0,0,452715,0.0,0.0,0
forward_start,1780281120.2351615,47,47,47,48,FULL,1780281120.2351615,1780281120.2353628,0.20122528076171875,decode,1,0,452712,0.0,0.0,0
forward_start,1780281120.2471611,43,43,43,48,FULL,1780281120.2471611,1780281120.247388,0.22673606872558594,decode,0,0,452715,0.0,0.0,0
forward_start,1780281120.2472265,47,47,47,48,FULL,1780281120.2472265,1780281120.247439,0.2124309539794922,decode,1,0,452712,0.0,0.0,0
forward_start,1780281120.2592885,43,43,43,48,FULL,1780281120.2592885,1780281120.2594962,0.20766258239746094,decode,0,0,452715,0.0,0.0,0
forward_start,1780281120.2593937,47,47,47,48,FULL,1780281120.2593937,1780281120.259582,0.18835067749023438,decode,1,0,452712,0.0,0.0,0
forward_start,1780281120.271712,43,43,43,48,FULL,1780281120.271712,1780281120.271899,0.186920166015625,decode,0,0,452715,0.0,0.0,0
forward_start,1780281120.2718253,47,47,47,48,FULL,1780281120.2718253,1780281120.2720075,0.18215179443359375,decode,1,0,452712,0.0,0.0,0
forward_start,1780281120.28379,43,43,43,48,FULL,1780281120.28379,1780281120.2840242,0.23412704467773438,decode,0,0,452715,0.0,0.0,0
forward_start,1780281120.2838542,47,47,47,48,FULL,1780281120.2838542,1780281120.2840374,0.18310546875,decode,1,0,452712,0.0,0.0,0
forward_start,1780281120.2957747,43,43,43,48,FULL,1780281120.2957747,1780281120.2959607,0.18596649169921875,decode,0,0,452715,0.0,0.0,0
forward_start,1780281120.2958658,47,47,47,48,FULL,1780281120.2958658,1780281120.2960443,0.1785755157470703,decode,1,0,452712,0.0,0.0,0
forward_start,1780281120.307986,42,42,42,48,FULL,1780281120.307986,1780281120.3081758,0.18978118896484375,decode,0,0,452715,0.0,0.0,0
forward_start,1780281120.3080926,47,47,47,48,FULL,1780281120.3080926,1780281120.3082743,0.18167495727539062,decode,1,0,452712,0.0,0.0,0
forward_start,1780281120.3201814,42,42,42,48,FULL,1780281120.3201814,1780281120.3203866,0.2052783966064453,decode,0,0,452715,0.0,0.0,0
forward_start,1780281120.320301,47,47,47,48,FULL,1780281120.320301,1780281120.320508,0.20694732666015625,decode,1,0,452712,0.0,0.0,0
forward_start,1780281120.332481,42,42,42,48,FULL,1780281120.332481,1780281120.332677,0.19598007202148438,decode,0,0,452715,0.0,0.0,0
forward_start,1780281120.3325572,47,47,47,48,FULL,1780281120.3325572,1780281120.332743,0.1857280731201172,decode,1,0,452712,0.0,0.0,0
forward_start,1780281120.3450227,41,41,41,48,FULL,1780281120.3450227,1780281120.3452232,0.20051002502441406,decode,0,0,452715,0.0,0.0,0
forward_start,1780281120.3451312,47,47,47,48,FULL,1780281120.3451312,1780281120.345317,0.1857280731201172,decode,1,0,452712,0.0,0.0,0
forward_start,1780281120.3570921,41,41,41,48,FULL,1780281120.3570921,1780281120.357306,0.21386146545410156,decode,0,0,452715,0.0,0.0,0
forward_start,1780281120.3571923,47,47,47,48,FULL,1780281120.3571923,1780281120.357393,0.20074844360351562,decode,1,0,452712,0.0,0.0,0
forward_start,1780281120.3692327,41,41,41,48,FULL,1780281120.3692327,1780281120.369452,0.2193450927734375,decode,0,0,452715,0.0,0.0,0
forward_start,1780281120.3693604,47,47,47,48,FULL,1780281120.3693604,1780281120.3695467,0.1862049102783203,decode,1,0,452712,0.0,0.0,0
forward_start,1780281120.3817303,40,40,40,48,FULL,1780281120.3817303,1780281120.3819292,0.19884109497070312,decode,0,0,452715,0.0,0.0,0
forward_start,1780281120.3818262,47,47,47,48,FULL,1780281120.3818262,1780281120.3820124,0.1862049102783203,decode,1,0,452712,0.0,0.0,0
forward_start,1780281120.3941593,40,40,40,48,FULL,1780281120.3941593,1780281120.3943772,0.21791458129882812,decode,0,0,452715,0.0,0.0,0
forward_start,1780281120.3942542,46,46,46,48,FULL,1780281120.3942542,1780281120.3944564,0.202178955078125,decode,1,0,452712,0.0,0.0,0
forward_start,1780281120.4062312,39,39,39,48,FULL,1780281120.4062312,1780281120.4064481,0.21696090698242188,decode,0,0,452715,0.0,0.0,0
forward_start,1780281120.406331,46,46,46,48,FULL,1780281120.406331,1780281120.4065373,0.20623207092285156,decode,1,0,452712,0.0,0.0,0
forward_start,1780281120.4187307,39,39,39,48,FULL,1780281120.4187307,1780281120.4189363,0.20551681518554688,decode,0,0,452715,0.0,0.0,0
forward_start,1780281120.4187713,46,46,46,48,FULL,1780281120.4187713,1780281120.418953,0.18167495727539062,decode,1,0,452712,0.0,0.0,0
forward_start,1780281120.4315882,39,39,39,48,FULL,1780281120.4315882,1780281120.4317977,0.20956993103027344,decode,0,0,452715,0.0,0.0,0
forward_start,1780281120.4316485,46,46,46,48,FULL,1780281120.4316485,1780281120.4318335,0.1850128173828125,decode,1,0,452712,0.0,0.0,0
forward_start,1780281120.4431152,39,39,39,48,FULL,1780281120.4431152,1780281120.4433208,0.20551681518554688,decode,0,0,452715,0.0,0.0,0
forward_start,1780281120.4431665,46,46,46,48,FULL,1780281120.4431665,1780281120.4433784,0.21195411682128906,decode,1,0,452712,0.0,0.0,0
forward_start,1780281120.4554837,39,39,39,48,FULL,1780281120.4554837,1780281120.4556727,0.18906593322753906,decode,0,0,452715,0.0,0.0,0
forward_start,1780281120.4555743,46,46,46,48,FULL,1780281120.4555743,1780281120.4557614,0.18715858459472656,decode,1,0,452712,0.0,0.0,0
forward_start,1780281120.467458,39,39,39,48,FULL,1780281120.467458,1780281120.4676473,0.18930435180664062,decode,0,0,452715,0.0,0.0,0
forward_start,1780281120.4675548,46,46,46,48,FULL,1780281120.4675548,1780281120.4677389,0.18405914306640625,decode,1,0,452712,0.0,0.0,0
forward_start,1780281120.4798784,46,46,46,48,FULL,1780281120.4798784,1780281120.4800663,0.18787384033203125,decode,1,0,452712,0.0,0.0,0
forward_start,1780281120.4798956,39,39,39,48,FULL,1780281120.4798956,1780281120.4801083,0.21266937255859375,decode,0,0,452715,0.0,0.0,0
forward_start,1780281120.4920125,38,38,38,48,FULL,1780281120.4920125,1780281120.4922047,0.19216537475585938,decode,0,0,452715,0.0,0.0,0
forward_start,1780281120.492108,46,46,46,48,FULL,1780281120.492108,1780281120.4922931,0.1850128173828125,decode,1,0,452712,0.0,0.0,0
forward_start,1780281120.5041544,38,38,38,48,FULL,1780281120.5041544,1780281120.5043633,0.20885467529296875,decode,0,0,452715,0.0,0.0,0
forward_start,1780281120.5042415,46,46,46,48,FULL,1780281120.5042415,1780281120.5044465,0.20503997802734375,decode,1,0,452712,0.0,0.0,0
forward_start,1780281120.516574,37,37,37,48,FULL,1780281120.516574,1780281120.5167758,0.20194053649902344,decode,0,0,452715,0.0,0.0,0
forward_start,1780281120.5166843,46,46,46,48,FULL,1780281120.5166843,1780281120.516876,0.19168853759765625,decode,1,0,452712,0.0,0.0,0
forward_start,1780281120.5290208,37,37,37,48,FULL,1780281120.5290208,1780281120.5292237,0.2028942108154297,decode,0,0,452715,0.0,0.0,0
forward_start,1780281120.5291023,46,46,46,48,FULL,1780281120.5291023,1780281120.5292861,0.1838207244873047,decode,1,0,452712,0.0,0.0,0
forward_start,1780281120.5407667,37,37,37,48,FULL,1780281120.5407667,1780281120.540952,0.18525123596191406,decode,0,0,452715,0.0,0.0,0
forward_start,1780281120.5408337,46,46,46,48,FULL,1780281120.5408337,1780281120.5410194,0.1857280731201172,decode,1,0,452712,0.0,0.0,0
forward_start,1780281120.553107,46,46,46,48,FULL,1780281120.553107,1780281120.5532963,0.18930435180664062,decode,1,0,452712,0.0,0.0,0
forward_start,1780281120.553332,37,37,37,48,FULL,1780281120.553332,1780281120.553561,0.2288818359375,decode,0,0,452715,0.0,0.0,0
forward_start,1780281120.565722,37,37,37,48,FULL,1780281120.565722,1780281120.5659196,0.1976490020751953,decode,0,0,452715,0.0,0.0,0
forward_start,1780281120.5658176,46,46,46,48,FULL,1780281120.5658176,1780281120.5659993,0.18167495727539062,decode,1,0,452712,0.0,0.0,0
forward_start,1780281120.577318,37,37,37,48,FULL,1780281120.577318,1780281120.5775366,0.2186298370361328,decode,0,0,452715,0.0,0.0,0
forward_start,1780281120.5774055,46,46,46,48,FULL,1780281120.5774055,1780281120.57759,0.18453598022460938,decode,1,0,452712,0.0,0.0,0
forward_start,1780281120.5899537,37,37,37,48,FULL,1780281120.5899537,1780281120.5901608,0.2071857452392578,decode,0,0,452715,0.0,0.0,0
forward_start,1780281120.5899742,46,46,46,48,FULL,1780281120.5899742,1780281120.5901604,0.1862049102783203,decode,1,0,452712,0.0,0.0,0
forward_start,1780281120.6024165,36,36,36,48,FULL,1780281120.6024165,1780281120.602628,0.21147727966308594,decode,0,0,452715,0.0,0.0,0
forward_start,1780281120.6024194,45,45,45,48,FULL,1780281120.6024194,1780281120.6026082,0.1888275146484375,decode,1,0,452712,0.0,0.0,0
forward_start,1780281120.614653,44,44,44,48,FULL,1780281120.614653,1780281120.614843,0.18978118896484375,decode,1,0,452712,0.0,0.0,0
forward_start,1780281120.614675,36,36,36,48,FULL,1780281120.614675,1780281120.6149344,0.2593994140625,decode,0,0,452715,0.0,0.0,0
forward_start,1780281120.6265984,35,35,35,48,FULL,1780281120.6265984,1780281120.6267986,0.2002716064453125,decode,0,0,452715,0.0,0.0,0
forward_start,1780281120.6266263,44,44,44,48,FULL,1780281120.6266263,1780281120.6268153,0.18906593322753906,decode,1,0,452712,0.0,0.0,0
forward_start,1780281120.6388566,35,35,35,48,FULL,1780281120.6388566,1780281120.639056,0.19931793212890625,decode,0,0,452715,0.0,0.0,0
forward_start,1780281120.638911,44,44,44,48,FULL,1780281120.638911,1780281120.6390958,0.18477439880371094,decode,1,0,452712,0.0,0.0,0
forward_start,1780281120.6511936,44,44,44,48,FULL,1780281120.6511936,1780281120.651403,0.20933151245117188,decode,1,0,452712,0.0,0.0,0
forward_start,1780281120.651219,35,35,35,48,FULL,1780281120.651219,1780281120.6514559,0.23698806762695312,decode,0,0,452715,0.0,0.0,0
forward_start,1780281120.6634119,35,35,35,48,FULL,1780281120.6634119,1780281120.6636143,0.20241737365722656,decode,0,0,452715,0.0,0.0,0
forward_start,1780281120.6634533,44,44,44,48,FULL,1780281120.6634533,1780281120.663637,0.18358230590820312,decode,1,0,452712,0.0,0.0,0
forward_start,1780281120.675465,35,35,35,48,FULL,1780281120.675465,1780281120.6756532,0.1881122589111328,decode,0,0,452715,0.0,0.0,0
forward_start,1780281120.6755948,44,44,44,48,FULL,1780281120.6755948,1780281120.6757839,0.18906593322753906,decode,1,0,452712,0.0,0.0,0
forward_start,1780281120.6877427,35,35,35,48,FULL,1780281120.6877427,1780281120.6879287,0.18596649169921875,decode,0,0,452715,0.0,0.0,0
forward_start,1780281120.687853,44,44,44,48,FULL,1780281120.687853,1780281120.6880336,0.1804828643798828,decode,1,0,452712,0.0,0.0,0
forward_start,1780281120.6999958,35,35,35,48,FULL,1780281120.6999958,1780281120.7002041,0.20837783813476562,decode,0,0,452715,0.0,0.0,0
forward_start,1780281120.7000942,43,43,43,48,FULL,1780281120.7000942,1780281120.7002747,0.1804828643798828,decode,1,0,452712,0.0,0.0,0
forward_start,1780281120.7122629,35,35,35,48,FULL,1780281120.7122629,1780281120.712474,0.21123886108398438,decode,0,0,452715,0.0,0.0,0
forward_start,1780281120.7123854,43,43,43,48,FULL,1780281120.7123854,1780281120.7125728,0.18739700317382812,decode,1,0,452712,0.0,0.0,0
forward_start,1780281120.7245529,35,35,35,48,FULL,1780281120.7245529,1780281120.7247488,0.19598007202148438,decode,0,0,452715,0.0,0.0,0
forward_start,1780281120.7245855,43,43,43,48,FULL,1780281120.7245855,1780281120.7247715,0.18596649169921875,decode,1,0,452712,0.0,0.0,0
forward_start,1780281120.7366698,35,35,35,48,FULL,1780281120.7366698,1780281120.7368612,0.1914501190185547,decode,0,0,452715,0.0,0.0,0
forward_start,1780281120.7367716,43,43,43,48,FULL,1780281120.7367716,1780281120.7369585,0.186920166015625,decode,1,0,452712,0.0,0.0,0
forward_start,1780281120.7490091,35,35,35,48,FULL,1780281120.7490091,1780281120.7491987,0.1895427703857422,decode,0,0,452715,0.0,0.0,0
forward_start,1780281120.7491217,43,43,43,48,FULL,1780281120.7491217,1780281120.7493072,0.18548965454101562,decode,1,0,452712,0.0,0.0,0
forward_start,1780281120.7610478,35,35,35,48,FULL,1780281120.7610478,1780281120.7612379,0.1900196075439453,decode,0,0,452715,0.0,0.0,0
forward_start,1780281120.7611527,43,43,43,48,FULL,1780281120.7611527,1780281120.7613292,0.17642974853515625,decode,1,0,452712,0.0,0.0,0
forward_start,1780281120.7734683,34,34,34,48,FULL,1780281120.7734683,1780281120.7736578,0.1895427703857422,decode,0,0,452715,0.0,0.0,0
forward_start,1780281120.7735667,43,43,43,48,FULL,1780281120.7735667,1780281120.7737486,0.1819133758544922,decode,1,0,452712,0.0,0.0,0
forward_start,1780281120.7857432,33,33,33,48,FULL,1780281120.7857432,1780281120.7859306,0.18739700317382812,decode,0,0,452715,0.0,0.0,0
forward_start,1780281120.7858365,43,43,43,48,FULL,1780281120.7858365,1780281120.7860217,0.18525123596191406,decode,1,0,452712,0.0,0.0,0
forward_start,1780281120.7978418,33,33,33,48,FULL,1780281120.7978418,1780281120.7980425,0.20074844360351562,decode,0,0,452715,0.0,0.0,0
forward_start,1780281120.7978923,43,43,43,48,FULL,1780281120.7978923,1780281120.7980757,0.18334388732910156,decode,1,0,452712,0.0,0.0,0
forward_start,1780281120.8106747,33,33,33,48,FULL,1780281120.8106747,1780281120.8108766,0.20194053649902344,decode,0,0,452715,0.0,0.0,0
forward_start,1780281120.8107026,43,43,43,48,FULL,1780281120.8107026,1780281120.8108857,0.18310546875,decode,1,0,452712,0.0,0.0,0
forward_start,1780281120.8228881,33,33,33,48,FULL,1780281120.8228881,1780281120.8230846,0.1964569091796875,decode,0,0,452715,0.0,0.0,0
forward_start,1780281120.8229966,43,43,43,48,FULL,1780281120.8229966,1780281120.8231766,0.1800060272216797,decode,1,0,452712,0.0,0.0,0
forward_start,1780281120.834656,33,33,33,48,FULL,1780281120.834656,1780281120.834855,0.1990795135498047,decode,0,0,452715,0.0,0.0,0
forward_start,1780281120.834735,43,43,43,48,FULL,1780281120.834735,1780281120.8349216,0.18668174743652344,decode,1,0,452712,0.0,0.0,0
forward_start,1780281120.84709,43,43,43,48,FULL,1780281120.84709,1780281120.8472736,0.18358230590820312,decode,1,0,452712,0.0,0.0,0
forward_start,1780281120.8473172,33,33,33,48,FULL,1780281120.8473172,1780281120.8475425,0.22530555725097656,decode,0,0,452715,0.0,0.0,0
forward_start,1780281120.859058,33,33,33,48,FULL,1780281120.859058,1780281120.8592641,0.20623207092285156,decode,0,0,452715,0.0,0.0,0
forward_start,1780281120.8590732,43,43,43,48,FULL,1780281120.8590732,1780281120.859253,0.17976760864257812,decode,1,0,452712,0.0,0.0,0
forward_start,1780281120.871716,43,43,43,48,FULL,1780281120.871716,1780281120.8718965,0.1804828643798828,decode,1,0,452712,0.0,0.0,0
forward_start,1780281120.8717186,32,32,32,48,FULL,1780281120.8717186,1780281120.8719249,0.20623207092285156,decode,0,0,452715,0.0,0.0,0
forward_start,1780281120.8838286,32,32,32,48,FULL,1780281120.8838286,1780281120.8840494,0.22077560424804688,decode,0,0,452715,0.0,0.0,0
forward_start,1780281120.8838482,42,42,42,48,FULL,1780281120.8838482,1780281120.884034,0.1857280731201172,decode,1,0,452712,0.0,0.0,0
forward_start,1780281120.8959491,42,42,42,48,FULL,1780281120.8959491,1780281120.896135,0.18596649169921875,decode,1,0,452712,0.0,0.0,0
forward_start,1780281120.8959775,31,31,31,48,FULL,1780281120.8959775,1780281120.8961942,0.2167224884033203,decode,0,0,452715,0.0,0.0,0
forward_start,1780281120.9083145,42,42,42,48,FULL,1780281120.9083145,1780281120.9085166,0.202178955078125,decode,1,0,452712,0.0,0.0,0
forward_start,1780281120.9083655,31,31,31,48,FULL,1780281120.9083655,1780281120.908584,0.2186298370361328,decode,0,0,452715,0.0,0.0,0
forward_start,1780281120.9202204,42,42,42,48,FULL,1780281120.9202204,1780281120.9204252,0.2048015594482422,decode,1,0,452712,0.0,0.0,0
forward_start,1780281120.920225,31,31,31,48,FULL,1780281120.920225,1780281120.920468,0.24318695068359375,decode,0,0,452715,0.0,0.0,0
forward_start,1780281120.9325087,31,31,31,48,FULL,1780281120.9325087,1780281120.9327176,0.20885467529296875,decode,0,0,452715,0.0,0.0,0
forward_start,1780281120.9325166,42,42,42,48,FULL,1780281120.9325166,1780281120.932705,0.18835067749023438,decode,1,0,452712,0.0,0.0,0
forward_start,1780281120.944692,31,31,31,48,FULL,1780281120.944692,1780281120.9448946,0.20265579223632812,decode,0,0,452715,0.0,0.0,0
forward_start,1780281120.9447417,42,42,42,48,FULL,1780281120.9447417,1780281120.9449244,0.18262863159179688,decode,1,0,452712,0.0,0.0,0
forward_start,1780281120.9573627,31,31,31,48,FULL,1780281120.9573627,1780281120.957566,0.2033710479736328,decode,0,0,452715,0.0,0.0,0
forward_start,1780281120.9573967,41,41,41,48,FULL,1780281120.9573967,1780281120.9575822,0.18548965454101562,decode,1,0,452712,0.0,0.0,0
forward_start,1780281120.969273,30,30,30,40,FULL,1780281120.969273,1780281120.969682,0.4088878631591797,decode,0,0,452715,0.0,0.0,0
forward_start,1780281120.9692922,40,40,40,40,FULL,1780281120.9692922,1780281120.9700336,0.7414817810058594,decode,1,0,452712,0.0,0.0,0
forward_start,1780281120.981561,30,30,30,40,FULL,1780281120.981561,1780281120.9819274,0.36644935607910156,decode,0,0,452715,0.0,0.0,0
forward_start,1780281120.9815829,40,40,40,40,FULL,1780281120.9815829,1780281120.9818428,0.2598762512207031,decode,1,0,452712,0.0,0.0,0
forward_start,1780281120.993735,30,30,30,40,FULL,1780281120.993735,1780281120.994026,0.29087066650390625,decode,0,0,452715,0.0,0.0,0
forward_start,1780281120.9937735,39,39,39,40,FULL,1780281120.9937735,1780281120.9939704,0.19693374633789062,decode,1,0,452712,0.0,0.0,0
forward_start,1780281121.0057883,30,30,30,40,FULL,1780281121.0057883,1780281121.006007,0.2186298370361328,decode,0,0,452715,0.0,0.0,0
forward_start,1780281121.0058146,39,39,39,40,FULL,1780281121.0058146,1780281121.0059974,0.18286705017089844,decode,1,0,452712,0.0,0.0,0
forward_start,1780281121.0177803,39,39,39,40,FULL,1780281121.0177803,1780281121.0179682,0.18787384033203125,decode,1,0,452712,0.0,0.0,0
forward_start,1780281121.0177872,30,30,30,40,FULL,1780281121.0177872,1780281121.0180132,0.22602081298828125,decode,0,0,452715,0.0,0.0,0
forward_start,1780281121.0295138,30,30,30,40,FULL,1780281121.0295138,1780281121.0297227,0.20885467529296875,decode,0,0,452715,0.0,0.0,0
forward_start,1780281121.0295842,39,39,39,40,FULL,1780281121.0295842,1780281121.0297737,0.1895427703857422,decode,1,0,452712,0.0,0.0,0
forward_start,1780281121.041476,30,30,30,40,FULL,1780281121.041476,1780281121.041681,0.20503997802734375,decode,0,0,452715,0.0,0.0,0
forward_start,1780281121.0415595,39,39,39,40,FULL,1780281121.0415595,1780281121.0417385,0.17905235290527344,decode,1,0,452712,0.0,0.0,0
forward_start,1780281121.0534425,30,30,30,40,FULL,1780281121.0534425,1780281121.0536356,0.19311904907226562,decode,0,0,452715,0.0,0.0,0
forward_start,1780281121.053555,39,39,39,40,FULL,1780281121.053555,1780281121.0537379,0.18286705017089844,decode,1,0,452712,0.0,0.0,0
forward_start,1780281121.0653243,30,30,30,40,FULL,1780281121.0653243,1780281121.0655272,0.2028942108154297,decode,0,0,452715,0.0,0.0,0
forward_start,1780281121.0654502,39,39,39,40,FULL,1780281121.0654502,1780281121.0656307,0.1804828643798828,decode,1,0,452712,0.0,0.0,0
forward_start,1780281121.0777643,30,30,30,40,FULL,1780281121.0777643,1780281121.0779538,0.1895427703857422,decode,0,0,452715,0.0,0.0,0
forward_start,1780281121.0778704,39,39,39,40,FULL,1780281121.0778704,1780281121.0780494,0.17905235290527344,decode,1,0,452712,0.0,0.0,0
forward_start,1780281121.0894172,30,30,30,40,FULL,1780281121.0894172,1780281121.0896072,0.1900196075439453,decode,0,0,452715,0.0,0.0,0
forward_start,1780281121.0895066,39,39,39,40,FULL,1780281121.0895066,1780281121.0896773,0.17070770263671875,decode,1,0,452712,0.0,0.0,0
forward_start,1780281121.1016083,30,30,30,40,FULL,1780281121.1016083,1780281121.1017962,0.18787384033203125,decode,0,0,452715,0.0,0.0,0
forward_start,1780281121.101696,39,39,39,40,FULL,1780281121.101696,1780281121.1018739,0.17786026000976562,decode,1,0,452712,0.0,0.0,0
forward_start,1780281121.113484,30,30,30,40,FULL,1780281121.113484,1780281121.1136727,0.1888275146484375,decode,0,0,452715,0.0,0.0,0
forward_start,1780281121.1135888,39,39,39,40,FULL,1780281121.1135888,1780281121.113772,0.18310546875,decode,1,0,452712,0.0,0.0,0
forward_start,1780281121.12568,30,30,30,40,FULL,1780281121.12568,1780281121.1258714,0.1914501190185547,decode,0,0,452715,0.0,0.0,0
forward_start,1780281121.125806,39,39,39,40,FULL,1780281121.125806,1780281121.125989,0.18286705017089844,decode,1,0,452712,0.0,0.0,0
forward_start,1780281121.1376257,30,30,30,40,FULL,1780281121.1376257,1780281121.1378164,0.19073486328125,decode,0,0,452715,0.0,0.0,0
forward_start,1780281121.137756,39,39,39,40,FULL,1780281121.137756,1780281121.1379406,0.18453598022460938,decode,1,0,452712,0.0,0.0,0
forward_start,1780281121.149978,30,30,30,40,FULL,1780281121.149978,1780281121.1502013,0.22339820861816406,decode,0,0,452715,0.0,0.0,0
forward_start,1780281121.1500838,39,39,39,40,FULL,1780281121.1500838,1780281121.150265,0.1811981201171875,decode,1,0,452712,0.0,0.0,0
forward_start,1780281121.161909,30,30,30,40,FULL,1780281121.161909,1780281121.1621103,0.20122528076171875,decode,0,0,452715,0.0,0.0,0
forward_start,1780281121.16195,39,39,39,40,FULL,1780281121.16195,1780281121.162131,0.18095970153808594,decode,1,0,452712,0.0,0.0,0
forward_start,1780281121.1739767,30,30,30,40,FULL,1780281121.1739767,1780281121.1741853,0.2086162567138672,decode,0,0,452715,0.0,0.0,0
forward_start,1780281121.174081,39,39,39,40,FULL,1780281121.174081,1780281121.1742632,0.18215179443359375,decode,1,0,452712,0.0,0.0,0
forward_start,1780281121.1859095,30,30,30,40,FULL,1780281121.1859095,1780281121.1861165,0.20694732666015625,decode,0,0,452715,0.0,0.0,0
forward_start,1780281121.1860425,39,39,39,40,FULL,1780281121.1860425,1780281121.1862264,0.1838207244873047,decode,1,0,452712,0.0,0.0,0
forward_start,1780281121.197985,30,30,30,40,FULL,1780281121.197985,1780281121.198174,0.18906593322753906,decode,0,0,452715,0.0,0.0,0
forward_start,1780281121.1980655,39,39,39,40,FULL,1780281121.1980655,1780281121.1982453,0.17976760864257812,decode,1,0,452712,0.0,0.0,0
forward_start,1780281121.2106283,30,30,30,40,FULL,1780281121.2106283,1780281121.2108326,0.20432472229003906,decode,0,0,452715,0.0,0.0,0
forward_start,1780281121.2107396,39,39,39,40,FULL,1780281121.2107396,1780281121.2109184,0.17881393432617188,decode,1,0,452712,0.0,0.0,0
forward_start,1780281121.222002,30,30,30,40,FULL,1780281121.222002,1780281121.2221916,0.1895427703857422,decode,0,0,452715,0.0,0.0,0
forward_start,1780281121.2221017,39,39,39,40,FULL,1780281121.2221017,1780281121.2222817,0.1800060272216797,decode,1,0,452712,0.0,0.0,0
forward_start,1780281121.2339833,30,30,30,40,FULL,1780281121.2339833,1780281121.234175,0.19168853759765625,decode,0,0,452715,0.0,0.0,0
forward_start,1780281121.2340987,39,39,39,40,FULL,1780281121.2340987,1780281121.234281,0.1823902130126953,decode,1,0,452712,0.0,0.0,0
forward_start,1780281121.2460663,30,30,30,40,FULL,1780281121.2460663,1780281121.2462676,0.20122528076171875,decode,0,0,452715,0.0,0.0,0
forward_start,1780281121.246182,39,39,39,40,FULL,1780281121.246182,1780281121.2463822,0.2002716064453125,decode,1,0,452712,0.0,0.0,0
forward_start,1780281121.258418,29,29,29,40,FULL,1780281121.258418,1780281121.2586253,0.2071857452392578,decode,0,0,452715,0.0,0.0,0
forward_start,1780281121.2584379,38,38,38,40,FULL,1780281121.2584379,1780281121.2586212,0.18334388732910156,decode,1,0,452712,0.0,0.0,0
forward_start,1780281121.2701623,29,29,29,40,FULL,1780281121.2701623,1780281121.2703714,0.2090930938720703,decode,0,0,452715,0.0,0.0,0
forward_start,1780281121.270266,38,38,38,40,FULL,1780281121.270266,1780281121.2704701,0.2040863037109375,decode,1,0,452712,0.0,0.0,0
forward_start,1780281121.28228,29,29,29,40,FULL,1780281121.28228,1780281121.282497,0.21696090698242188,decode,0,0,452715,0.0,0.0,0
forward_start,1780281121.2823048,38,38,38,40,FULL,1780281121.2823048,1780281121.2825055,0.20074844360351562,decode,1,0,452712,0.0,0.0,0
forward_start,1780281121.2945046,29,29,29,40,FULL,1780281121.2945046,1780281121.294713,0.20837783813476562,decode,0,0,452715,0.0,0.0,0
forward_start,1780281121.2945387,38,38,38,40,FULL,1780281121.2945387,1780281121.2947176,0.17881393432617188,decode,1,0,452712,0.0,0.0,0
forward_start,1780281121.3062515,29,29,29,40,FULL,1780281121.3062515,1780281121.3064647,0.21314620971679688,decode,0,0,452715,0.0,0.0,0
forward_start,1780281121.3063557,38,38,38,40,FULL,1780281121.3063557,1780281121.3065398,0.18405914306640625,decode,1,0,452712,0.0,0.0,0
forward_start,1780281121.3182383,29,29,29,40,FULL,1780281121.3182383,1780281121.3184452,0.20694732666015625,decode,0,0,452715,0.0,0.0,0
forward_start,1780281121.3183305,38,38,38,40,FULL,1780281121.3183305,1780281121.3185384,0.2079010009765625,decode,1,0,452712,0.0,0.0,0
forward_start,1780281121.3301885,29,29,29,40,FULL,1780281121.3301885,1780281121.3303957,0.2071857452392578,decode,0,0,452715,0.0,0.0,0
forward_start,1780281121.3302271,38,38,38,40,FULL,1780281121.3302271,1780281121.3304179,0.19073486328125,decode,1,0,452712,0.0,0.0,0
forward_start,1780281121.342662,28,28,28,40,FULL,1780281121.342662,1780281121.3428514,0.18930435180664062,decode,0,0,452715,0.0,0.0,0
forward_start,1780281121.3427083,38,38,38,40,FULL,1780281121.3427083,1780281121.3428814,0.17309188842773438,decode,1,0,452712,0.0,0.0,0
forward_start,1780281121.3543026,28,28,28,40,FULL,1780281121.3543026,1780281121.3545067,0.2040863037109375,decode,0,0,452715,0.0,0.0,0
forward_start,1780281121.3544235,37,37,37,40,FULL,1780281121.3544235,1780281121.3546064,0.18286705017089844,decode,1,0,452712,0.0,0.0,0
forward_start,1780281121.366275,28,28,28,40,FULL,1780281121.366275,1780281121.3664944,0.2193450927734375,decode,0,0,452715,0.0,0.0,0
forward_start,1780281121.3662944,37,37,37,40,FULL,1780281121.3662944,1780281121.366497,0.20265579223632812,decode,1,0,452712,0.0,0.0,0
forward_start,1780281121.3781896,28,28,28,40,FULL,1780281121.3781896,1780281121.378406,0.21648406982421875,decode,0,0,452715,0.0,0.0,0
forward_start,1780281121.3782117,37,37,37,40,FULL,1780281121.3782117,1780281121.3784013,0.1895427703857422,decode,1,0,452712,0.0,0.0,0
forward_start,1780281121.3901494,28,28,28,40,FULL,1780281121.3901494,1780281121.3903577,0.20837783813476562,decode,0,0,452715,0.0,0.0,0
forward_start,1780281121.390247,37,37,37,40,FULL,1780281121.390247,1780281121.3904524,0.2052783966064453,decode,1,0,452712,0.0,0.0,0
forward_start,1780281121.4020643,28,28,28,40,FULL,1780281121.4020643,1780281121.4022546,0.19025802612304688,decode,0,0,452715,0.0,0.0,0
forward_start,1780281121.4021578,37,37,37,40,FULL,1780281121.4021578,1780281121.402362,0.20432472229003906,decode,1,0,452712,0.0,0.0,0
forward_start,1780281121.4143324,28,28,28,40,FULL,1780281121.4143324,1780281121.414537,0.20456314086914062,decode,0,0,452715,0.0,0.0,0
forward_start,1780281121.4144182,36,36,36,40,FULL,1780281121.4144182,1780281121.4145896,0.17142295837402344,decode,1,0,452712,0.0,0.0,0
forward_start,1780281121.4260721,28,28,28,40,FULL,1780281121.4260721,1780281121.4262586,0.18644332885742188,decode,0,0,452715,0.0,0.0,0
forward_start,1780281121.4261284,36,36,36,40,FULL,1780281121.4261284,1780281121.4263089,0.1804828643798828,decode,1,0,452712,0.0,0.0,0
forward_start,1780281121.4379718,28,28,28,40,FULL,1780281121.4379718,1780281121.4381592,0.18739700317382812,decode,0,0,452715,0.0,0.0,0
forward_start,1780281121.4380782,36,36,36,40,FULL,1780281121.4380782,1780281121.438258,0.17976760864257812,decode,1,0,452712,0.0,0.0,0
forward_start,1780281121.4499743,28,28,28,40,FULL,1780281121.4499743,1780281121.450174,0.19979476928710938,decode,0,0,452715,0.0,0.0,0
forward_start,1780281121.4499965,36,36,36,40,FULL,1780281121.4499965,1780281121.4501674,0.1709461212158203,decode,1,0,452712,0.0,0.0,0
forward_start,1780281121.4620752,28,28,28,40,FULL,1780281121.4620752,1780281121.4623058,0.23055076599121094,decode,0,0,452715,0.0,0.0,0
forward_start,1780281121.462161,36,36,36,40,FULL,1780281121.462161,1780281121.4623592,0.19812583923339844,decode,1,0,452712,0.0,0.0,0
forward_start,1780281121.4739687,28,28,28,40,FULL,1780281121.4739687,1780281121.4741652,0.1964569091796875,decode,0,0,452715,0.0,0.0,0
forward_start,1780281121.4744084,36,36,36,40,FULL,1780281121.4744084,1780281121.4745882,0.17976760864257812,decode,1,0,452712,0.0,0.0,0
forward_start,1780281121.4862285,36,36,36,40,FULL,1780281121.4862285,1780281121.4864345,0.20599365234375,decode,1,0,452712,0.0,0.0,0
forward_start,1780281121.48624,28,28,28,40,FULL,1780281121.48624,1780281121.486475,0.23508071899414062,decode,0,0,452715,0.0,0.0,0
forward_start,1780281121.497981,28,28,28,40,FULL,1780281121.497981,1780281121.4981687,0.1876354217529297,decode,0,0,452715,0.0,0.0,0
forward_start,1780281121.4980745,36,36,36,40,FULL,1780281121.4980745,1780281121.4982548,0.18024444580078125,decode,1,0,452712,0.0,0.0,0
forward_start,1780281121.5102131,36,36,36,40,FULL,1780281121.5102131,1780281121.510409,0.19598007202148438,decode,1,0,452712,0.0,0.0,0
forward_start,1780281121.5104964,28,28,28,40,FULL,1780281121.5104964,1780281121.5106971,0.20074844360351562,decode,0,0,452715,0.0,0.0,0
forward_start,1780281121.5222447,36,36,36,40,FULL,1780281121.5222447,1780281121.5224528,0.20813941955566406,decode,1,0,452712,0.0,0.0,0
forward_start,1780281121.5222676,28,28,28,40,FULL,1780281121.5222676,1780281121.5225024,0.23484230041503906,decode,0,0,452715,0.0,0.0,0
forward_start,1780281121.5343204,36,36,36,40,FULL,1780281121.5343204,1780281121.5345314,0.2110004425048828,decode,1,0,452712,0.0,0.0,0
forward_start,1780281121.53437,28,28,28,40,FULL,1780281121.53437,1780281121.5345814,0.21147727966308594,decode,0,0,452715,0.0,0.0,0
forward_start,1780281121.5462296,28,28,28,40,FULL,1780281121.5462296,1780281121.5464501,0.2205371856689453,decode,0,0,452715,0.0,0.0,0
forward_start,1780281121.5462728,36,36,36,40,FULL,1780281121.5462728,1780281121.5464773,0.20456314086914062,decode,1,0,452712,0.0,0.0,0
forward_start,1780281121.5580456,28,28,28,40,FULL,1780281121.5580456,1780281121.5582526,0.20694732666015625,decode,0,0,452715,0.0,0.0,0
forward_start,1780281121.5581331,36,36,36,40,FULL,1780281121.5581331,1780281121.5583148,0.18167495727539062,decode,1,0,452712,0.0,0.0,0
forward_start,1780281121.5700936,28,28,28,40,FULL,1780281121.5700936,1780281121.5702837,0.1900196075439453,decode,0,0,452715,0.0,0.0,0
forward_start,1780281121.5701985,36,36,36,40,FULL,1780281121.5701985,1780281121.5703928,0.19431114196777344,decode,1,0,452712,0.0,0.0,0
forward_start,1780281121.582589,28,28,28,40,FULL,1780281121.582589,1780281121.582778,0.18906593322753906,decode,0,0,452715,0.0,0.0,0
forward_start,1780281121.582656,36,36,36,40,FULL,1780281121.582656,1780281121.5828257,0.1697540283203125,decode,1,0,452712,0.0,0.0,0
forward_start,1780281121.5947268,28,28,28,40,FULL,1780281121.5947268,1780281121.594915,0.1881122589111328,decode,0,0,452715,0.0,0.0,0
forward_start,1780281121.5947697,36,36,36,40,FULL,1780281121.5947697,1780281121.5949419,0.17213821411132812,decode,1,0,452712,0.0,0.0,0
forward_start,1780281121.6064587,27,27,27,40,FULL,1780281121.6064587,1780281121.6066468,0.1881122589111328,decode,0,0,452715,0.0,0.0,0
forward_start,1780281121.6065595,36,36,36,40,FULL,1780281121.6065595,1780281121.606737,0.1773834228515625,decode,1,0,452712,0.0,0.0,0
forward_start,1780281121.6183057,27,27,27,40,FULL,1780281121.6183057,1780281121.6185153,0.20956993103027344,decode,0,0,452715,0.0,0.0,0
forward_start,1780281121.6183622,36,36,36,40,FULL,1780281121.6183622,1780281121.6185343,0.17213821411132812,decode,1,0,452712,0.0,0.0,0
forward_start,1780281121.6303957,27,27,27,40,FULL,1780281121.6303957,1780281121.630618,0.2224445343017578,decode,0,0,452715,0.0,0.0,0
forward_start,1780281121.6305091,36,36,36,40,FULL,1780281121.6305091,1780281121.6306894,0.18024444580078125,decode,1,0,452712,0.0,0.0,0
forward_start,1780281121.6423316,27,27,27,40,FULL,1780281121.6423316,1780281121.642535,0.2033710479736328,decode,0,0,452715,0.0,0.0,0
forward_start,1780281121.6424181,36,36,36,40,FULL,1780281121.6424181,1780281121.6426003,0.18215179443359375,decode,1,0,452712,0.0,0.0,0
forward_start,1780281121.6545148,27,27,27,40,FULL,1780281121.6545148,1780281121.6547027,0.18787384033203125,decode,0,0,452715,0.0,0.0,0
forward_start,1780281121.654566,36,36,36,40,FULL,1780281121.654566,1780281121.6547377,0.171661376953125,decode,1,0,452712,0.0,0.0,0
forward_start,1780281121.6664011,27,27,27,40,FULL,1780281121.6664011,1780281121.6665924,0.19121170043945312,decode,0,0,452715,0.0,0.0,0
forward_start,1780281121.6664565,36,36,36,40,FULL,1780281121.6664565,1780281121.6666274,0.1709461212158203,decode,1,0,452712,0.0,0.0,0
forward_start,1780281121.678533,27,27,27,40,FULL,1780281121.678533,1780281121.6787224,0.18930435180664062,decode,0,0,452715,0.0,0.0,0
forward_start,1780281121.678653,36,36,36,40,FULL,1780281121.678653,1780281121.6788378,0.18477439880371094,decode,1,0,452712,0.0,0.0,0
forward_start,1780281121.6906824,26,26,26,40,FULL,1780281121.6906824,1780281121.690874,0.19168853759765625,decode,0,0,452715,0.0,0.0,0
forward_start,1780281121.69074,35,35,35,40,FULL,1780281121.69074,1780281121.6909108,0.17070770263671875,decode,1,0,452712,0.0,0.0,0
forward_start,1780281121.7028103,26,26,26,40,FULL,1780281121.7028103,1780281121.702996,0.1857280731201172,decode,0,0,452715,0.0,0.0,0
forward_start,1780281121.702881,34,34,34,40,FULL,1780281121.702881,1780281121.7030609,0.17976760864257812,decode,1,0,452712,0.0,0.0,0
forward_start,1780281121.71449,26,26,26,40,FULL,1780281121.71449,1780281121.7146816,0.19168853759765625,decode,0,0,452715,0.0,0.0,0
forward_start,1780281121.7145183,34,34,34,40,FULL,1780281121.7145183,1780281121.714696,0.17762184143066406,decode,1,0,452712,0.0,0.0,0
forward_start,1780281121.7266476,26,26,26,40,FULL,1780281121.7266476,1780281121.7268505,0.2028942108154297,decode,0,0,452715,0.0,0.0,0
forward_start,1780281121.726702,34,34,34,40,FULL,1780281121.726702,1780281121.7268796,0.17762184143066406,decode,1,0,452712,0.0,0.0,0
forward_start,1780281121.738321,25,25,25,40,FULL,1780281121.738321,1780281121.7385297,0.2086162567138672,decode,0,0,452715,0.0,0.0,0
forward_start,1780281121.7384322,34,34,34,40,FULL,1780281121.7384322,1780281121.738614,0.1819133758544922,decode,1,0,452712,0.0,0.0,0
forward_start,1780281121.75061,25,25,25,40,FULL,1780281121.75061,1780281121.7508218,0.2117156982421875,decode,0,0,452715,0.0,0.0,0
forward_start,1780281121.7506871,34,34,34,40,FULL,1780281121.7506871,1780281121.7508557,0.1685619354248047,decode,1,0,452712,0.0,0.0,0
forward_start,1780281121.7625687,25,25,25,40,FULL,1780281121.7625687,1780281121.7627707,0.20194053649902344,decode,0,0,452715,0.0,0.0,0
forward_start,1780281121.7626216,34,34,34,40,FULL,1780281121.7626216,1780281121.7628052,0.18358230590820312,decode,1,0,452712,0.0,0.0,0
forward_start,1780281121.7749681,25,25,25,40,FULL,1780281121.7749681,1780281121.7751591,0.19097328186035156,decode,0,0,452715,0.0,0.0,0
forward_start,1780281121.7750418,34,34,34,40,FULL,1780281121.7750418,1780281121.775217,0.17523765563964844,decode,1,0,452712,0.0,0.0,0
forward_start,1780281121.7866044,25,25,25,40,FULL,1780281121.7866044,1780281121.786795,0.19049644470214844,decode,0,0,452715,0.0,0.0,0
forward_start,1780281121.7867131,34,34,34,40,FULL,1780281121.7867131,1780281121.7868912,0.1780986785888672,decode,1,0,452712,0.0,0.0,0
forward_start,1780281121.7987993,25,25,25,40,FULL,1780281121.7987993,1780281121.7989905,0.19121170043945312,decode,0,0,452715,0.0,0.0,0
forward_start,1780281121.798843,34,34,34,40,FULL,1780281121.798843,1780281121.799014,0.17118453979492188,decode,1,0,452712,0.0,0.0,0
forward_start,1780281121.810678,25,25,25,40,FULL,1780281121.810678,1780281121.810865,0.186920166015625,decode,0,0,452715,0.0,0.0,0
forward_start,1780281121.8107886,34,34,34,40,FULL,1780281121.8107886,1780281121.8109674,0.17881393432617188,decode,1,0,452712,0.0,0.0,0
forward_start,1780281121.8231614,34,34,34,40,FULL,1780281121.8231614,1780281121.8233678,0.20647048950195312,decode,1,0,452712,0.0,0.0,0
forward_start,1780281121.8231955,24,24,24,40,FULL,1780281121.8231955,1780281121.8234298,0.23436546325683594,decode,0,0,452715,0.0,0.0,0
forward_start,1780281121.847368,24,24,24,40,FULL,1780281121.847368,1780281121.8475344,0.16641616821289062,decode,0,0,452715,0.0,0.0,0
forward_start,1780281121.8475878,34,34,34,40,FULL,1780281121.8475878,1780281121.8477333,0.14543533325195312,decode,1,0,452712,0.0,0.0,0
forward_start,1780281121.850362,23,23,23,40,FULL,1780281121.850362,1780281121.850563,0.2009868621826172,decode,0,0,452715,0.0,0.0,0
forward_start,1780281121.850396,34,34,34,40,FULL,1780281121.850396,1780281121.8505807,0.18477439880371094,decode,1,0,452712,0.0,0.0,0
forward_start,1780281121.8615842,23,23,23,40,FULL,1780281121.8615842,1780281121.8617737,0.1895427703857422,decode,0,0,452715,0.0,0.0,0
forward_start,1780281121.861667,34,34,34,40,FULL,1780281121.861667,1780281121.861842,0.17499923706054688,decode,1,0,452712,0.0,0.0,0
forward_start,1780281121.8737352,23,23,23,40,FULL,1780281121.8737352,1780281121.8739667,0.2315044403076172,decode,0,0,452715,0.0,0.0,0
forward_start,1780281121.8737662,34,34,34,40,FULL,1780281121.8737662,1780281121.8739448,0.1785755157470703,decode,1,0,452712,0.0,0.0,0
forward_start,1780281121.8857741,23,23,23,40,FULL,1780281121.8857741,1780281121.885973,0.19884109497070312,decode,0,0,452715,0.0,0.0,0
forward_start,1780281121.8858795,34,34,34,40,FULL,1780281121.8858795,1780281121.8860598,0.18024444580078125,decode,1,0,452712,0.0,0.0,0
forward_start,1780281121.8977385,23,23,23,40,FULL,1780281121.8977385,1780281121.8979585,0.2200603485107422,decode,0,0,452715,0.0,0.0,0
forward_start,1780281121.8977845,34,34,34,40,FULL,1780281121.8977845,1780281121.8979654,0.18095970153808594,decode,1,0,452712,0.0,0.0,0
forward_start,1780281121.9097126,23,23,23,40,FULL,1780281121.9097126,1780281121.9099002,0.1876354217529297,decode,0,0,452715,0.0,0.0,0
forward_start,1780281121.9098048,33,33,33,40,FULL,1780281121.9098048,1780281121.9099772,0.1723766326904297,decode,1,0,452712,0.0,0.0,0
forward_start,1780281121.9219785,23,23,23,40,FULL,1780281121.9219785,1780281121.9221854,0.20694732666015625,decode,0,0,452715,0.0,0.0,0
forward_start,1780281121.9220777,33,33,33,40,FULL,1780281121.9220777,1780281121.9222662,0.18858909606933594,decode,1,0,452712,0.0,0.0,0
forward_start,1780281121.9339283,23,23,23,40,FULL,1780281121.9339283,1780281121.934131,0.20265579223632812,decode,0,0,452715,0.0,0.0,0
forward_start,1780281121.9339817,33,33,33,40,FULL,1780281121.9339817,1780281121.9341657,0.18405914306640625,decode,1,0,452712,0.0,0.0,0
forward_start,1780281121.9460394,23,23,23,40,FULL,1780281121.9460394,1780281121.9462373,0.19788742065429688,decode,0,0,452715,0.0,0.0,0
forward_start,1780281121.946081,33,33,33,40,FULL,1780281121.946081,1780281121.9462643,0.18334388732910156,decode,1,0,452712,0.0,0.0,0
forward_start,1780281121.9578605,23,23,23,40,FULL,1780281121.9578605,1780281121.958056,0.19550323486328125,decode,0,0,452715,0.0,0.0,0
forward_start,1780281121.957932,33,33,33,40,FULL,1780281121.957932,1780281121.9581141,0.18215179443359375,decode,1,0,452712,0.0,0.0,0
forward_start,1780281121.970114,33,33,33,40,FULL,1780281121.970114,1780281121.9702973,0.18334388732910156,decode,1,0,452712,0.0,0.0,0
forward_start,1780281121.970123,23,23,23,40,FULL,1780281121.970123,1780281121.9703343,0.21123886108398438,decode,0,0,452715,0.0,0.0,0
forward_start,1780281121.982518,33,33,33,40,FULL,1780281121.982518,1780281121.9826994,0.18143653869628906,decode,1,0,452712,0.0,0.0,0
forward_start,1780281121.9828308,22,22,22,40,FULL,1780281121.9828308,1780281121.9830332,0.20241737365722656,decode,0,0,452715,0.0,0.0,0
forward_start,1780281121.994079,22,22,22,40,FULL,1780281121.994079,1780281121.994274,0.19478797912597656,decode,0,0,452715,0.0,0.0,0
forward_start,1780281121.9941242,33,33,33,40,FULL,1780281121.9941242,1780281121.9942944,0.17023086547851562,decode,1,0,452712,0.0,0.0,0
forward_start,1780281122.0060942,22,22,22,40,FULL,1780281122.0060942,1780281122.006307,0.21266937255859375,decode,0,0,452715,0.0,0.0,0
forward_start,1780281122.0061328,33,33,33,40,FULL,1780281122.0061328,1780281122.0063167,0.1838207244873047,decode,1,0,452712,0.0,0.0,0
forward_start,1780281122.01804,22,22,22,40,FULL,1780281122.01804,1780281122.0182505,0.2105236053466797,decode,0,0,452715,0.0,0.0,0
forward_start,1780281122.0181239,33,33,33,40,FULL,1780281122.0181239,1780281122.0183063,0.1823902130126953,decode,1,0,452712,0.0,0.0,0
forward_start,1780281122.0300975,22,22,22,40,FULL,1780281122.0300975,1780281122.0303056,0.20813941955566406,decode,0,0,452715,0.0,0.0,0
forward_start,1780281122.0301175,33,33,33,40,FULL,1780281122.0301175,1780281122.0302973,0.17976760864257812,decode,1,0,452712,0.0,0.0,0
forward_start,1780281122.042032,22,22,22,40,FULL,1780281122.042032,1780281122.0422268,0.19478797912597656,decode,0,0,452715,0.0,0.0,0
forward_start,1780281122.0420864,33,33,33,40,FULL,1780281122.0420864,1780281122.0422614,0.17499923706054688,decode,1,0,452712,0.0,0.0,0
forward_start,1780281122.054089,22,22,22,40,FULL,1780281122.054089,1780281122.0542839,0.19478797912597656,decode,0,0,452715,0.0,0.0,0
forward_start,1780281122.0541618,33,33,33,40,FULL,1780281122.0541618,1780281122.0543563,0.194549560546875,decode,1,0,452712,0.0,0.0,0
forward_start,1780281122.066296,22,22,22,40,FULL,1780281122.066296,1780281122.0665088,0.21266937255859375,decode,0,0,452715,0.0,0.0,0
forward_start,1780281122.066359,33,33,33,40,FULL,1780281122.066359,1780281122.066543,0.18405914306640625,decode,1,0,452712,0.0,0.0,0
forward_start,1780281122.0782547,22,22,22,40,FULL,1780281122.0782547,1780281122.0784678,0.21314620971679688,decode,0,0,452715,0.0,0.0,0
forward_start,1780281122.078323,33,33,33,40,FULL,1780281122.078323,1780281122.0785174,0.194549560546875,decode,1,0,452712,0.0,0.0,0
forward_start,1780281122.0905974,22,22,22,32,FULL,1780281122.0905974,1780281122.0910244,0.42700767517089844,decode,0,0,452715,0.0,0.0,0
forward_start,1780281122.0906143,32,32,32,32,FULL,1780281122.0906143,1780281122.0913043,0.6899833679199219,decode,1,0,452712,0.0,0.0,0
forward_start,1780281122.1022577,32,32,32,32,FULL,1780281122.1022577,1780281122.1025329,0.2751350402832031,decode,1,0,452712,0.0,0.0,0
forward_start,1780281122.1022623,22,22,22,32,FULL,1780281122.1022623,1780281122.102651,0.3886222839355469,decode,0,0,452715,0.0,0.0,0
forward_start,1780281122.1139057,22,22,22,32,FULL,1780281122.1139057,1780281122.1142156,0.30994415283203125,decode,0,0,452715,0.0,0.0,0
forward_start,1780281122.1139073,32,32,32,32,FULL,1780281122.1139073,1780281122.1141315,0.22411346435546875,decode,1,0,452712,0.0,0.0,0
forward_start,1780281122.1253119,22,22,22,32,FULL,1780281122.1253119,1780281122.125588,0.2760887145996094,decode,0,0,452715,0.0,0.0,0
forward_start,1780281122.125314,32,32,32,32,FULL,1780281122.125314,1780281122.1255367,0.22268295288085938,decode,1,0,452712,0.0,0.0,0
forward_start,1780281122.136716,21,21,21,32,FULL,1780281122.136716,1780281122.1369486,0.232696533203125,decode,0,0,452715,0.0,0.0,0
forward_start,1780281122.1367252,32,32,32,32,FULL,1780281122.1367252,1780281122.1369064,0.1811981201171875,decode,1,0,452712,0.0,0.0,0
forward_start,1780281122.1480637,21,21,21,32,FULL,1780281122.1480637,1780281122.1482954,0.23174285888671875,decode,0,0,452715,0.0,0.0,0
forward_start,1780281122.148115,32,32,32,32,FULL,1780281122.148115,1780281122.148301,0.18596649169921875,decode,1,0,452712,0.0,0.0,0
forward_start,1780281122.1595538,21,21,21,32,FULL,1780281122.1595538,1780281122.1597753,0.22149085998535156,decode,0,0,452715,0.0,0.0,0
forward_start,1780281122.159596,32,32,32,32,FULL,1780281122.159596,1780281122.1597779,0.1819133758544922,decode,1,0,452712,0.0,0.0,0
forward_start,1780281122.1712046,21,21,21,32,FULL,1780281122.1712046,1780281122.171445,0.240325927734375,decode,0,0,452715,0.0,0.0,0
forward_start,1780281122.1712055,32,32,32,32,FULL,1780281122.1712055,1780281122.1714077,0.202178955078125,decode,1,0,452712,0.0,0.0,0
forward_start,1780281122.1829607,21,21,21,32,FULL,1780281122.1829607,1780281122.1831806,0.21982192993164062,decode,0,0,452715,0.0,0.0,0
forward_start,1780281122.1830015,32,32,32,32,FULL,1780281122.1830015,1780281122.1831737,0.17213821411132812,decode,1,0,452712,0.0,0.0,0
forward_start,1780281122.1940212,21,21,21,32,FULL,1780281122.1940212,1780281122.1942384,0.21719932556152344,decode,0,0,452715,0.0,0.0,0
forward_start,1780281122.1941106,32,32,32,32,FULL,1780281122.1941106,1780281122.1942942,0.18358230590820312,decode,1,0,452712,0.0,0.0,0
forward_start,1780281122.2054849,32,32,32,32,FULL,1780281122.2054849,1780281122.2056563,0.17142295837402344,decode,1,0,452712,0.0,0.0,0
forward_start,1780281122.2054858,21,21,21,32,FULL,1780281122.2054858,1780281122.2057056,0.21982192993164062,decode,0,0,452715,0.0,0.0,0
forward_start,1780281122.2169008,21,21,21,32,FULL,1780281122.2169008,1780281122.2171178,0.21696090698242188,decode,0,0,452715,0.0,0.0,0
forward_start,1780281122.2169197,32,32,32,32,FULL,1780281122.2169197,1780281122.2170901,0.1704692840576172,decode,1,0,452712,0.0,0.0,0
forward_start,1780281122.228262,21,21,21,32,FULL,1780281122.228262,1780281122.2284868,0.22482872009277344,decode,0,0,452715,0.0,0.0,0
forward_start,1780281122.2283077,32,32,32,32,FULL,1780281122.2283077,1780281122.2285073,0.1995563507080078,decode,1,0,452712,0.0,0.0,0
forward_start,1780281122.2396197,21,21,21,32,FULL,1780281122.2396197,1780281122.2398217,0.20194053649902344,decode,0,0,452715,0.0,0.0,0
forward_start,1780281122.2396805,32,32,32,32,FULL,1780281122.2396805,1780281122.239864,0.18358230590820312,decode,1,0,452712,0.0,0.0,0
forward_start,1780281122.25146,21,21,21,32,FULL,1780281122.25146,1780281122.2516634,0.2033710479736328,decode,0,0,452715,0.0,0.0,0
forward_start,1780281122.2515385,30,30,30,32,FULL,1780281122.2515385,1780281122.2517197,0.1811981201171875,decode,1,0,452712,0.0,0.0,0
forward_start,1780281122.2626083,21,21,21,32,FULL,1780281122.2626083,1780281122.2628205,0.21219253540039062,decode,0,0,452715,0.0,0.0,0
forward_start,1780281122.2626443,30,30,30,32,FULL,1780281122.2626443,1780281122.2628276,0.18334388732910156,decode,1,0,452712,0.0,0.0,0
forward_start,1780281122.2744384,21,21,21,32,FULL,1780281122.2744384,1780281122.2746475,0.2090930938720703,decode,0,0,452715,0.0,0.0,0
forward_start,1780281122.2744997,30,30,30,32,FULL,1780281122.2744997,1780281122.2746809,0.1811981201171875,decode,1,0,452712,0.0,0.0,0
forward_start,1780281122.285584,21,21,21,32,FULL,1780281122.285584,1780281122.2857943,0.21028518676757812,decode,0,0,452715,0.0,0.0,0
forward_start,1780281122.2856023,30,30,30,32,FULL,1780281122.2856023,1780281122.285779,0.1766681671142578,decode,1,0,452712,0.0,0.0,0
forward_start,1780281122.2969413,21,21,21,32,FULL,1780281122.2969413,1780281122.2971425,0.20122528076171875,decode,0,0,452715,0.0,0.0,0
forward_start,1780281122.2970366,30,30,30,32,FULL,1780281122.2970366,1780281122.2972176,0.18095970153808594,decode,1,0,452712,0.0,0.0,0
forward_start,1780281122.3084419,20,20,20,32,FULL,1780281122.3084419,1780281122.3086448,0.2028942108154297,decode,0,0,452715,0.0,0.0,0
forward_start,1780281122.3085442,30,30,30,32,FULL,1780281122.3085442,1780281122.3087234,0.179290771484375,decode,1,0,452712,0.0,0.0,0
forward_start,1780281122.3199296,20,20,20,32,FULL,1780281122.3199296,1780281122.3201318,0.202178955078125,decode,0,0,452715,0.0,0.0,0
forward_start,1780281122.3200417,30,30,30,32,FULL,1780281122.3200417,1780281122.3202157,0.17404556274414062,decode,1,0,452712,0.0,0.0,0
forward_start,1780281122.331512,20,20,20,32,FULL,1780281122.331512,1780281122.3317187,0.2067089080810547,decode,0,0,452715,0.0,0.0,0
forward_start,1780281122.331541,30,30,30,32,FULL,1780281122.331541,1780281122.33172,0.17905235290527344,decode,1,0,452712,0.0,0.0,0
forward_start,1780281122.3428702,20,20,20,32,FULL,1780281122.3428702,1780281122.343071,0.20074844360351562,decode,0,0,452715,0.0,0.0,0
forward_start,1780281122.3429549,30,30,30,32,FULL,1780281122.3429549,1780281122.343127,0.17213821411132812,decode,1,0,452712,0.0,0.0,0
forward_start,1780281122.3550663,20,20,20,32,FULL,1780281122.3550663,1780281122.3552637,0.19741058349609375,decode,0,0,452715,0.0,0.0,0
forward_start,1780281122.3551378,30,30,30,32,FULL,1780281122.3551378,1780281122.35531,0.17213821411132812,decode,1,0,452712,0.0,0.0,0
forward_start,1780281122.3658285,20,20,20,32,FULL,1780281122.3658285,1780281122.3660247,0.19621849060058594,decode,0,0,452715,0.0,0.0,0
forward_start,1780281122.365945,30,30,30,32,FULL,1780281122.365945,1780281122.3661304,0.18525123596191406,decode,1,0,452712,0.0,0.0,0
forward_start,1780281122.3773952,20,20,20,32,FULL,1780281122.3773952,1780281122.377597,0.20194053649902344,decode,0,0,452715,0.0,0.0,0
forward_start,1780281122.3774838,30,30,30,32,FULL,1780281122.3774838,1780281122.3776577,0.17380714416503906,decode,1,0,452712,0.0,0.0,0
forward_start,1780281122.3888984,20,20,20,32,FULL,1780281122.3888984,1780281122.3890886,0.19025802612304688,decode,0,0,452715,0.0,0.0,0
forward_start,1780281122.3889914,30,30,30,32,FULL,1780281122.3889914,1780281122.3891742,0.18286705017089844,decode,1,0,452712,0.0,0.0,0
forward_start,1780281122.4002988,20,20,20,32,FULL,1780281122.4002988,1780281122.400511,0.21219253540039062,decode,0,0,452715,0.0,0.0,0
forward_start,1780281122.4004385,30,30,30,32,FULL,1780281122.4004385,1780281122.4006243,0.1857280731201172,decode,1,0,452712,0.0,0.0,0
forward_start,1780281122.4117043,20,20,20,32,FULL,1780281122.4117043,1780281122.4118998,0.19550323486328125,decode,0,0,452715,0.0,0.0,0
forward_start,1780281122.411791,30,30,30,32,FULL,1780281122.411791,1780281122.4119716,0.1804828643798828,decode,1,0,452712,0.0,0.0,0
forward_start,1780281122.4232163,20,20,20,32,FULL,1780281122.4232163,1780281122.4234266,0.21028518676757812,decode,0,0,452715,0.0,0.0,0
forward_start,1780281122.4232993,30,30,30,32,FULL,1780281122.4232993,1780281122.4234905,0.19121170043945312,decode,1,0,452712,0.0,0.0,0
forward_start,1780281122.4345534,20,20,20,32,FULL,1780281122.4345534,1780281122.4347477,0.19431114196777344,decode,0,0,452715,0.0,0.0,0
forward_start,1780281122.4346614,30,30,30,32,FULL,1780281122.4346614,1780281122.4348457,0.1842975616455078,decode,1,0,452712,0.0,0.0,0
forward_start,1780281122.4460428,19,19,19,32,FULL,1780281122.4460428,1780281122.4462392,0.1964569091796875,decode,0,0,452715,0.0,0.0,0
forward_start,1780281122.446106,30,30,30,32,FULL,1780281122.446106,1780281122.4462764,0.1704692840576172,decode,1,0,452712,0.0,0.0,0
forward_start,1780281122.457616,19,19,19,32,FULL,1780281122.457616,1780281122.4578109,0.19478797912597656,decode,0,0,452715,0.0,0.0,0
forward_start,1780281122.4577258,29,29,29,32,FULL,1780281122.4577258,1780281122.4579072,0.18143653869628906,decode,1,0,452712,0.0,0.0,0
forward_start,1780281122.469084,19,19,19,32,FULL,1780281122.469084,1780281122.4692872,0.20313262939453125,decode,0,0,452715,0.0,0.0,0
forward_start,1780281122.4691224,29,29,29,32,FULL,1780281122.4691224,1780281122.4693038,0.18143653869628906,decode,1,0,452712,0.0,0.0,0
forward_start,1780281122.4807537,29,29,29,32,FULL,1780281122.4807537,1780281122.4809432,0.1895427703857422,decode,1,0,452712,0.0,0.0,0
forward_start,1780281122.4807925,18,18,18,32,FULL,1780281122.4807925,1780281122.481007,0.21457672119140625,decode,0,0,452715,0.0,0.0,0
forward_start,1780281122.492118,18,18,18,32,FULL,1780281122.492118,1780281122.4923215,0.20360946655273438,decode,0,0,452715,0.0,0.0,0
forward_start,1780281122.492132,29,29,29,32,FULL,1780281122.492132,1780281122.4923124,0.1804828643798828,decode,1,0,452712,0.0,0.0,0
forward_start,1780281122.5033207,18,18,18,32,FULL,1780281122.5033207,1780281122.5035305,0.209808349609375,decode,0,0,452715,0.0,0.0,0
forward_start,1780281122.5034177,29,29,29,32,FULL,1780281122.5034177,1780281122.5035987,0.18095970153808594,decode,1,0,452712,0.0,0.0,0
forward_start,1780281122.5150914,18,18,18,32,FULL,1780281122.5150914,1780281122.5152931,0.20170211791992188,decode,0,0,452715,0.0,0.0,0
forward_start,1780281122.5151143,29,29,29,32,FULL,1780281122.5151143,1780281122.5152955,0.1811981201171875,decode,1,0,452712,0.0,0.0,0
forward_start,1780281122.5268018,18,18,18,32,FULL,1780281122.5268018,1780281122.5269923,0.19049644470214844,decode,0,0,452715,0.0,0.0,0
forward_start,1780281122.526877,28,28,28,32,FULL,1780281122.526877,1780281122.5270658,0.1888275146484375,decode,1,0,452712,0.0,0.0,0
forward_start,1780281122.5381985,18,18,18,32,FULL,1780281122.5381985,1780281122.5384104,0.21195411682128906,decode,0,0,452715,0.0,0.0,0
forward_start,1780281122.538291,27,27,27,32,FULL,1780281122.538291,1780281122.5384865,0.19550323486328125,decode,1,0,452712,0.0,0.0,0
forward_start,1780281122.5497186,18,18,18,32,FULL,1780281122.5497186,1780281122.5499222,0.20360946655273438,decode,0,0,452715,0.0,0.0,0
forward_start,1780281122.5497627,27,27,27,32,FULL,1780281122.5497627,1780281122.5499463,0.18358230590820312,decode,1,0,452712,0.0,0.0,0
forward_start,1780281122.5612633,18,18,18,32,FULL,1780281122.5612633,1780281122.5614977,0.23436546325683594,decode,0,0,452715,0.0,0.0,0
forward_start,1780281122.5612938,27,27,27,32,FULL,1780281122.5612938,1780281122.5614958,0.20194053649902344,decode,1,0,452712,0.0,0.0,0
forward_start,1780281122.572823,18,18,18,32,FULL,1780281122.572823,1780281122.5730157,0.1926422119140625,decode,0,0,452715,0.0,0.0,0
forward_start,1780281122.5729163,26,26,26,32,FULL,1780281122.5729163,1780281122.5730972,0.18095970153808594,decode,1,0,452712,0.0,0.0,0
forward_start,1780281122.584213,17,17,17,32,FULL,1780281122.584213,1780281122.5844235,0.2105236053466797,decode,0,0,452715,0.0,0.0,0
forward_start,1780281122.5842328,26,26,26,32,FULL,1780281122.5842328,1780281122.5844252,0.19240379333496094,decode,1,0,452712,0.0,0.0,0
forward_start,1780281122.595655,26,26,26,32,FULL,1780281122.595655,1780281122.5958254,0.1704692840576172,decode,1,0,452712,0.0,0.0,0
forward_start,1780281122.5956798,17,17,17,32,FULL,1780281122.5956798,1780281122.5958805,0.20074844360351562,decode,0,0,452715,0.0,0.0,0
forward_start,1780281122.6072748,26,26,26,32,FULL,1780281122.6072748,1780281122.607472,0.1971721649169922,decode,1,0,452712,0.0,0.0,0
forward_start,1780281122.6073744,17,17,17,32,FULL,1780281122.6073744,1780281122.6075892,0.2148151397705078,decode,0,0,452715,0.0,0.0,0
forward_start,1780281122.6187692,26,26,26,32,FULL,1780281122.6187692,1780281122.618956,0.186920166015625,decode,1,0,452712,0.0,0.0,0
forward_start,1780281122.6187928,17,17,17,32,FULL,1780281122.6187928,1780281122.6190088,0.21600723266601562,decode,0,0,452715,0.0,0.0,0
forward_start,1780281122.6301708,17,17,17,32,FULL,1780281122.6301708,1780281122.6303911,0.22029876708984375,decode,0,0,452715,0.0,0.0,0
forward_start,1780281122.6302328,26,26,26,32,FULL,1780281122.6302328,1780281122.6304395,0.2067089080810547,decode,1,0,452712,0.0,0.0,0
forward_start,1780281122.64146,17,17,17,32,FULL,1780281122.64146,1780281122.6416566,0.19669532775878906,decode,0,0,452715,0.0,0.0,0
forward_start,1780281122.6415443,26,26,26,32,FULL,1780281122.6415443,1780281122.6417243,0.1800060272216797,decode,1,0,452712,0.0,0.0,0
forward_start,1780281122.652938,17,17,17,32,FULL,1780281122.652938,1780281122.6531317,0.1938343048095703,decode,0,0,452715,0.0,0.0,0
forward_start,1780281122.653049,26,26,26,32,FULL,1780281122.653049,1780281122.653232,0.18310546875,decode,1,0,452712,0.0,0.0,0
forward_start,1780281122.6645176,17,17,17,32,FULL,1780281122.6645176,1780281122.66471,0.19240379333496094,decode,0,0,452715,0.0,0.0,0
forward_start,1780281122.6645553,26,26,26,32,FULL,1780281122.6645553,1780281122.66474,0.18477439880371094,decode,1,0,452712,0.0,0.0,0
forward_start,1780281122.6758425,17,17,17,32,FULL,1780281122.6758425,1780281122.6760464,0.20384788513183594,decode,0,0,452715,0.0,0.0,0
forward_start,1780281122.6758525,26,26,26,32,FULL,1780281122.6758525,1780281122.676033,0.1804828643798828,decode,1,0,452712,0.0,0.0,0
forward_start,1780281122.687208,17,17,17,32,FULL,1780281122.687208,1780281122.6874158,0.2079010009765625,decode,0,0,452715,0.0,0.0,0
forward_start,1780281122.6872606,26,26,26,32,FULL,1780281122.6872606,1780281122.6874566,0.19598007202148438,decode,1,0,452712,0.0,0.0,0
forward_start,1780281122.6987374,17,17,17,32,FULL,1780281122.6987374,1780281122.6989403,0.2028942108154297,decode,0,0,452715,0.0,0.0,0
forward_start,1780281122.6987545,26,26,26,32,FULL,1780281122.6987545,1780281122.6989372,0.18262863159179688,decode,1,0,452712,0.0,0.0,0
forward_start,1780281122.7100253,17,17,17,32,FULL,1780281122.7100253,1780281122.7102334,0.20813941955566406,decode,0,0,452715,0.0,0.0,0
forward_start,1780281122.7100377,26,26,26,32,FULL,1780281122.7100377,1780281122.7102091,0.17142295837402344,decode,1,0,452712,0.0,0.0,0
forward_start,1780281122.7220933,17,17,17,32,FULL,1780281122.7220933,1780281122.7222848,0.1914501190185547,decode,0,0,452715,0.0,0.0,0
forward_start,1780281122.7221596,26,26,26,32,FULL,1780281122.7221596,1780281122.7223618,0.202178955078125,decode,1,0,452712,0.0,0.0,0
forward_start,1780281122.733433,26,26,26,32,FULL,1780281122.733433,1780281122.7336097,0.1766681671142578,decode,1,0,452712,0.0,0.0,0
forward_start,1780281122.733457,16,16,16,32,FULL,1780281122.733457,1780281122.7336593,0.202178955078125,decode,0,0,452715,0.0,0.0,0
forward_start,1780281122.7443192,16,16,16,32,FULL,1780281122.7443192,1780281122.7445428,0.22363662719726562,decode,0,0,452715,0.0,0.0,0
forward_start,1780281122.7443552,26,26,26,32,FULL,1780281122.7443552,1780281122.7445388,0.18358230590820312,decode,1,0,452712,0.0,0.0,0
forward_start,1780281122.7558153,16,16,16,32,FULL,1780281122.7558153,1780281122.7560132,0.19788742065429688,decode,0,0,452715,0.0,0.0,0
forward_start,1780281122.7558565,26,26,26,32,FULL,1780281122.7558565,1780281122.7560418,0.18525123596191406,decode,1,0,452712,0.0,0.0,0
forward_start,1780281122.767083,16,16,16,32,FULL,1780281122.767083,1780281122.7672827,0.19979476928710938,decode,0,0,452715,0.0,0.0,0
forward_start,1780281122.767092,26,26,26,32,FULL,1780281122.767092,1780281122.7672718,0.17976760864257812,decode,1,0,452712,0.0,0.0,0
forward_start,1780281122.7786999,26,26,26,32,FULL,1780281122.7786999,1780281122.7788744,0.17452239990234375,decode,1,0,452712,0.0,0.0,0
forward_start,1780281122.7787135,16,16,16,32,FULL,1780281122.7787135,1780281122.778921,0.20742416381835938,decode,0,0,452715,0.0,0.0,0
forward_start,1780281122.789861,16,16,16,32,FULL,1780281122.789861,1780281122.7900558,0.19478797912597656,decode,0,0,452715,0.0,0.0,0
forward_start,1780281122.7899182,26,26,26,32,FULL,1780281122.7899182,1780281122.7900894,0.17118453979492188,decode,1,0,452712,0.0,0.0,0
forward_start,1780281122.8012297,16,16,16,32,FULL,1780281122.8012297,1780281122.801441,0.21123886108398438,decode,0,0,452715,0.0,0.0,0
forward_start,1780281122.80128,26,26,26,32,FULL,1780281122.80128,1780281122.8014705,0.19049644470214844,decode,1,0,452712,0.0,0.0,0
forward_start,1780281122.812557,16,16,16,32,FULL,1780281122.812557,1780281122.8127513,0.19431114196777344,decode,0,0,452715,0.0,0.0,0
forward_start,1780281122.8126173,26,26,26,32,FULL,1780281122.8126173,1780281122.8127916,0.1742839813232422,decode,1,0,452712,0.0,0.0,0
forward_start,1780281122.8240268,16,16,16,32,FULL,1780281122.8240268,1780281122.8242195,0.1926422119140625,decode,0,0,452715,0.0,0.0,0
forward_start,1780281122.8240707,26,26,26,32,FULL,1780281122.8240707,1780281122.8242452,0.17452239990234375,decode,1,0,452712,0.0,0.0,0
forward_start,1780281122.8354883,16,16,16,32,FULL,1780281122.8354883,1780281122.8356793,0.19097328186035156,decode,0,0,452715,0.0,0.0,0
forward_start,1780281122.8355353,26,26,26,32,FULL,1780281122.8355353,1780281122.8357084,0.17309188842773438,decode,1,0,452712,0.0,0.0,0
forward_start,1780281122.8471828,16,16,16,32,FULL,1780281122.8471828,1780281122.8474038,0.22101402282714844,decode,0,0,452715,0.0,0.0,0
forward_start,1780281122.8472183,26,26,26,32,FULL,1780281122.8472183,1780281122.8474216,0.2033710479736328,decode,1,0,452712,0.0,0.0,0
forward_start,1780281122.8585007,16,16,16,32,FULL,1780281122.8585007,1780281122.8587012,0.20051002502441406,decode,0,0,452715,0.0,0.0,0
forward_start,1780281122.8585467,26,26,26,32,FULL,1780281122.8585467,1780281122.8587332,0.18644332885742188,decode,1,0,452712,0.0,0.0,0
forward_start,1780281122.8698657,16,16,16,32,FULL,1780281122.8698657,1780281122.8700666,0.2009868621826172,decode,0,0,452715,0.0,0.0,0
forward_start,1780281122.8699148,26,26,26,32,FULL,1780281122.8699148,1780281122.8700857,0.1709461212158203,decode,1,0,452712,0.0,0.0,0
forward_start,1780281122.881549,16,16,16,32,FULL,1780281122.881549,1780281122.881755,0.20623207092285156,decode,0,0,452715,0.0,0.0,0
forward_start,1780281122.881564,26,26,26,32,FULL,1780281122.881564,1780281122.8817382,0.1742839813232422,decode,1,0,452712,0.0,0.0,0
forward_start,1780281122.8932834,25,25,25,32,FULL,1780281122.8932834,1780281122.89348,0.19669532775878906,decode,1,0,452712,0.0,0.0,0
forward_start,1780281122.893306,16,16,16,32,FULL,1780281122.893306,1780281122.893528,0.2219676971435547,decode,0,0,452715,0.0,0.0,0
forward_start,1780281122.9046245,16,16,16,32,FULL,1780281122.9046245,1780281122.9048305,0.20599365234375,decode,0,0,452715,0.0,0.0,0
forward_start,1780281122.9046664,25,25,25,32,FULL,1780281122.9046664,1780281122.9048464,0.1800060272216797,decode,1,0,452712,0.0,0.0,0
forward_start,1780281122.916237,16,16,16,32,FULL,1780281122.916237,1780281122.916457,0.21982192993164062,decode,0,0,452715,0.0,0.0,0
forward_start,1780281122.9162402,25,25,25,32,FULL,1780281122.9162402,1780281122.9164317,0.1914501190185547,decode,1,0,452712,0.0,0.0,0
forward_start,1780281122.9277358,24,24,24,24,FULL,1780281122.9277358,1780281122.928492,0.7562637329101562,decode,1,0,452712,0.0,0.0,0
forward_start,1780281122.9277534,16,16,16,24,FULL,1780281122.9277534,1780281122.9281573,0.4038810729980469,decode,0,0,452715,0.0,0.0,0
forward_start,1780281122.9506357,16,16,16,24,FULL,1780281122.9506357,1780281122.9509947,0.3590583801269531,decode,0,0,452715,0.0,0.0,0
forward_start,1780281122.9509742,24,24,24,24,FULL,1780281122.9509742,1780281122.9512029,0.22864341735839844,decode,1,0,452712,0.0,0.0,0
forward_start,1780281122.9536283,16,16,16,24,FULL,1780281122.9536283,1780281122.9538734,0.24509429931640625,decode,0,0,452715,0.0,0.0,0
forward_start,1780281122.9536366,24,24,24,24,FULL,1780281122.9536366,1780281122.95383,0.1933574676513672,decode,1,0,452712,0.0,0.0,0
forward_start,1780281122.9641469,16,16,16,24,FULL,1780281122.9641469,1780281122.9643939,0.24700164794921875,decode,0,0,452715,0.0,0.0,0
forward_start,1780281122.9641607,23,23,23,24,FULL,1780281122.9641607,1780281122.964354,0.1933574676513672,decode,1,0,452712,0.0,0.0,0
forward_start,1780281122.9746037,16,16,16,24,FULL,1780281122.9746037,1780281122.9748297,0.22602081298828125,decode,0,0,452715,0.0,0.0,0
forward_start,1780281122.974697,23,23,23,24,FULL,1780281122.974697,1780281122.9748778,0.18072128295898438,decode,1,0,452712,0.0,0.0,0
forward_start,1780281122.9854417,16,16,16,24,FULL,1780281122.9854417,1780281122.985654,0.2124309539794922,decode,0,0,452715,0.0,0.0,0
forward_start,1780281122.9854696,22,22,22,24,FULL,1780281122.9854696,1780281122.9856493,0.17976760864257812,decode,1,0,452712,0.0,0.0,0
forward_start,1780281122.9961605,16,16,16,24,FULL,1780281122.9961605,1780281122.99639,0.2295970916748047,decode,0,0,452715,0.0,0.0,0
forward_start,1780281122.996182,22,22,22,24,FULL,1780281122.996182,1780281122.9963703,0.18835067749023438,decode,1,0,452712,0.0,0.0,0
forward_start,1780281123.0071394,16,16,16,24,FULL,1780281123.0071394,1780281123.0073533,0.21386146545410156,decode,0,0,452715,0.0,0.0,0
forward_start,1780281123.0072193,22,22,22,24,FULL,1780281123.0072193,1780281123.0074093,0.1900196075439453,decode,1,0,452712,0.0,0.0,0
forward_start,1780281123.0180292,16,16,16,24,FULL,1780281123.0180292,1780281123.0182288,0.1995563507080078,decode,0,0,452715,0.0,0.0,0
forward_start,1780281123.0180886,21,21,21,24,FULL,1780281123.0180886,1780281123.0182652,0.1766681671142578,decode,1,0,452712,0.0,0.0,0
forward_start,1780281123.0290127,16,16,16,24,FULL,1780281123.0290127,1780281123.0292068,0.19407272338867188,decode,0,0,452715,0.0,0.0,0
forward_start,1780281123.0291002,21,21,21,24,FULL,1780281123.0291002,1780281123.0292716,0.17142295837402344,decode,1,0,452712,0.0,0.0,0
forward_start,1780281123.0396721,21,21,21,24,FULL,1780281123.0396721,1780281123.0398426,0.1704692840576172,decode,1,0,452712,0.0,0.0,0
forward_start,1780281123.0396826,16,16,16,24,FULL,1780281123.0396826,1780281123.0398848,0.202178955078125,decode,0,0,452715,0.0,0.0,0
forward_start,1780281123.050665,16,16,16,24,FULL,1780281123.050665,1780281123.0508673,0.20241737365722656,decode,0,0,452715,0.0,0.0,0
forward_start,1780281123.0507212,21,21,21,24,FULL,1780281123.0507212,1780281123.050906,0.18477439880371094,decode,1,0,452712,0.0,0.0,0
forward_start,1780281123.0612082,16,16,16,24,FULL,1780281123.0612082,1780281123.0614197,0.21147727966308594,decode,0,0,452715,0.0,0.0,0
forward_start,1780281123.0612774,21,21,21,24,FULL,1780281123.0612774,1780281123.0614674,0.1900196075439453,decode,1,0,452712,0.0,0.0,0
forward_start,1780281123.0721724,16,16,16,24,FULL,1780281123.0721724,1780281123.0723827,0.21028518676757812,decode,0,0,452715,0.0,0.0,0
forward_start,1780281123.0722475,21,21,21,24,FULL,1780281123.0722475,1780281123.0724366,0.18906593322753906,decode,1,0,452712,0.0,0.0,0
forward_start,1780281123.083265,16,16,16,24,FULL,1780281123.083265,1780281123.0834754,0.21028518676757812,decode,0,0,452715,0.0,0.0,0
forward_start,1780281123.0833297,21,21,21,24,FULL,1780281123.0833297,1780281123.083516,0.1862049102783203,decode,1,0,452712,0.0,0.0,0
forward_start,1780281123.0937738,16,16,16,24,FULL,1780281123.0937738,1780281123.0939636,0.18978118896484375,decode,0,0,452715,0.0,0.0,0
forward_start,1780281123.0938468,19,19,19,24,FULL,1780281123.0938468,1780281123.0940175,0.17070770263671875,decode,1,0,452712,0.0,0.0,0
forward_start,1780281123.104695,16,16,16,24,FULL,1780281123.104695,1780281123.1048877,0.1926422119140625,decode,0,0,452715,0.0,0.0,0
forward_start,1780281123.1047523,19,19,19,24,FULL,1780281123.1047523,1780281123.1049244,0.17213821411132812,decode,1,0,452712,0.0,0.0,0
forward_start,1780281123.1154594,16,16,16,24,FULL,1780281123.1154594,1780281123.1156595,0.20003318786621094,decode,0,0,452715,0.0,0.0,0
forward_start,1780281123.1155052,19,19,19,24,FULL,1780281123.1155052,1780281123.1156805,0.17523765563964844,decode,1,0,452712,0.0,0.0,0
forward_start,1780281123.1263325,16,16,16,24,FULL,1780281123.1263325,1780281123.1265497,0.21719932556152344,decode,0,0,452715,0.0,0.0,0
forward_start,1780281123.1263883,19,19,19,24,FULL,1780281123.1263883,1780281123.126562,0.17380714416503906,decode,1,0,452712,0.0,0.0,0
forward_start,1780281123.1369796,16,16,16,24,FULL,1780281123.1369796,1780281123.1371741,0.194549560546875,decode,0,0,452715,0.0,0.0,0
forward_start,1780281123.1370127,19,19,19,24,FULL,1780281123.1370127,1780281123.13719,0.1773834228515625,decode,1,0,452712,0.0,0.0,0
forward_start,1780281123.1480255,16,16,16,24,FULL,1780281123.1480255,1780281123.148226,0.20051002502441406,decode,0,0,452715,0.0,0.0,0
forward_start,1780281123.1480272,19,19,19,24,FULL,1780281123.1480272,1780281123.1482015,0.1742839813232422,decode,1,0,452712,0.0,0.0,0
forward_start,1780281123.1588545,16,16,16,24,FULL,1780281123.1588545,1780281123.159047,0.19240379333496094,decode,0,0,452715,0.0,0.0,0
forward_start,1780281123.1589494,19,19,19,24,FULL,1780281123.1589494,1780281123.1591244,0.17499923706054688,decode,1,0,452712,0.0,0.0,0
forward_start,1780281123.1694934,16,16,16,24,FULL,1780281123.1694934,1780281123.1696844,0.19097328186035156,decode,0,0,452715,0.0,0.0,0
forward_start,1780281123.169539,19,19,19,24,FULL,1780281123.169539,1780281123.1697078,0.16880035400390625,decode,1,0,452712,0.0,0.0,0
forward_start,1780281123.180462,16,16,16,24,FULL,1780281123.180462,1780281123.1806517,0.18978118896484375,decode,0,0,452715,0.0,0.0,0
forward_start,1780281123.1804967,19,19,19,24,FULL,1780281123.1804967,1780281123.1806626,0.1659393310546875,decode,1,0,452712,0.0,0.0,0
forward_start,1780281123.1915145,15,15,15,24,FULL,1780281123.1915145,1780281123.1917038,0.18930435180664062,decode,0,0,452715,0.0,0.0,0
forward_start,1780281123.1916027,19,19,19,24,FULL,1780281123.1916027,1780281123.1917768,0.17404556274414062,decode,1,0,452712,0.0,0.0,0
forward_start,1780281123.2022247,15,15,15,24,FULL,1780281123.2022247,1780281123.2024357,0.2110004425048828,decode,0,0,452715,0.0,0.0,0
forward_start,1780281123.202307,19,19,19,24,FULL,1780281123.202307,1780281123.202492,0.1850128173828125,decode,1,0,452712,0.0,0.0,0
forward_start,1780281123.2131307,15,15,15,24,FULL,1780281123.2131307,1780281123.2133214,0.19073486328125,decode,0,0,452715,0.0,0.0,0
forward_start,1780281123.213179,19,19,19,24,FULL,1780281123.213179,1780281123.2133677,0.18858909606933594,decode,1,0,452712,0.0,0.0,0
forward_start,1780281123.2242134,15,15,15,24,FULL,1780281123.2242134,1780281123.2244198,0.20647048950195312,decode,0,0,452715,0.0,0.0,0
forward_start,1780281123.2242584,19,19,19,24,FULL,1780281123.2242584,1780281123.2244563,0.19788742065429688,decode,1,0,452712,0.0,0.0,0
forward_start,1780281123.2348604,15,15,15,24,FULL,1780281123.2348604,1780281123.235053,0.1926422119140625,decode,0,0,452715,0.0,0.0,0
forward_start,1780281123.2349668,19,19,19,24,FULL,1780281123.2349668,1780281123.2351477,0.18095970153808594,decode,1,0,452712,0.0,0.0,0
forward_start,1780281123.2459018,15,15,15,24,FULL,1780281123.2459018,1780281123.246102,0.2002716064453125,decode,0,0,452715,0.0,0.0,0
forward_start,1780281123.2459538,19,19,19,24,FULL,1780281123.2459538,1780281123.2461424,0.18858909606933594,decode,1,0,452712,0.0,0.0,0
forward_start,1780281123.256672,15,15,15,24,FULL,1780281123.256672,1780281123.2568612,0.18930435180664062,decode,0,0,452715,0.0,0.0,0
forward_start,1780281123.2567694,19,19,19,24,FULL,1780281123.2567694,1780281123.2569513,0.1819133758544922,decode,1,0,452712,0.0,0.0,0
forward_start,1780281123.2673252,14,14,14,24,FULL,1780281123.2673252,1780281123.2675347,0.20956993103027344,decode,0,0,452715,0.0,0.0,0
forward_start,1780281123.267379,19,19,19,24,FULL,1780281123.267379,1780281123.2675529,0.17380714416503906,decode,1,0,452712,0.0,0.0,0
forward_start,1780281123.2782404,14,14,14,24,FULL,1780281123.2782404,1780281123.278447,0.20647048950195312,decode,0,0,452715,0.0,0.0,0
forward_start,1780281123.2783272,19,19,19,24,FULL,1780281123.2783272,1780281123.2785175,0.19025802612304688,decode,1,0,452712,0.0,0.0,0
forward_start,1780281123.289073,14,14,14,24,FULL,1780281123.289073,1780281123.289276,0.2028942108154297,decode,0,0,452715,0.0,0.0,0
forward_start,1780281123.2890825,19,19,19,24,FULL,1780281123.2890825,1780281123.289255,0.1723766326904297,decode,1,0,452712,0.0,0.0,0
forward_start,1780281123.2998872,19,19,19,24,FULL,1780281123.2998872,1780281123.3000543,0.1671314239501953,decode,1,0,452712,0.0,0.0,0
forward_start,1780281123.299895,14,14,14,24,FULL,1780281123.299895,1780281123.300094,0.19884109497070312,decode,0,0,452715,0.0,0.0,0
forward_start,1780281123.310746,14,14,14,24,FULL,1780281123.310746,1780281123.3109312,0.18525123596191406,decode,0,0,452715,0.0,0.0,0
forward_start,1780281123.3108385,19,19,19,24,FULL,1780281123.3108385,1780281123.3110173,0.17881393432617188,decode,1,0,452712,0.0,0.0,0
forward_start,1780281123.3216999,14,14,14,24,FULL,1780281123.3216999,1780281123.3219302,0.23031234741210938,decode,0,0,452715,0.0,0.0,0
forward_start,1780281123.3217196,19,19,19,24,FULL,1780281123.3217196,1780281123.321888,0.16832351684570312,decode,1,0,452712,0.0,0.0,0
forward_start,1780281123.3327942,18,18,18,24,FULL,1780281123.3327942,1780281123.3329623,0.16808509826660156,decode,1,0,452712,0.0,0.0,0
forward_start,1780281123.3328052,13,13,13,24,FULL,1780281123.3328052,1780281123.3329937,0.18858909606933594,decode,0,0,452715,0.0,0.0,0
forward_start,1780281123.343702,13,13,13,24,FULL,1780281123.343702,1780281123.3438926,0.19049644470214844,decode,0,0,452715,0.0,0.0,0
forward_start,1780281123.3437235,17,17,17,24,FULL,1780281123.3437235,1780281123.3438928,0.16927719116210938,decode,1,0,452712,0.0,0.0,0
forward_start,1780281123.3544745,13,13,13,24,FULL,1780281123.3544745,1780281123.3546808,0.20623207092285156,decode,0,0,452715,0.0,0.0,0
forward_start,1780281123.3544805,17,17,17,24,FULL,1780281123.3544805,1780281123.3546598,0.179290771484375,decode,1,0,452712,0.0,0.0,0
forward_start,1780281123.3650374,17,17,17,24,FULL,1780281123.3650374,1780281123.3652172,0.17976760864257812,decode,1,0,452712,0.0,0.0,0
forward_start,1780281123.365058,13,13,13,24,FULL,1780281123.365058,1780281123.365259,0.2009868621826172,decode,0,0,452715,0.0,0.0,0
forward_start,1780281123.3755746,13,13,13,24,FULL,1780281123.3755746,1780281123.375768,0.1933574676513672,decode,0,0,452715,0.0,0.0,0
forward_start,1780281123.3759491,17,17,17,24,FULL,1780281123.3759491,1780281123.3761349,0.1857280731201172,decode,1,0,452712,0.0,0.0,0
forward_start,1780281123.386249,13,13,13,24,FULL,1780281123.386249,1780281123.386488,0.23889541625976562,decode,0,0,452715,0.0,0.0,0
forward_start,1780281123.3862846,17,17,17,24,FULL,1780281123.3862846,1780281123.3864753,0.19073486328125,decode,1,0,452712,0.0,0.0,0
forward_start,1780281123.3971593,13,13,13,24,FULL,1780281123.3971593,1780281123.397371,0.2117156982421875,decode,0,0,452715,0.0,0.0,0
forward_start,1780281123.3972347,17,17,17,24,FULL,1780281123.3972347,1780281123.397434,0.19931793212890625,decode,1,0,452712,0.0,0.0,0
forward_start,1780281123.407856,17,17,17,24,FULL,1780281123.407856,1780281123.408031,0.17499923706054688,decode,1,0,452712,0.0,0.0,0
forward_start,1780281123.4078648,13,13,13,24,FULL,1780281123.4078648,1780281123.4080577,0.19288063049316406,decode,0,0,452715,0.0,0.0,0
forward_start,1780281123.4188004,17,17,17,24,FULL,1780281123.4188004,1780281123.4189885,0.1881122589111328,decode,1,0,452712,0.0,0.0,0
forward_start,1780281123.4188533,13,13,13,24,FULL,1780281123.4188533,1780281123.419064,0.21076202392578125,decode,0,0,452715,0.0,0.0,0
forward_start,1780281123.4305577,13,13,13,24,FULL,1780281123.4305577,1780281123.430747,0.18930435180664062,decode,0,0,452715,0.0,0.0,0
forward_start,1780281123.4306135,17,17,17,24,FULL,1780281123.4306135,1780281123.4307923,0.17881393432617188,decode,1,0,452712,0.0,0.0,0
forward_start,1780281123.4400911,13,13,13,24,FULL,1780281123.4400911,1780281123.4402835,0.19240379333496094,decode,0,0,452715,0.0,0.0,0
forward_start,1780281123.4401114,17,17,17,24,FULL,1780281123.4401114,1780281123.440281,0.16951560974121094,decode,1,0,452712,0.0,0.0,0
forward_start,1780281123.451464,17,17,17,24,FULL,1780281123.451464,1780281123.4516366,0.17261505126953125,decode,1,0,452712,0.0,0.0,0
forward_start,1780281123.4517417,13,13,13,24,FULL,1780281123.4517417,1780281123.451931,0.18930435180664062,decode,0,0,452715,0.0,0.0,0
forward_start,1780281123.462004,17,17,17,24,FULL,1780281123.462004,1780281123.4621773,0.17333030700683594,decode,1,0,452712,0.0,0.0,0
forward_start,1780281123.462019,13,13,13,24,FULL,1780281123.462019,1780281123.4622304,0.21147727966308594,decode,0,0,452715,0.0,0.0,0
forward_start,1780281123.4726155,13,13,13,24,FULL,1780281123.4726155,1780281123.4728029,0.18739700317382812,decode,0,0,452715,0.0,0.0,0
forward_start,1780281123.4726806,17,17,17,24,FULL,1780281123.4726806,1780281123.4728625,0.1819133758544922,decode,1,0,452712,0.0,0.0,0
forward_start,1780281123.483779,17,17,17,24,FULL,1780281123.483779,1780281123.483962,0.18310546875,decode,1,0,452712,0.0,0.0,0
forward_start,1780281123.4838493,13,13,13,24,FULL,1780281123.4838493,1780281123.4840667,0.217437744140625,decode,0,0,452715,0.0,0.0,0
forward_start,1780281123.4943025,13,13,13,24,FULL,1780281123.4943025,1780281123.4945312,0.22864341735839844,decode,0,0,452715,0.0,0.0,0
forward_start,1780281123.49441,17,17,17,24,FULL,1780281123.49441,1780281123.4945884,0.17833709716796875,decode,1,0,452712,0.0,0.0,0
forward_start,1780281123.5052245,13,13,13,24,FULL,1780281123.5052245,1780281123.5054584,0.2338886260986328,decode,0,0,452715,0.0,0.0,0
forward_start,1780281123.5052981,17,17,17,24,FULL,1780281123.5052981,1780281123.5055003,0.202178955078125,decode,1,0,452712,0.0,0.0,0
forward_start,1780281123.5162063,17,17,17,24,FULL,1780281123.5162063,1780281123.5164132,0.20694732666015625,decode,1,0,452712,0.0,0.0,0
forward_start,1780281123.5162363,13,13,13,24,FULL,1780281123.5162363,1780281123.5164998,0.26345252990722656,decode,0,0,452715,0.0,0.0,0
forward_start,1780281123.5275543,13,13,13,24,FULL,1780281123.5275543,1780281123.5277467,0.19240379333496094,decode,0,0,452715,0.0,0.0,0
forward_start,1780281123.527605,17,17,17,24,FULL,1780281123.527605,1780281123.5277777,0.17261505126953125,decode,1,0,452712,0.0,0.0,0
forward_start,1780281123.5381532,13,13,13,16,FULL,1780281123.5381532,1780281123.5386188,0.46563148498535156,decode,0,0,452715,0.0,0.0,0
forward_start,1780281123.5381968,16,16,16,16,FULL,1780281123.5381968,1780281123.538966,0.7691383361816406,decode,1,0,452712,0.0,0.0,0
forward_start,1780281123.548671,16,16,16,16,FULL,1780281123.548671,1780281123.5489225,0.25153160095214844,decode,1,0,452712,0.0,0.0,0
forward_start,1780281123.54869,13,13,13,16,FULL,1780281123.54869,1780281123.5489836,0.29349327087402344,decode,0,0,452715,0.0,0.0,0
forward_start,1780281123.5588522,16,16,16,16,FULL,1780281123.5588522,1780281123.5590758,0.22363662719726562,decode,1,0,452712,0.0,0.0,0
forward_start,1780281123.558864,13,13,13,16,FULL,1780281123.558864,1780281123.5591247,0.2605915069580078,decode,0,0,452715,0.0,0.0,0
forward_start,1780281123.5694633,13,13,13,16,FULL,1780281123.5694633,1780281123.5697038,0.24056434631347656,decode,0,0,452715,0.0,0.0,0
forward_start,1780281123.5694907,16,16,16,16,FULL,1780281123.5694907,1780281123.5696952,0.20456314086914062,decode,1,0,452712,0.0,0.0,0
forward_start,1780281123.5789576,13,13,13,16,FULL,1780281123.5789576,1780281123.5791867,0.22912025451660156,decode,0,0,452715,0.0,0.0,0
forward_start,1780281123.578967,16,16,16,16,FULL,1780281123.578967,1780281123.5791523,0.18525123596191406,decode,1,0,452712,0.0,0.0,0
forward_start,1780281123.589223,13,13,13,16,FULL,1780281123.589223,1780281123.589467,0.244140625,decode,0,0,452715,0.0,0.0,0
forward_start,1780281123.589272,16,16,16,16,FULL,1780281123.589272,1780281123.589475,0.2028942108154297,decode,1,0,452712,0.0,0.0,0
forward_start,1780281123.599247,13,13,13,16,FULL,1780281123.599247,1780281123.5995016,0.25463104248046875,decode,0,0,452715,0.0,0.0,0
forward_start,1780281123.5992587,15,15,15,16,FULL,1780281123.5992587,1780281123.5994532,0.194549560546875,decode,1,0,452712,0.0,0.0,0
forward_start,1780281123.6095867,13,13,13,16,FULL,1780281123.6095867,1780281123.6097922,0.20551681518554688,decode,0,0,452715,0.0,0.0,0
forward_start,1780281123.609628,14,14,14,16,FULL,1780281123.609628,1780281123.6098042,0.1761913299560547,decode,1,0,452712,0.0,0.0,0
forward_start,1780281123.619327,13,13,13,16,FULL,1780281123.619327,1780281123.619572,0.2448558807373047,decode,0,0,452715,0.0,0.0,0
forward_start,1780281123.6193676,14,14,14,16,FULL,1780281123.6193676,1780281123.619543,0.17547607421875,decode,1,0,452712,0.0,0.0,0
forward_start,1780281123.629644,13,13,13,16,FULL,1780281123.629644,1780281123.629819,0.17499923706054688,decode,1,0,452712,0.0,0.0,0
forward_start,1780281123.629696,13,13,13,16,FULL,1780281123.629696,1780281123.6299117,0.21576881408691406,decode,0,0,452715,0.0,0.0,0
forward_start,1780281123.6392782,13,13,13,16,FULL,1780281123.6392782,1780281123.6395218,0.24366378784179688,decode,0,0,452715,0.0,0.0,0
forward_start,1780281123.639367,13,13,13,16,FULL,1780281123.639367,1780281123.6395526,0.18548965454101562,decode,1,0,452712,0.0,0.0,0
forward_start,1780281123.6494446,13,13,13,16,FULL,1780281123.6494446,1780281123.6496265,0.1819133758544922,decode,1,0,452712,0.0,0.0,0
forward_start,1780281123.6494553,13,13,13,16,FULL,1780281123.6494553,1780281123.6496687,0.21338462829589844,decode,0,0,452715,0.0,0.0,0
forward_start,1780281123.6591327,13,13,13,16,FULL,1780281123.6591327,1780281123.6593323,0.1995563507080078,decode,0,0,452715,0.0,0.0,0
forward_start,1780281123.659152,12,12,12,16,FULL,1780281123.659152,1780281123.6593246,0.17261505126953125,decode,1,0,452712,0.0,0.0,0
forward_start,1780281123.6690748,13,13,13,16,FULL,1780281123.6690748,1780281123.6692748,0.20003318786621094,decode,0,0,452715,0.0,0.0,0
forward_start,1780281123.66915,12,12,12,16,FULL,1780281123.66915,1780281123.6693282,0.1780986785888672,decode,1,0,452712,0.0,0.0,0
forward_start,1780281123.6787612,12,12,12,16,FULL,1780281123.6787612,1780281123.678932,0.17070770263671875,decode,1,0,452712,0.0,0.0,0
forward_start,1780281123.6787667,13,13,13,16,FULL,1780281123.6787667,1780281123.6789646,0.19788742065429688,decode,0,0,452715,0.0,0.0,0
forward_start,1780281123.6890156,12,12,12,16,FULL,1780281123.6890156,1780281123.6892126,0.19693374633789062,decode,0,0,452715,0.0,0.0,0
forward_start,1780281123.6890304,12,12,12,16,FULL,1780281123.6890304,1780281123.68921,0.17952919006347656,decode,1,0,452712,0.0,0.0,0
forward_start,1780281123.6986547,12,12,12,16,FULL,1780281123.6986547,1780281123.6988487,0.19407272338867188,decode,0,0,452715,0.0,0.0,0
forward_start,1780281123.6986835,12,12,12,16,FULL,1780281123.6986835,1780281123.6988552,0.171661376953125,decode,1,0,452712,0.0,0.0,0
forward_start,1780281123.7085767,12,12,12,16,FULL,1780281123.7085767,1780281123.7087524,0.17571449279785156,decode,1,0,452712,0.0,0.0,0
forward_start,1780281123.7085934,12,12,12,16,FULL,1780281123.7085934,1780281123.7087946,0.20122528076171875,decode,0,0,452715,0.0,0.0,0
forward_start,1780281123.7184455,12,12,12,16,FULL,1780281123.7184455,1780281123.718618,0.1723766326904297,decode,1,0,452712,0.0,0.0,0
forward_start,1780281123.7184618,12,12,12,16,FULL,1780281123.7184618,1780281123.7186599,0.19812583923339844,decode,0,0,452715,0.0,0.0,0
forward_start,1780281123.7282493,12,12,12,16,FULL,1780281123.7282493,1780281123.728485,0.2357959747314453,decode,0,0,452715,0.0,0.0,0
forward_start,1780281123.7282825,12,12,12,16,FULL,1780281123.7282825,1780281123.7284722,0.18978118896484375,decode,1,0,452712,0.0,0.0,0
forward_start,1780281123.7380445,12,12,12,16,FULL,1780281123.7380445,1780281123.7382336,0.18906593322753906,decode,0,0,452715,0.0,0.0,0
forward_start,1780281123.7380855,12,12,12,16,FULL,1780281123.7380855,1780281123.738261,0.17547607421875,decode,1,0,452712,0.0,0.0,0
forward_start,1780281123.7480202,12,12,12,16,FULL,1780281123.7480202,1780281123.7482135,0.1933574676513672,decode,0,0,452715,0.0,0.0,0
forward_start,1780281123.748113,11,11,11,16,FULL,1780281123.748113,1780281123.748286,0.17309188842773438,decode,1,0,452712,0.0,0.0,0
forward_start,1780281123.7583776,12,12,12,16,FULL,1780281123.7583776,1780281123.7585797,0.202178955078125,decode,0,0,452715,0.0,0.0,0
forward_start,1780281123.7584095,11,11,11,16,FULL,1780281123.7584095,1780281123.758587,0.1773834228515625,decode,1,0,452712,0.0,0.0,0
forward_start,1780281123.767738,11,11,11,16,FULL,1780281123.767738,1780281123.7679088,0.17070770263671875,decode,1,0,452712,0.0,0.0,0
forward_start,1780281123.7678063,12,12,12,16,FULL,1780281123.7678063,1780281123.7680094,0.20313262939453125,decode,0,0,452715,0.0,0.0,0
forward_start,1780281123.7776346,10,10,10,16,FULL,1780281123.7776346,1780281123.777808,0.17333030700683594,decode,1,0,452712,0.0,0.0,0
forward_start,1780281123.7776806,12,12,12,16,FULL,1780281123.7776806,1780281123.7778897,0.2090930938720703,decode,0,0,452715,0.0,0.0,0
forward_start,1780281123.7874205,10,10,10,16,FULL,1780281123.7874205,1780281123.7875926,0.17213821411132812,decode,1,0,452712,0.0,0.0,0
forward_start,1780281123.7874823,12,12,12,16,FULL,1780281123.7874823,1780281123.7876902,0.2079010009765625,decode,0,0,452715,0.0,0.0,0
forward_start,1780281123.7977974,10,10,10,16,FULL,1780281123.7977974,1780281123.7979712,0.17380714416503906,decode,1,0,452712,0.0,0.0,0
forward_start,1780281123.7978108,10,10,10,16,FULL,1780281123.7978108,1780281123.7980137,0.2028942108154297,decode,0,0,452715,0.0,0.0,0
forward_start,1780281123.8075387,10,10,10,16,FULL,1780281123.8075387,1780281123.8077202,0.18143653869628906,decode,1,0,452712,0.0,0.0,0
forward_start,1780281123.80759,10,10,10,16,FULL,1780281123.80759,1780281123.8077955,0.20551681518554688,decode,0,0,452715,0.0,0.0,0
forward_start,1780281123.8175428,10,10,10,16,FULL,1780281123.8175428,1780281123.8177192,0.17642974853515625,decode,1,0,452712,0.0,0.0,0
forward_start,1780281123.8175783,10,10,10,16,FULL,1780281123.8175783,1780281123.8177793,0.2009868621826172,decode,0,0,452715,0.0,0.0,0
forward_start,1780281123.827261,10,10,10,16,FULL,1780281123.827261,1780281123.8274963,0.2353191375732422,decode,0,0,452715,0.0,0.0,0
forward_start,1780281123.827368,10,10,10,16,FULL,1780281123.827368,1780281123.8275487,0.18072128295898438,decode,1,0,452712,0.0,0.0,0
forward_start,1780281123.837223,10,10,10,16,FULL,1780281123.837223,1780281123.837449,0.22602081298828125,decode,0,0,452715,0.0,0.0,0
forward_start,1780281123.8372588,10,10,10,16,FULL,1780281123.8372588,1780281123.837445,0.1862049102783203,decode,1,0,452712,0.0,0.0,0
forward_start,1780281123.84717,10,10,10,16,FULL,1780281123.84717,1780281123.8473873,0.21719932556152344,decode,0,0,452715,0.0,0.0,0
forward_start,1780281123.847199,10,10,10,16,FULL,1780281123.847199,1780281123.8473947,0.1957416534423828,decode,1,0,452712,0.0,0.0,0
forward_start,1780281123.8573115,10,10,10,16,FULL,1780281123.8573115,1780281123.85754,0.22840499877929688,decode,0,0,452715,0.0,0.0,0
forward_start,1780281123.857356,10,10,10,16,FULL,1780281123.857356,1780281123.8575308,0.1747608184814453,decode,1,0,452712,0.0,0.0,0
forward_start,1780281123.867178,10,10,10,16,FULL,1780281123.867178,1780281123.8673966,0.2186298370361328,decode,0,0,452715,0.0,0.0,0
forward_start,1780281123.8671918,9,9,9,16,FULL,1780281123.8671918,1780281123.86739,0.19812583923339844,decode,1,0,452712,0.0,0.0,0
forward_start,1780281123.8771524,10,10,10,16,FULL,1780281123.8771524,1780281123.8773627,0.21028518676757812,decode,0,0,452715,0.0,0.0,0
forward_start,1780281123.8772213,9,9,9,16,FULL,1780281123.8772213,1780281123.8774204,0.1990795135498047,decode,1,0,452712,0.0,0.0,0
forward_start,1780281123.886757,10,10,10,16,FULL,1780281123.886757,1780281123.88695,0.19311904907226562,decode,0,0,452715,0.0,0.0,0
forward_start,1780281123.886769,9,9,9,16,FULL,1780281123.886769,1780281123.8869402,0.17118453979492188,decode,1,0,452712,0.0,0.0,0
forward_start,1780281123.8968327,9,9,9,16,FULL,1780281123.8968327,1780281123.8970048,0.17213821411132812,decode,1,0,452712,0.0,0.0,0
forward_start,1780281123.896854,10,10,10,16,FULL,1780281123.896854,1780281123.8970516,0.1976490020751953,decode,0,0,452715,0.0,0.0,0
forward_start,1780281123.9067748,10,10,10,16,FULL,1780281123.9067748,1780281123.906965,0.19025802612304688,decode,0,0,452715,0.0,0.0,0
forward_start,1780281123.9067962,9,9,9,16,FULL,1780281123.9067962,1780281123.9069724,0.1761913299560547,decode,1,0,452712,0.0,0.0,0
forward_start,1780281123.9166741,10,10,10,16,FULL,1780281123.9166741,1780281123.916867,0.19288063049316406,decode,0,0,452715,0.0,0.0,0
forward_start,1780281123.9166777,9,9,9,16,FULL,1780281123.9166777,1780281123.9168477,0.16999244689941406,decode,1,0,452712,0.0,0.0,0
forward_start,1780281123.9266453,9,9,9,16,FULL,1780281123.9266453,1780281123.926823,0.17762184143066406,decode,1,0,452712,0.0,0.0,0
forward_start,1780281123.9266706,10,10,10,16,FULL,1780281123.9266706,1780281123.9268758,0.2052783966064453,decode,0,0,452715,0.0,0.0,0
forward_start,1780281123.9364505,9,9,9,16,FULL,1780281123.9364505,1780281123.9366398,0.18930435180664062,decode,1,0,452712,0.0,0.0,0
forward_start,1780281123.9365022,10,10,10,16,FULL,1780281123.9365022,1780281123.936718,0.21576881408691406,decode,0,0,452715,0.0,0.0,0
forward_start,1780281123.946218,10,10,10,16,FULL,1780281123.946218,1780281123.9464452,0.22721290588378906,decode,0,0,452715,0.0,0.0,0
forward_start,1780281123.9462698,9,9,9,16,FULL,1780281123.9462698,1780281123.946468,0.1983642578125,decode,1,0,452712,0.0,0.0,0
forward_start,1780281123.9561577,9,9,9,16,FULL,1780281123.9561577,1780281123.956332,0.1742839813232422,decode,1,0,452712,0.0,0.0,0
forward_start,1780281123.9561942,10,10,10,16,FULL,1780281123.9561942,1780281123.9564278,0.23365020751953125,decode,0,0,452715,0.0,0.0,0
forward_start,1780281123.9659011,10,10,10,16,FULL,1780281123.9659011,1780281123.9660938,0.1926422119140625,decode,0,0,452715,0.0,0.0,0
forward_start,1780281123.9659035,9,9,9,16,FULL,1780281123.9659035,1780281123.9660764,0.1728534698486328,decode,1,0,452712,0.0,0.0,0
forward_start,1780281123.9760525,10,10,10,16,FULL,1780281123.9760525,1780281123.9762497,0.1971721649169922,decode,0,0,452715,0.0,0.0,0
forward_start,1780281123.976111,9,9,9,16,FULL,1780281123.976111,1780281123.9762905,0.17952919006347656,decode,1,0,452712,0.0,0.0,0
forward_start,1780281123.9859843,10,10,10,16,FULL,1780281123.9859843,1780281123.9861789,0.194549560546875,decode,0,0,452715,0.0,0.0,0
forward_start,1780281123.986019,9,9,9,16,FULL,1780281123.986019,1780281123.986192,0.17309188842773438,decode,1,0,452712,0.0,0.0,0
forward_start,1780281123.9960616,10,10,10,16,FULL,1780281123.9960616,1780281123.9962573,0.1957416534423828,decode,0,0,452715,0.0,0.0,0
forward_start,1780281123.9961228,9,9,9,16,FULL,1780281123.9961228,1780281123.9962993,0.17642974853515625,decode,1,0,452712,0.0,0.0,0
forward_start,1780281124.0059133,10,10,10,16,FULL,1780281124.0059133,1780281124.0061083,0.19502639770507812,decode,0,0,452715,0.0,0.0,0
forward_start,1780281124.0059466,9,9,9,16,FULL,1780281124.0059466,1780281124.0061212,0.17452239990234375,decode,1,0,452712,0.0,0.0,0
forward_start,1780281124.0159526,10,10,10,16,FULL,1780281124.0159526,1780281124.0161445,0.1919269561767578,decode,0,0,452715,0.0,0.0,0
forward_start,1780281124.0159686,9,9,9,16,FULL,1780281124.0159686,1780281124.016141,0.1723766326904297,decode,1,0,452712,0.0,0.0,0
forward_start,1780281124.0260608,9,9,9,16,FULL,1780281124.0260608,1780281124.026249,0.1881122589111328,decode,0,0,452715,0.0,0.0,0
forward_start,1780281124.0260615,9,9,9,16,FULL,1780281124.0260615,1780281124.0262325,0.1709461212158203,decode,1,0,452712,0.0,0.0,0
forward_start,1780281124.0359485,9,9,9,16,FULL,1780281124.0359485,1780281124.0361395,0.19097328186035156,decode,0,0,452715,0.0,0.0,0
forward_start,1780281124.0360074,9,9,9,16,FULL,1780281124.0360074,1780281124.0361884,0.18095970153808594,decode,1,0,452712,0.0,0.0,0
forward_start,1780281124.0457857,9,9,9,16,FULL,1780281124.0457857,1780281124.0459783,0.1926422119140625,decode,0,0,452715,0.0,0.0,0
forward_start,1780281124.045826,9,9,9,16,FULL,1780281124.045826,1780281124.046006,0.1800060272216797,decode,1,0,452712,0.0,0.0,0
forward_start,1780281124.0556455,9,9,9,16,FULL,1780281124.0556455,1780281124.0558352,0.18978118896484375,decode,0,0,452715,0.0,0.0,0
forward_start,1780281124.0556605,9,9,9,16,FULL,1780281124.0556605,1780281124.0558317,0.17118453979492188,decode,1,0,452712,0.0,0.0,0
forward_start,1780281124.0655193,9,9,9,16,FULL,1780281124.0655193,1780281124.065712,0.1926422119140625,decode,0,0,452715,0.0,0.0,0
forward_start,1780281124.0655327,9,9,9,16,FULL,1780281124.0655327,1780281124.0657036,0.1709461212158203,decode,1,0,452712,0.0,0.0,0
forward_start,1780281124.0759797,9,9,9,16,FULL,1780281124.0759797,1780281124.0761735,0.1938343048095703,decode,0,0,452715,0.0,0.0,0
forward_start,1780281124.076044,9,9,9,16,FULL,1780281124.076044,1780281124.0762262,0.18215179443359375,decode,1,0,452712,0.0,0.0,0
forward_start,1780281124.0851858,9,9,9,16,FULL,1780281124.0851858,1780281124.085399,0.21314620971679688,decode,0,0,452715,0.0,0.0,0
forward_start,1780281124.0852284,9,9,9,16,FULL,1780281124.0852284,1780281124.0854225,0.19407272338867188,decode,1,0,452712,0.0,0.0,0
forward_start,1780281124.0951135,9,9,9,16,FULL,1780281124.0951135,1780281124.0953074,0.1938343048095703,decode,0,0,452715,0.0,0.0,0
forward_start,1780281124.095123,9,9,9,16,FULL,1780281124.095123,1780281124.0952988,0.17571449279785156,decode,1,0,452712,0.0,0.0,0
forward_start,1780281124.1052732,9,9,9,16,FULL,1780281124.1052732,1780281124.1055002,0.2269744873046875,decode,0,0,452715,0.0,0.0,0
forward_start,1780281124.1053145,9,9,9,16,FULL,1780281124.1053145,1780281124.1055102,0.1957416534423828,decode,1,0,452712,0.0,0.0,0
forward_start,1780281124.115185,9,9,9,16,FULL,1780281124.115185,1780281124.115397,0.21195411682128906,decode,0,0,452715,0.0,0.0,0
forward_start,1780281124.1152368,9,9,9,16,FULL,1780281124.1152368,1780281124.115429,0.19216537475585938,decode,1,0,452712,0.0,0.0,0
forward_start,1780281124.124912,9,9,9,16,FULL,1780281124.124912,1780281124.1251068,0.19478797912597656,decode,0,0,452715,0.0,0.0,0
forward_start,1780281124.1249166,9,9,9,16,FULL,1780281124.1249166,1780281124.1250904,0.17380714416503906,decode,1,0,452712,0.0,0.0,0
forward_start,1780281124.1350517,9,9,9,16,FULL,1780281124.1350517,1780281124.1352427,0.19097328186035156,decode,0,0,452715,0.0,0.0,0
forward_start,1780281124.1350915,9,9,9,16,FULL,1780281124.1350915,1780281124.1352732,0.18167495727539062,decode,1,0,452712,0.0,0.0,0
forward_start,1780281124.1447835,9,9,9,16,FULL,1780281124.1447835,1780281124.1449854,0.20194053649902344,decode,0,0,452715,0.0,0.0,0
forward_start,1780281124.1447935,9,9,9,16,FULL,1780281124.1447935,1780281124.1449747,0.1811981201171875,decode,1,0,452712,0.0,0.0,0
forward_start,1780281124.1547909,8,8,8,16,FULL,1780281124.1547909,1780281124.1549861,0.1952648162841797,decode,0,0,452715,0.0,0.0,0
forward_start,1780281124.154838,9,9,9,16,FULL,1780281124.154838,1780281124.1550086,0.1704692840576172,decode,1,0,452712,0.0,0.0,0
forward_start,1780281124.1650286,8,8,8,8,FULL,1780281124.1650286,1780281124.1654744,0.4458427429199219,decode,0,0,452715,0.0,0.0,0
forward_start,1780281124.1650538,8,8,8,8,FULL,1780281124.1650538,1780281124.1657956,0.7417201995849609,decode,1,0,452712,0.0,0.0,0
forward_start,1780281124.1836433,8,8,8,8,FULL,1780281124.1836433,1780281124.1839676,0.324249267578125,decode,0,0,452715,0.0,0.0,0
forward_start,1780281124.183891,8,8,8,8,FULL,1780281124.183891,1780281124.1841204,0.22935867309570312,decode,1,0,452712,0.0,0.0,0
forward_start,1780281124.1866615,8,8,8,8,FULL,1780281124.1866615,1780281124.186924,0.2624988555908203,decode,0,0,452715,0.0,0.0,0
forward_start,1780281124.1866708,8,8,8,8,FULL,1780281124.1866708,1780281124.1868546,0.1838207244873047,decode,1,0,452712,0.0,0.0,0
forward_start,1780281124.1943173,8,8,8,8,FULL,1780281124.1943173,1780281124.1945946,0.2772808074951172,decode,0,0,452715,0.0,0.0,0
forward_start,1780281124.1943796,8,8,8,8,FULL,1780281124.1943796,1780281124.1945543,0.1747608184814453,decode,1,0,452712,0.0,0.0,0
forward_start,1780281124.2033331,8,8,8,8,FULL,1780281124.2033331,1780281124.2036116,0.278472900390625,decode,0,0,452715,0.0,0.0,0
forward_start,1780281124.2034056,8,8,8,8,FULL,1780281124.2034056,1780281124.2035906,0.1850128173828125,decode,1,0,452712,0.0,0.0,0
forward_start,1780281124.2120333,8,8,8,8,FULL,1780281124.2120333,1780281124.212265,0.23174285888671875,decode,0,0,452715,0.0,0.0,0
forward_start,1780281124.212102,8,8,8,8,FULL,1780281124.212102,1780281124.2122831,0.1811981201171875,decode,1,0,452712,0.0,0.0,0
forward_start,1780281124.2208247,8,8,8,8,FULL,1780281124.2208247,1780281124.2210128,0.1881122589111328,decode,1,0,452712,0.0,0.0,0
forward_start,1780281124.2208843,8,8,8,8,FULL,1780281124.2208843,1780281124.221133,0.2486705780029297,decode,0,0,452715,0.0,0.0,0
forward_start,1780281124.2293289,8,8,8,8,FULL,1780281124.2293289,1780281124.229582,0.2532005310058594,decode,0,0,452715,0.0,0.0,0
forward_start,1780281124.2294154,8,8,8,8,FULL,1780281124.2294154,1780281124.2295983,0.18286705017089844,decode,1,0,452712,0.0,0.0,0
forward_start,1780281124.2382343,8,8,8,8,FULL,1780281124.2382343,1780281124.2384806,0.24628639221191406,decode,0,0,452715,0.0,0.0,0
forward_start,1780281124.2383032,8,8,8,8,FULL,1780281124.2383032,1780281124.2385051,0.20194053649902344,decode,1,0,452712,0.0,0.0,0
forward_start,1780281124.2471807,8,8,8,8,FULL,1780281124.2471807,1780281124.2474225,0.24175643920898438,decode,0,0,452715,0.0,0.0,0
forward_start,1780281124.247224,8,8,8,8,FULL,1780281124.247224,1780281124.2474208,0.19669532775878906,decode,1,0,452712,0.0,0.0,0
forward_start,1780281124.2562652,8,8,8,8,FULL,1780281124.2562652,1780281124.2565193,0.2541542053222656,decode,0,0,452715,0.0,0.0,0
forward_start,1780281124.2563877,7,7,7,8,FULL,1780281124.2563877,1780281124.2565696,0.1819133758544922,decode,1,0,452712,0.0,0.0,0
forward_start,1780281124.3757596,7,7,7,8,FULL,1780281124.3757596,1780281124.3759365,0.17690658569335938,decode,0,0,452715,0.0,0.0,0
forward_start,1780281124.3759613,7,7,7,8,FULL,1780281124.3759613,1780281124.376103,0.14162063598632812,decode,1,0,452712,0.0,0.0,0
forward_start,1780281124.3788683,7,7,7,8,FULL,1780281124.3788683,1780281124.3790689,0.20051002502441406,decode,0,0,452715,0.0,0.0,0
forward_start,1780281124.3788807,7,7,7,8,FULL,1780281124.3788807,1780281124.3790636,0.18286705017089844,decode,1,0,452712,0.0,0.0,0
forward_start,1780281124.3868818,6,6,6,8,FULL,1780281124.3868818,1780281124.3870695,0.1876354217529297,decode,0,0,452715,0.0,0.0,0
forward_start,1780281124.386916,7,7,7,8,FULL,1780281124.386916,1780281124.3870866,0.17070770263671875,decode,1,0,452712,0.0,0.0,0
forward_start,1780281124.3962193,6,6,6,8,FULL,1780281124.3962193,1780281124.3964508,0.2315044403076172,decode,0,0,452715,0.0,0.0,0
forward_start,1780281124.396278,6,6,6,8,FULL,1780281124.396278,1780281124.3964765,0.19860267639160156,decode,1,0,452712,0.0,0.0,0
forward_start,1780281124.405264,6,6,6,8,FULL,1780281124.405264,1780281124.4055014,0.23746490478515625,decode,0,0,452715,0.0,0.0,0
forward_start,1780281124.405291,6,6,6,8,FULL,1780281124.405291,1780281124.4054828,0.19168853759765625,decode,1,0,452712,0.0,0.0,0
forward_start,1780281124.4147074,6,6,6,8,FULL,1780281124.4147074,1780281124.4148793,0.17189979553222656,decode,1,0,452712,0.0,0.0,0
forward_start,1780281124.4147394,6,6,6,8,FULL,1780281124.4147394,1780281124.414941,0.20170211791992188,decode,0,0,452715,0.0,0.0,0
forward_start,1780281124.4239416,6,6,6,8,FULL,1780281124.4239416,1780281124.4241154,0.17380714416503906,decode,1,0,452712,0.0,0.0,0
forward_start,1780281124.4240005,6,6,6,8,FULL,1780281124.4240005,1780281124.4241982,0.1976490020751953,decode,0,0,452715,0.0,0.0,0
forward_start,1780281124.432808,6,6,6,8,FULL,1780281124.432808,1780281124.432997,0.18906593322753906,decode,0,0,452715,0.0,0.0,0
forward_start,1780281124.4328628,6,6,6,8,FULL,1780281124.4328628,1780281124.4330442,0.18143653869628906,decode,1,0,452712,0.0,0.0,0
forward_start,1780281124.442169,6,6,6,8,FULL,1780281124.442169,1780281124.4423883,0.2193450927734375,decode,0,0,452715,0.0,0.0,0
forward_start,1780281124.4422472,5,5,5,8,FULL,1780281124.4422472,1780281124.442455,0.2079010009765625,decode,1,0,452712,0.0,0.0,0
forward_start,1780281124.45125,6,6,6,8,FULL,1780281124.45125,1780281124.4514916,0.2415180206298828,decode,0,0,452715,0.0,0.0,0
forward_start,1780281124.451304,5,5,5,8,FULL,1780281124.451304,1780281124.451502,0.19812583923339844,decode,1,0,452712,0.0,0.0,0
forward_start,1780281124.4604015,6,6,6,8,FULL,1780281124.4604015,1780281124.460618,0.21648406982421875,decode,0,0,452715,0.0,0.0,0
forward_start,1780281124.46043,5,5,5,8,FULL,1780281124.46043,1780281124.4605994,0.16951560974121094,decode,1,0,452712,0.0,0.0,0
forward_start,1780281124.4696915,5,5,5,8,FULL,1780281124.4696915,1780281124.4698844,0.19288063049316406,decode,0,0,452715,0.0,0.0,0
forward_start,1780281124.469705,5,5,5,8,FULL,1780281124.469705,1780281124.4698772,0.17213821411132812,decode,1,0,452712,0.0,0.0,0
forward_start,1780281124.4796398,5,5,5,8,FULL,1780281124.4796398,1780281124.4798129,0.17309188842773438,decode,1,0,452712,0.0,0.0,0
forward_start,1780281124.4796488,5,5,5,8,FULL,1780281124.4796488,1780281124.479839,0.19025802612304688,decode,0,0,452715,0.0,0.0,0
forward_start,1780281124.488089,5,5,5,8,FULL,1780281124.488089,1780281124.4882834,0.19431114196777344,decode,0,0,452715,0.0,0.0,0
forward_start,1780281124.4881415,5,5,5,8,FULL,1780281124.4881415,1780281124.4883199,0.17833709716796875,decode,1,0,452712,0.0,0.0,0
forward_start,1780281124.4976025,5,5,5,8,FULL,1780281124.4976025,1780281124.4977765,0.17404556274414062,decode,1,0,452712,0.0,0.0,0
forward_start,1780281124.497672,5,5,5,8,FULL,1780281124.497672,1780281124.4978724,0.2002716064453125,decode,0,0,452715,0.0,0.0,0
forward_start,1780281124.5068908,5,5,5,8,FULL,1780281124.5068908,1780281124.5070784,0.1876354217529297,decode,0,0,452715,0.0,0.0,0
forward_start,1780281124.506901,5,5,5,8,FULL,1780281124.506901,1780281124.5070713,0.17023086547851562,decode,1,0,452712,0.0,0.0,0
forward_start,1780281124.5163064,5,5,5,8,FULL,1780281124.5163064,1780281124.516513,0.2067089080810547,decode,1,0,452712,0.0,0.0,0
forward_start,1780281124.5163805,5,5,5,8,FULL,1780281124.5163805,1780281124.5166132,0.232696533203125,decode,0,0,452715,0.0,0.0,0
forward_start,1780281124.5257006,5,5,5,8,FULL,1780281124.5257006,1780281124.5258734,0.1728534698486328,decode,1,0,452712,0.0,0.0,0
forward_start,1780281124.5257716,5,5,5,8,FULL,1780281124.5257716,1780281124.5259628,0.19121170043945312,decode,0,0,452715,0.0,0.0,0
forward_start,1780281124.5347626,5,5,5,8,FULL,1780281124.5347626,1780281124.534952,0.18930435180664062,decode,0,0,452715,0.0,0.0,0
forward_start,1780281124.534777,5,5,5,8,FULL,1780281124.534777,1780281124.5349483,0.17142295837402344,decode,1,0,452712,0.0,0.0,0
forward_start,1780281124.5443213,5,5,5,8,FULL,1780281124.5443213,1780281124.5445433,0.2219676971435547,decode,0,0,452715,0.0,0.0,0
forward_start,1780281124.544404,5,5,5,8,FULL,1780281124.544404,1780281124.544582,0.17786026000976562,decode,1,0,452712,0.0,0.0,0
forward_start,1780281124.5536606,5,5,5,8,FULL,1780281124.5536606,1780281124.5538526,0.1919269561767578,decode,0,0,452715,0.0,0.0,0
forward_start,1780281124.5536609,5,5,5,8,FULL,1780281124.5536609,1780281124.553829,0.16808509826660156,decode,1,0,452712,0.0,0.0,0
forward_start,1780281124.5627463,5,5,5,8,FULL,1780281124.5627463,1780281124.5629213,0.17499923706054688,decode,1,0,452712,0.0,0.0,0
forward_start,1780281124.5627465,5,5,5,8,FULL,1780281124.5627465,1780281124.562941,0.194549560546875,decode,0,0,452715,0.0,0.0,0
forward_start,1780281124.5721836,5,5,5,8,FULL,1780281124.5721836,1780281124.5724003,0.2167224884033203,decode,0,0,452715,0.0,0.0,0
forward_start,1780281124.572209,5,5,5,8,FULL,1780281124.572209,1780281124.5723977,0.1888275146484375,decode,1,0,452712,0.0,0.0,0
forward_start,1780281124.5816252,5,5,5,8,FULL,1780281124.5816252,1780281124.5817988,0.1735687255859375,decode,1,0,452712,0.0,0.0,0
forward_start,1780281124.5816255,5,5,5,8,FULL,1780281124.5816255,1780281124.5818152,0.18978118896484375,decode,0,0,452715,0.0,0.0,0
forward_start,1780281124.5907097,5,5,5,8,FULL,1780281124.5907097,1780281124.5908995,0.18978118896484375,decode,0,0,452715,0.0,0.0,0
forward_start,1780281124.590725,5,5,5,8,FULL,1780281124.590725,1780281124.5908976,0.17261505126953125,decode,1,0,452712,0.0,0.0,0
forward_start,1780281124.5999463,5,5,5,8,FULL,1780281124.5999463,1780281124.600138,0.19168853759765625,decode,0,0,452715,0.0,0.0,0
forward_start,1780281124.5999682,5,5,5,8,FULL,1780281124.5999682,1780281124.6001387,0.1704692840576172,decode,1,0,452712,0.0,0.0,0
forward_start,1780281124.6096306,5,5,5,8,FULL,1780281124.6096306,1780281124.6098053,0.1747608184814453,decode,1,0,452712,0.0,0.0,0
forward_start,1780281124.6096444,4,4,4,8,FULL,1780281124.6096444,1780281124.609837,0.1926422119140625,decode,0,0,452715,0.0,0.0,0
forward_start,1780281124.6187406,4,4,4,8,FULL,1780281124.6187406,1780281124.618935,0.194549560546875,decode,0,0,452715,0.0,0.0,0
forward_start,1780281124.6187763,5,5,5,8,FULL,1780281124.6187763,1780281124.6189482,0.17189979553222656,decode,1,0,452712,0.0,0.0,0
forward_start,1780281124.6279964,4,4,4,8,FULL,1780281124.6279964,1780281124.6281874,0.19097328186035156,decode,0,0,452715,0.0,0.0,0
forward_start,1780281124.6280177,5,5,5,8,FULL,1780281124.6280177,1780281124.6281927,0.17499923706054688,decode,1,0,452712,0.0,0.0,0
forward_start,1780281124.6372254,4,4,4,8,FULL,1780281124.6372254,1780281124.6374555,0.2300739288330078,decode,0,0,452715,0.0,0.0,0
forward_start,1780281124.6372585,5,5,5,8,FULL,1780281124.6372585,1780281124.6374502,0.19168853759765625,decode,1,0,452712,0.0,0.0,0
forward_start,1780281124.6463213,4,4,4,8,FULL,1780281124.6463213,1780281124.6465502,0.2288818359375,decode,0,0,452715,0.0,0.0,0
forward_start,1780281124.64641,5,5,5,8,FULL,1780281124.64641,1780281124.6465907,0.18072128295898438,decode,1,0,452712,0.0,0.0,0
forward_start,1780281124.6555889,4,4,4,8,FULL,1780281124.6555889,1780281124.6557848,0.19598007202148438,decode,0,0,452715,0.0,0.0,0
forward_start,1780281124.6555996,5,5,5,8,FULL,1780281124.6555996,1780281124.6557758,0.1761913299560547,decode,1,0,452712,0.0,0.0,0
forward_start,1780281124.6642926,4,4,4,8,FULL,1780281124.6642926,1780281124.6645248,0.23221969604492188,decode,0,0,452715,0.0,0.0,0
forward_start,1780281124.6643193,5,5,5,8,FULL,1780281124.6643193,1780281124.664513,0.1938343048095703,decode,1,0,452712,0.0,0.0,0
forward_start,1780281124.6737154,4,4,4,4,FULL,1780281124.6737154,1780281124.6743941,0.6787776947021484,decode,1,0,452712,0.0,0.0,0
forward_start,1780281124.6737194,3,3,3,4,FULL,1780281124.6737194,1780281124.6741083,0.38886070251464844,decode,0,0,452715,0.0,0.0,0
forward_start,1780281124.6828778,3,3,3,4,FULL,1780281124.6828778,1780281124.6832411,0.36334991455078125,decode,0,0,452715,0.0,0.0,0
forward_start,1780281124.682878,4,4,4,4,FULL,1780281124.682878,1780281124.6831262,0.24819374084472656,decode,1,0,452712,0.0,0.0,0
forward_start,1780281124.6910067,4,4,4,4,FULL,1780281124.6910067,1780281124.6911955,0.1888275146484375,decode,1,0,452712,0.0,0.0,0
forward_start,1780281124.6910663,3,3,3,4,FULL,1780281124.6910663,1780281124.6913319,0.2655982971191406,decode,0,0,452715,0.0,0.0,0
forward_start,1780281124.698906,4,4,4,4,FULL,1780281124.698906,1780281124.6990864,0.1804828643798828,decode,1,0,452712,0.0,0.0,0
forward_start,1780281124.6989493,3,3,3,4,FULL,1780281124.6989493,1780281124.6991928,0.2434253692626953,decode,0,0,452715,0.0,0.0,0
forward_start,1780281124.706796,4,4,4,4,FULL,1780281124.706796,1780281124.7069678,0.17189979553222656,decode,1,0,452712,0.0,0.0,0
forward_start,1780281124.7068093,3,3,3,4,FULL,1780281124.7068093,1780281124.707043,0.23365020751953125,decode,0,0,452715,0.0,0.0,0
forward_start,1780281124.714605,4,4,4,4,FULL,1780281124.714605,1780281124.7147772,0.17213821411132812,decode,1,0,452712,0.0,0.0,0
forward_start,1780281124.714632,3,3,3,4,FULL,1780281124.714632,1780281124.7148526,0.2205371856689453,decode,0,0,452715,0.0,0.0,0
forward_start,1780281124.7228591,3,3,3,4,FULL,1780281124.7228591,1780281124.723079,0.21982192993164062,decode,0,0,452715,0.0,0.0,0
forward_start,1780281124.7228673,4,4,4,4,FULL,1780281124.7228673,1780281124.7230434,0.1761913299560547,decode,1,0,452712,0.0,0.0,0
forward_start,1780281124.7307618,4,4,4,4,FULL,1780281124.7307618,1780281124.7309349,0.17309188842773438,decode,1,0,452712,0.0,0.0,0
forward_start,1780281124.7308326,3,3,3,4,FULL,1780281124.7308326,1780281124.7310534,0.22077560424804688,decode,0,0,452715,0.0,0.0,0
forward_start,1780281124.7390828,4,4,4,4,FULL,1780281124.7390828,1780281124.7392676,0.18477439880371094,decode,1,0,452712,0.0,0.0,0
forward_start,1780281124.739145,3,3,3,4,FULL,1780281124.739145,1780281124.7394075,0.2624988555908203,decode,0,0,452715,0.0,0.0,0
forward_start,1780281124.7471395,4,4,4,4,FULL,1780281124.7471395,1780281124.7473142,0.1747608184814453,decode,1,0,452712,0.0,0.0,0
forward_start,1780281124.747206,3,3,3,4,FULL,1780281124.747206,1780281124.747453,0.24700164794921875,decode,0,0,452715,0.0,0.0,0
forward_start,1780281124.7552416,4,4,4,4,FULL,1780281124.7552416,1780281124.7554493,0.20766258239746094,decode,1,0,452712,0.0,0.0,0
forward_start,1780281124.7553115,3,3,3,4,FULL,1780281124.7553115,1780281124.7555969,0.2853870391845703,decode,0,0,452715,0.0,0.0,0
forward_start,1780281124.7635312,4,4,4,4,FULL,1780281124.7635312,1780281124.7637057,0.17452239990234375,decode,1,0,452712,0.0,0.0,0
forward_start,1780281124.7635396,3,3,3,4,FULL,1780281124.7635396,1780281124.763737,0.19741058349609375,decode,0,0,452715,0.0,0.0,0
forward_start,1780281124.7712233,4,4,4,4,FULL,1780281124.7712233,1780281124.7714143,0.19097328186035156,decode,1,0,452712,0.0,0.0,0
forward_start,1780281124.7712247,3,3,3,4,FULL,1780281124.7712247,1780281124.7714686,0.24390220642089844,decode,0,0,452715,0.0,0.0,0
forward_start,1780281124.7793927,4,4,4,4,FULL,1780281124.7793927,1780281124.7795668,0.17404556274414062,decode,1,0,452712,0.0,0.0,0
forward_start,1780281124.779464,3,3,3,4,FULL,1780281124.779464,1780281124.7796764,0.2124309539794922,decode,0,0,452715,0.0,0.0,0
forward_start,1780281124.7875066,4,4,4,4,FULL,1780281124.7875066,1780281124.7876813,0.1747608184814453,decode,1,0,452712,0.0,0.0,0
forward_start,1780281124.787596,3,3,3,4,FULL,1780281124.787596,1780281124.7878053,0.20933151245117188,decode,0,0,452715,0.0,0.0,0
forward_start,1780281124.7953334,3,3,3,4,FULL,1780281124.7953334,1780281124.7955828,0.24938583374023438,decode,0,0,452715,0.0,0.0,0
forward_start,1780281124.7953544,4,4,4,4,FULL,1780281124.7953544,1780281124.7955248,0.1704692840576172,decode,1,0,452712,0.0,0.0,0
forward_start,1780281124.8037803,4,4,4,4,FULL,1780281124.8037803,1780281124.8039536,0.17333030700683594,decode,1,0,452712,0.0,0.0,0
forward_start,1780281124.8038723,2,2,2,4,FULL,1780281124.8038723,1780281124.8040788,0.20647048950195312,decode,0,0,452715,0.0,0.0,0
forward_start,1780281124.81175,3,3,3,4,FULL,1780281124.81175,1780281124.8119173,0.16736984252929688,decode,1,0,452712,0.0,0.0,0
forward_start,1780281124.8118513,2,2,2,4,FULL,1780281124.8118513,1780281124.812053,0.20170211791992188,decode,0,0,452715,0.0,0.0,0
forward_start,1780281124.8200629,1,1,1,4,FULL,1780281124.8200629,1780281124.8202643,0.2014636993408203,decode,0,0,452715,0.0,0.0,0
forward_start,1780281124.820077,3,3,3,4,FULL,1780281124.820077,1780281124.820259,0.18215179443359375,decode,1,0,452712,0.0,0.0,0
forward_start,1780281124.828089,3,3,3,4,FULL,1780281124.828089,1780281124.8282578,0.16880035400390625,decode,1,0,452712,0.0,0.0,0
forward_start,1780281124.8281164,1,1,1,4,FULL,1780281124.8281164,1780281124.8283198,0.2033710479736328,decode,0,0,452715,0.0,0.0,0
forward_start,1780281124.8358493,3,3,3,4,FULL,1780281124.8358493,1780281124.8360255,0.1761913299560547,decode,1,0,452712,0.0,0.0,0
forward_start,1780281124.8359694,1,1,1,4,FULL,1780281124.8359694,1780281124.8361862,0.2167224884033203,decode,0,0,452715,0.0,0.0,0
forward_start,1780281124.843844,3,3,3,4,FULL,1780281124.843844,1780281124.8440158,0.17189979553222656,decode,1,0,452712,0.0,0.0,0
forward_start,1780281124.8439567,1,1,1,4,FULL,1780281124.8439567,1780281124.8441653,0.2086162567138672,decode,0,0,452715,0.0,0.0,0
forward_start,1780281124.8522577,2,2,2,2,FULL,1780281124.8522577,1780281124.8529532,0.6954669952392578,decode,1,0,452712,0.0,0.0,0
forward_start,1780281124.8522894,1,1,1,2,FULL,1780281124.8522894,1780281124.8527417,0.45228004455566406,decode,0,0,452715,0.0,0.0,0
forward_start,1780281124.8598855,2,2,2,2,FULL,1780281124.8598855,1780281124.860141,0.255584716796875,decode,1,0,452712,0.0,0.0,0
forward_start,1780281124.859968,1,1,1,2,FULL,1780281124.859968,1780281124.86029,0.32210350036621094,decode,0,0,452715,0.0,0.0,0
forward_start,1780281124.8671682,2,2,2,2,FULL,1780281124.8671682,1780281124.8673701,0.20194053649902344,decode,1,0,452712,0.0,0.0,0
forward_start,1780281124.8672342,1,1,1,2,FULL,1780281124.8672342,1780281124.8675756,0.3414154052734375,decode,0,0,452715,0.0,0.0,0
forward_start,1780281124.8741183,2,2,2,2,FULL,1780281124.8741183,1780281124.8742914,0.17309188842773438,decode,1,0,452712,0.0,0.0,0
forward_start,1780281124.8741713,1,1,1,2,FULL,1780281124.8741713,1780281124.8744988,0.3275871276855469,decode,0,0,452715,0.0,0.0,0
forward_start,1780281124.8812153,2,2,2,2,FULL,1780281124.8812153,1780281124.881413,0.1976490020751953,decode,1,0,452712,0.0,0.0,0
forward_start,1780281124.8812828,1,1,1,2,FULL,1780281124.8812828,1780281124.8815908,0.30803680419921875,decode,0,0,452715,0.0,0.0,0
forward_start,1780281124.8951197,2,2,2,2,FULL,1780281124.8951197,1780281124.895257,0.1373291015625,decode,1,0,452712,0.0,0.0,0
forward_start,1780281124.8975317,2,2,2,2,FULL,1780281124.8975317,1780281124.8977077,0.17595291137695312,decode,1,0,452712,0.0,0.0,0
forward_start,1780281124.9038444,2,2,2,2,FULL,1780281124.9038444,1780281124.9040256,0.1811981201171875,decode,1,0,452712,0.0,0.0,0
forward_start,1780281124.9108624,2,2,2,2,FULL,1780281124.9108624,1780281124.911037,0.17452239990234375,decode,1,0,452712,0.0,0.0,0
forward_start,1780281124.9177961,2,2,2,2,FULL,1780281124.9177961,1780281124.917969,0.1728534698486328,decode,1,0,452712,0.0,0.0,0
forward_start,1780281124.924874,2,2,2,2,FULL,1780281124.924874,1780281124.9250476,0.1735687255859375,decode,1,0,452712,0.0,0.0,0
forward_start,1780281124.9318054,2,2,2,2,FULL,1780281124.9318054,1780281124.9319785,0.17309188842773438,decode,1,0,452712,0.0,0.0,0
forward_start,1780281124.938858,2,2,2,2,FULL,1780281124.938858,1780281124.939034,0.17595291137695312,decode,1,0,452712,0.0,0.0,0
forward_start,1780281124.9459229,2,2,2,2,FULL,1780281124.9459229,1780281124.9460979,0.17499923706054688,decode,1,0,452712,0.0,0.0,0
forward_start,1780281124.9529023,2,2,2,2,FULL,1780281124.9529023,1780281124.9530792,0.17690658569335938,decode,1,0,452712,0.0,0.0,0
forward_start,1780281124.959927,2,2,2,2,FULL,1780281124.959927,1780281124.9601007,0.1735687255859375,decode,1,0,452712,0.0,0.0,0
forward_start,1780281124.9669445,2,2,2,2,FULL,1780281124.9669445,1780281124.9671216,0.17714500427246094,decode,1,0,452712,0.0,0.0,0
forward_start,1780281124.9807463,1,1,1,1,FULL,1780281124.9807463,1780281124.9814174,0.6711483001708984,decode,1,0,452712,0.0,0.0,0
